450.000000	91.000000	31.000000	37.000000
447.872299	96.712329	30.856921	37.499032
441.794322	100.096713	31.146170	36.572330
434.857902	101.468927	30.868849	36.952350
430.362676	103.508573	30.535409	37.101472
426.089322	104.352484	30.586622	37.606777
420.690271	105.524982	31.686275	36.982794
418.412317	107.709339	29.548755	37.012721
412.031986	108.049497	30.244765	36.927500
407.932696	109.777011	28.834991	36.840522
404.235720	111.157159	30.268383	36.760959
403.409954	111.563939	31.489412	37.476901
404.434985	114.884187	30.700207	37.666216
400.130443	115.201876	31.215639	41.206200
385.544102	125.922596	30.315613	36.060266
400.139335	126.712102	32.124631	35.204575
400.797912	128.548814	28.655602	34.504997
396.170444	132.006436	30.623232	38.039508
395.065884	137.571754	31.138821	35.253653
393.393598	139.339330	31.828473	36.240896
394.339705	141.326444	30.889071	36.619844
394.239349	144.582280	31.294325	36.852561
393.566347	144.908295	30.706786	36.844271
391.025059	144.473441	30.919690	36.952347
388.719535	141.964900	30.423864	36.869578
388.503233	139.351907	30.889429	37.048097
387.824582	137.558070	32.342284	37.547799
383.906852	138.463697	31.070060	36.770359
381.017552	133.580685	30.858037	36.918782
381.082293	133.379928	31.040715	37.239081
380.706912	132.716701	30.989128	37.262707
382.781942	132.990207	30.986217	37.316132
381.316181	138.235841	30.666500	36.420715
378.584720	141.772906	31.222621	36.810242
374.947397	144.094293	30.945197	36.349344
368.513803	145.696366	31.525230	37.783235
373.702462	142.906706	30.244557	39.020930
376.878631	143.062553	31.200628	36.642752
378.825156	142.026804	30.943384	37.021219
380.054721	143.979992	30.374469	36.415318
379.241817	144.211032	30.724001	37.500342
378.941867	143.556547	31.131476	36.392901
378.820543	142.421805	30.907429	36.085704
375.050468	143.814960	30.490518	36.801914
373.323841	143.307777	31.061649	36.383373
372.419482	142.478428	31.158399	36.763708
375.311186	144.930823	30.921218	37.116673
375.706897	147.408733	30.894066	37.436937
376.112900	148.374825	31.037602	37.345471
376.253063	150.984672	31.343201	37.732213
375.998025	154.241510	29.842739	36.764104
377.584496	150.189452	29.260867	38.923638
375.377360	152.785166	31.497795	36.897879
376.612833	156.501594	30.460711	36.532037
380.443224	160.543245	30.365272	36.401499
380.240791	160.705317	31.518562	37.316063
380.378986	161.590508	30.201683	37.563284
382.782539	162.180301	30.031405	36.075174
384.491886	161.172397	30.805934	35.922086
385.844737	159.322786	30.755050	37.469008
385.542734	159.172949	30.819378	37.175572
383.356658	159.648124	31.240358	37.104095
383.188150	160.292414	30.861103	36.525036
384.783674	161.978541	30.885587	37.627597
384.379691	166.125149	30.580803	36.645892
384.481702	167.407503	31.675293	38.135660
385.688672	172.044411	28.782031	35.742836
385.858747	169.358865	29.062544	38.206252
385.234993	171.372432	30.802727	36.499375
386.116910	173.050477	30.617978	36.915491
385.477307	175.837741	31.078691	36.343140
386.412652	176.419398	31.479445	36.077275
388.187967	176.293750	30.437065	37.338607
390.279706	177.600071	30.610206	37.010013
391.949364	176.422280	30.515526	35.008270
390.448181	176.873188	31.580753	37.393877
388.134356	176.579220	31.063952	36.566464
384.714546	174.732101	31.365001	37.447613
384.556015	175.908678	30.384097	37.217375
385.619710	178.446811	30.545602	37.769504
385.686588	181.060517	30.977062	36.998297
385.253068	182.565323	30.188165	36.893639
384.691530	181.979526	30.801131	36.250809
384.500489	181.832529	31.116131	37.474261
384.698542	181.370206	31.304018	37.040598
385.083800	181.362759	30.604376	36.678048
384.460434	181.996215	31.347775	36.749973
383.737190	182.998649	31.776154	37.772497
382.520614	187.506470	30.689679	36.762936
380.746236	188.610721	30.932966	35.982171
378.626760	186.944759	30.270156	37.003811
378.727041	186.591870	30.636842	36.817708
378.511229	186.393529	31.169957	37.314245
377.317893	186.090702	31.474640	37.016763
376.170208	185.707389	31.062654	37.495480
377.159772	187.237910	30.579478	36.015367
376.752481	187.240336	31.536043	37.261674
375.226483	187.656739	30.974832	36.161766
373.785925	187.227668	30.869720	37.358583
373.119135	188.632339	30.541680	36.752059
373.259561	189.080689	30.955802	36.940870
372.050627	188.753135	30.467949	37.304239
371.155115	189.930781	30.676720	36.889678
371.291963	191.025178	30.347781	36.982663
370.319631	190.081362	30.838318	37.062571
368.761774	190.522964	30.617923	36.559911
365.812425	189.385102	31.382937	36.891804
367.131860	188.059378	30.979468	37.221481
367.204010	187.093016	31.016974	37.013075
365.999202	186.464080	31.124687	36.899272
365.302941	185.992913	30.493179	36.634164
363.096605	183.760291	31.071857	37.518170
363.504406	183.975270	30.585538	36.048508
363.107475	183.271871	31.256629	36.501297
362.286504	185.262997	30.819999	35.670687
359.935226	186.013531	31.653216	36.730915
360.989107	186.187152	30.674413	36.804419
360.397423	186.582036	30.103298	35.807277
359.037178	183.650423	30.270924	34.045126
355.819204	183.656942	29.724916	37.886896
356.462790	183.300010	30.425137	32.672840
355.511369	180.385002	31.184256	35.574589
354.570274	179.749801	28.539858	35.213240
355.105246	178.306709	29.938518	36.287161
354.224707	179.048080	31.694040	34.651609
353.021433	178.882649	29.267523	35.486292
352.478050	178.200518	29.823012	36.058559
353.389512	176.291577	29.327872	36.583998
351.365109	173.634008	31.573406	36.681531
345.000000	181.000000	31.000000	37.000000
351.042648	183.285277	30.600430	36.643458
361.393238	180.198703	31.227419	37.371442
357.342890	178.151501	31.190159	37.781996
346.752258	175.622433	32.235464	36.255184
347.023280	176.059613	29.620895	33.395910
350.354932	175.185614	28.112441	31.622098
349.419435	172.629027	30.610781	37.318306
349.064597	173.137210	30.961041	36.602849
350.714609	171.498301	30.584153	37.405319
349.439484	171.067372	29.382909	36.806249
344.489684	170.764156	30.855314	35.836667
332.369881	168.645754	31.703199	37.993026
322.374578	175.445354	29.834649	36.573728
324.802877	187.709125	28.657275	35.118986
326.550539	182.557282	31.917964	33.928147
339.000000	163.000000	31.000000	37.000000
336.457412	156.174449	30.537790	37.369099
310.605176	148.476893	31.907218	39.218746
302.294606	154.311423	30.931804	36.716943
286.699394	150.402049	30.663443	36.533958
268.613059	153.093980	30.761402	36.466475
339.000000	163.000000	31.000000	37.000000
325.642692	161.212688	30.079235	37.581309
335.292667	174.517767	29.661807	35.577389
329.746805	166.889388	31.362774	37.045443
342.359336	194.173494	32.252438	42.575830
347.651061	205.863379	30.934493	37.053626
339.000000	163.000000	31.000000	37.000000
338.691592	164.771560	31.263279	37.403603
328.834591	142.087445	32.041277	38.294406
325.253451	122.576507	31.506598	36.834485
307.221095	92.844657	31.915242	36.952492
306.790849	100.723804	30.020590	35.481789
304.443300	112.094042	30.270075	35.662520
339.000000	163.000000	31.000000	37.000000
345.517788	158.655686	30.657829	37.841158
350.112883	170.028825	30.525898	36.239402
365.084506	165.412634	30.311737	36.692740
368.738761	162.781184	30.987870	36.580531
364.519560	163.643925	29.026558	37.826316
370.185662	159.235833	30.607010	36.194762
373.505832	154.252805	32.106238	36.293660
367.268497	158.035056	32.651303	35.550004
359.162344	160.494987	31.739855	36.969862
357.324053	162.451660	30.734848	36.624279
339.000000	163.000000	31.000000	37.000000
340.240368	163.039183	31.626591	36.487629
339.119957	162.895567	30.932625	37.658408
338.515814	162.543384	32.058396	36.706111
340.665372	162.814976	30.238022	35.239809
338.799980	169.200626	30.783163	37.020858
338.328828	179.140711	30.859928	37.191277
339.181737	175.135565	30.831676	36.739824
337.634829	169.914301	31.099538	36.870887
336.690346	168.107881	31.396825	37.097014
336.789942	168.431689	31.321037	37.416318
338.167084	169.605104	31.242981	37.066254
338.906493	169.606364	31.051559	36.858843
339.928894	170.649056	30.915141	37.082418
340.183954	171.215930	30.957625	37.026645
339.471728	171.316604	30.481748	36.450905
338.017887	169.668570	31.072231	36.846491
338.143470	168.657721	30.877334	37.201828
338.833701	165.247159	30.990093	37.080397
338.732322	164.516670	31.212214	37.088269
339.328791	164.416799	30.697056	36.912543
338.648104	163.087827	30.865180	37.141756
336.835117	164.410983	30.504356	36.634995
335.707824	164.228580	30.995756	36.975704
336.139354	163.311347	30.715897	37.710447
336.039383	161.275476	30.858854	37.712089
337.286808	160.125332	30.800066	37.033417
338.428114	160.270336	31.013818	36.934037
337.594877	161.084326	31.128461	37.286453
335.952642	161.641215	31.187426	37.364688
335.078767	161.788917	31.017638	36.658468
334.777021	162.651572	30.951207	36.917064
336.828372	159.878298	30.556992	37.107336
336.137626	155.283289	30.926444	37.136107
334.852135	150.210211	31.240263	36.518858
334.136815	143.179042	31.258958	37.366462
334.005518	138.146224	31.155329	37.092834
334.543686	136.207470	31.074695	37.029515
332.658460	134.370818	31.182686	36.862260
331.377443	134.469036	30.991818	37.138474
328.932729	134.952345	30.935118	36.601802
327.403244	132.449505	31.190984	37.338337
324.888231	130.650692	30.929789	36.986638
324.385712	127.155214	31.015212	37.013543
323.511978	124.677417	30.616594	36.747648
324.922067	124.290316	30.744383	36.837471
326.746095	124.181840	31.396293	37.139759
329.016027	124.281265	30.758911	36.754540
330.017679	121.915791	31.384553	37.115869
330.997463	120.145608	31.078047	36.502129
332.145177	118.223706	30.553584	36.710431
333.098147	117.748291	31.128734	36.484351
333.192198	116.647670	30.894482	36.999053
332.188957	115.175162	30.847030	36.457291
332.354457	112.892917	30.983814	36.992162
332.574716	113.250449	31.060887	36.410954
332.424632	114.899681	31.082774	37.031336
333.163937	116.229430	31.029892	37.105492
334.634751	116.687354	31.154410	36.410475
336.039791	114.964766	30.903671	37.418549
336.306239	115.276909	31.307065	36.531667
335.690150	114.907341	31.057979	36.624394
335.119347	112.301961	31.677317	36.881390
336.439123	108.857961	31.087828	37.260806
336.800843	107.847013	30.835990	37.046500
336.713964	108.775137	31.189126	37.107310
335.934413	109.372750	31.232721	36.705106
335.679558	111.797979	30.650347	36.709698
336.873096	113.546675	31.263740	37.288889
336.194900	114.958003	31.373560	37.182987
334.379403	116.496378	31.145373	37.384159
333.740053	115.658407	30.844534	37.119337
333.338817	112.597582	31.015117	37.223197
333.465564	107.900690	31.465359	37.132249
334.738577	103.856750	30.643224	37.053156
335.836782	100.086603	30.912803	37.505472
335.889023	96.732644	30.961858	36.663447
335.389770	91.479694	31.379815	36.809243
335.419708	86.803756	31.063799	37.154557
333.907256	84.558595	30.699498	36.889106
332.737914	83.702186	31.168503	36.933809
330.639606	83.219679	31.167560	36.968102
329.912018	84.445937	30.371054	36.828070
331.067148	85.023519	31.401968	36.564963
335.299763	83.551972	30.977324	36.956684
341.008057	79.814320	30.961970	36.784683
347.909002	72.252430	30.689879	37.011133
355.433299	56.378055	31.165014	36.439701
360.566496	44.646216	31.112131	36.756850
365.251736	34.080303	30.742448	37.304146
371.289502	26.419011	31.177420	37.027024
379.760057	21.350588	30.984738	36.831308
387.842333	19.383486	31.371935	37.005428
395.469261	16.858079	31.203833	36.730947
404.703825	11.635073	31.508796	36.275804
412.799988	9.450023	31.328614	35.642942
418.377880	9.153684	30.942791	35.357637
423.264585	8.814773	30.719182	36.217968
427.429299	8.492830	31.259906	35.445043
435.755859	8.396248	30.936283	35.671597
444.438565	10.667359	31.004679	35.744003
453.536521	10.390920	31.300409	36.101998
458.964058	9.474238	31.084556	35.493353
461.807535	5.425629	31.463689	32.372281
464.159495	0.512641	31.266762	29.395473
465.119479	0.479959	31.942372	24.885606
465.661985	0.513734	32.055298	27.042499
465.828086	0.554796	31.546408	30.883091
463.948781	0.982363	31.252915	32.069838
460.428012	0.710855	31.017310	31.244597
455.866278	0.676264	31.227119	31.417790
452.843984	1.110602	31.408701	32.203479
452.177041	1.100648	31.300963	32.289536
453.763533	1.012674	31.177424	32.384170
454.543173	0.954706	31.943032	31.680113
454.968185	0.573227	31.211074	31.769732
456.411099	1.012083	31.537776	30.906147
457.848234	0.964569	31.777036	31.913761
458.796209	1.173676	31.074519	31.701807
459.110828	0.773881	31.713422	31.070147
460.183856	0.822721	31.276916	30.606506
458.607573	1.047153	31.475599	30.416023
457.298995	0.796287	31.407514	30.713267
456.099302	0.749566	31.180723	31.110984
454.718747	0.766445	31.514899	31.570866
454.996508	1.235860	31.532914	31.357731
455.881400	1.317982	31.293432	32.830017
455.147475	1.172158	30.959477	33.093972
454.963177	1.272655	31.205420	32.619902
455.733027	1.345627	31.319721	32.120132
456.205808	1.622475	31.792563	33.245521
457.726640	2.164630	31.625384	33.898073
459.918768	3.730973	31.457080	34.437746
461.447984	4.025048	31.713326	34.323966
461.921628	4.145664	31.773390	34.522614
464.236498	5.235515	31.728428	35.155064
465.439948	6.152577	30.907753	35.997010
465.369135	7.394270	31.292065	35.830596
464.135334	9.450308	31.173918	36.471324
463.619520	11.969587	31.201091	36.861591
462.756088	13.049589	31.145268	36.825585
464.201029	13.329930	30.996382	36.877819
466.876940	12.633489	30.510428	36.043907
469.535018	14.736772	30.997479	36.301775
471.052858	15.932900	30.598332	36.879178
470.531794	16.405494	31.011739	36.873606
470.655782	16.931231	31.044542	36.765162
470.295027	16.902154	30.968733	37.111481
468.985240	16.118452	31.095563	36.902424
467.456065	17.758264	30.947957	36.531215
466.572187	19.968729	31.041113	36.837560
464.690370	21.712418	31.143625	36.836424
463.970976	25.160492	30.711806	36.312300
462.625405	28.899610	31.155731	36.615454
462.259669	32.086128	30.794530	37.191036
462.644672	34.659965	31.356964	36.961618
464.115336	37.237034	30.994702	36.416535
463.612672	39.059464	31.495643	37.101436
463.560313	40.848282	30.858535	36.796115
463.699168	42.106649	31.281131	36.784786
464.299667	43.611957	30.826759	36.929390
464.841615	46.161932	31.085234	37.059990
464.956733	51.370379	30.975854	36.978817
463.847145	54.172536	31.372989	36.836220
462.492047	56.600708	30.829790	37.103765
460.953495	60.806691	31.184639	37.151123
459.535895	65.038472	30.893823	37.009068
457.730404	69.036185	30.982417	36.929014
457.228463	73.530308	30.504783	36.727326
457.367087	77.814445	31.440415	37.205419
456.465134	81.384922	30.875832	37.313394
452.853288	84.742622	30.627617	36.873026
450.155420	87.877046	31.526404	37.012286
449.063937	89.123362	30.709824	37.573959
448.106509	91.381248	31.325434	36.490047
447.848875	94.697756	30.517597	36.763679
446.597480	97.486302	31.203449	37.352087
444.283449	100.690374	30.854642	36.701483
440.857457	104.427222	31.074368	36.646227
437.761046	108.273500	30.919327	37.027641
436.685072	110.202971	30.885499	36.590954
435.780989	113.390613	30.989483	37.523993
435.333477	117.679841	30.988316	37.273060
434.945258	120.573507	30.958287	37.236441
434.744082	122.458941	31.245616	37.636241
437.099626	122.767252	31.080674	37.020830
437.601136	124.231093	30.931171	37.694226
438.126171	127.749532	31.038738	36.348318
438.368295	131.167840	31.066326	36.786389
438.240727	134.761744	30.986328	36.704127
438.835021	137.461175	31.231708	36.958749
440.896758	138.128532	31.104207	37.333580
443.870662	135.892693	30.894890	37.291178
447.043719	132.143089	30.844090	36.740147
453.662968	129.046606	31.359556	37.047984
459.543873	126.238513	31.111756	37.002005
465.475075	125.287584	31.140664	36.871694
473.382655	126.458393	30.660605	37.733255
480.571426	132.096583	30.747459	37.176264
486.149302	138.258596	31.006501	36.965271
494.037101	143.574600	31.136745	37.004960
502.201596	147.905433	31.118092	37.355902
510.481223	152.892878	31.584459	37.528548
518.802421	150.901474	31.412862	36.337206
525.170824	149.748848	30.659545	36.399863
531.483367	149.946167	31.480178	37.083835
538.785606	147.020320	31.419108	37.297385
549.181014	141.467300	30.737634	36.962281
560.707112	134.106764	30.988867	37.093963
569.302328	124.121839	31.032383	36.608319
574.401009	118.204708	31.273438	36.935298
579.158262	112.886364	30.716609	36.908084
586.852399	102.501063	29.969260	37.319963
590.539588	91.163306	30.556792	36.909584
592.899783	83.092338	30.901631	36.721574
596.423468	75.674629	30.999145	37.125994
600.320090	70.544603	31.333001	36.841738
599.272421	67.098365	31.607986	37.093533
600.613075	64.534266	30.859023	36.595932
608.682803	67.290420	30.599863	38.187517
615.745066	75.943547	30.273922	37.954156
622.446868	85.643433	30.917046	36.783639
634.526355	88.754894	30.954252	37.647014
654.041230	83.496640	30.936457	37.827421
672.598583	78.627963	30.895892	37.402125
687.659528	75.791888	29.304330	37.404051
699.647866	76.672510	20.276298	36.810718
700.589492	78.006853	19.410774	36.821433
694.214870	77.925620	25.631203	37.220192
690.227305	76.236118	28.272419	37.532428
689.968009	72.032165	27.848138	36.067482
688.797588	66.571936	28.509429	36.815811
688.295371	61.732813	29.073855	37.265635
