250.000000	168.000000	106.000000	105.000000
249.056621	169.807826	104.834735	105.771869
235.972601	181.054059	107.754587	104.729867
219.417165	197.478146	109.713129	102.813077
217.239924	211.976700	104.030355	105.953546
213.850724	206.591614	106.271955	101.850653
218.093020	197.404414	106.099030	105.528817
216.129890	198.935011	107.108228	103.540904
192.201914	204.250606	112.747124	108.126971
147.709895	242.005639	111.635291	101.164025
166.633228	259.380336	96.910996	106.883448
130.481852	234.948176	107.476641	112.017884
32.195202	214.790823	118.464805	93.542194
220.000000	201.000000	110.000000	108.000000
202.751227	199.340123	113.327276	108.293514
198.260383	203.424369	108.396957	111.211204
201.556622	213.909213	105.196537	108.323133
204.407299	207.415776	106.322517	113.587220
219.343340	179.847694	113.873256	110.643035
223.545249	147.868602	107.953387	103.491420
206.175440	138.673752	110.145761	106.249031
214.062395	166.544749	102.451507	97.240981
243.367007	188.542954	101.201686	108.168282
260.963892	229.119050	115.480627	103.840354
274.093485	240.291309	110.146802	107.112651
263.985744	241.693461	110.827582	106.775042
249.805437	241.929279	111.279978	107.450968
240.009259	245.123500	111.931987	109.456930
237.288344	240.094108	110.393005	103.720114
232.673417	224.078316	108.882476	110.335292
226.423588	213.575275	109.087433	105.485822
231.838584	204.559213	113.506485	107.677318
248.042531	190.802381	110.088843	105.995995
253.282069	173.339471	102.073422	111.761893
237.472908	153.280583	105.233805	107.355710
229.334841	124.160441	110.708903	109.950383
230.891028	115.037666	112.106530	108.716451
246.665213	125.937583	108.285431	105.729615
253.751299	129.691406	111.247788	108.425444
257.223408	136.351346	115.088905	110.909530
271.959679	176.771859	108.736258	101.364103
271.056875	210.950207	111.257250	109.237460
280.091496	235.609848	109.671461	105.153690
282.387156	235.410537	106.270841	106.923404
275.065138	227.977094	109.150447	107.114400
267.113540	216.677917	110.002192	109.323365
265.076277	211.156109	108.689368	108.285046
274.378768	197.854581	108.774217	105.778743
275.584827	168.256229	109.743173	104.238080
277.724842	159.262133	107.611391	104.656272
273.509389	178.297976	110.319772	103.846371
265.470109	182.246479	113.758258	105.867073
265.453572	180.700727	112.819010	107.182993
273.059736	181.897836	109.983759	111.013056
279.849134	182.580031	108.359106	109.943170
287.048626	190.491480	108.930895	108.585000
284.924087	205.435052	109.274199	110.173252
264.071637	212.604067	108.878371	106.673285
228.119081	207.764871	110.152289	108.455057
201.087924	203.766522	111.181106	109.818852
201.518217	200.938063	111.303720	107.759004
233.455375	206.648226	107.134621	108.123058
270.763423	208.376226	106.996545	109.378801
312.480296	211.015474	110.160085	106.498047
340.759876	212.680441	107.106032	109.251566
342.771048	216.888325	109.019021	111.808594
324.604664	209.308657	108.212515	103.295106
298.528799	188.251391	106.246800	102.136002
266.732728	165.576235	112.726311	107.538011
247.541163	158.272718	108.137688	106.019798
243.419864	166.052125	111.811469	104.636684
257.870904	178.135662	108.399216	107.258437
263.807699	197.532534	110.107728	104.579089
278.735514	208.543878	110.640876	110.054569
302.049595	221.119256	105.866534	107.805169
320.242125	230.972480	108.369692	107.824578
314.359474	240.420790	108.756219	110.021553
304.996354	245.105302	108.206111	108.455009
295.268844	243.171583	108.860553	107.888744
261.804005	233.422415	115.642935	108.173308
235.150675	225.706219	110.846514	110.031547
214.335735	223.875374	109.310864	107.214274
206.593372	230.393617	112.766377	110.459077
223.750316	226.460940	109.993380	102.199890
242.029429	205.078826	110.644757	110.456583
257.806313	176.514143	109.043834	108.347949
276.096364	148.868726	106.858387	104.133013
298.953398	138.273943	110.158026	106.822686
324.817850	143.507838	110.347763	108.876739
334.904023	152.843295	109.677905	106.036639
333.869787	163.259372	110.077653	111.567358
321.492825	178.217798	108.191270	107.621353
299.910833	190.274012	110.009718	108.012374
274.671488	205.726482	108.194053	109.500517
253.156588	221.957254	109.044316	110.392359
239.238965	225.979559	110.427492	106.294438
231.946711	211.694656	107.719546	106.696943
220.286026	200.404123	106.512003	107.797533
210.205295	197.678184	106.323664	106.474993
215.073638	192.637450	106.932875	108.023196
234.268796	172.211100	110.061865	111.191570
252.407463	162.214037	109.543502	108.935398
268.275496	169.932898	107.614327	107.044239
283.780108	186.809808	108.220382	106.449638
303.551065	210.917125	109.015632	108.602387
316.905118	226.364612	111.468837	106.640148
301.666253	201.397637	105.557845	107.865890
262.999821	190.756425	112.052687	108.335996
216.880580	192.760284	113.772772	106.252934
183.866897	202.602996	112.741067	111.200639
168.154180	228.012088	109.190260	108.014890
171.684262	231.565062	105.247547	108.910191
180.091643	217.247639	110.700005	106.509288
208.223041	187.364527	108.078006	107.877842
230.208082	170.337725	112.574645	108.104242
234.498981	168.382997	107.136653	109.532849
235.493678	184.320598	108.643902	108.125371
230.527737	200.595201	109.735220	109.925803
232.402337	200.955763	107.812732	112.997735
234.408097	194.597598	110.577935	109.295773
245.484309	191.518475	111.136753	110.868476
246.219535	203.683925	111.775982	109.402846
231.020770	217.551798	110.151712	107.369499
219.786001	219.205796	104.233621	109.855251
206.425910	208.951228	110.988390	105.132660
206.195851	191.535097	108.699097	108.529512
200.143386	184.539174	107.889934	109.040524
208.787371	200.283160	106.561000	111.432847
216.494990	223.083330	110.016470	112.824670
214.744458	247.279821	109.390565	107.625859
207.220719	247.597198	107.811527	106.825329
209.261340	217.441568	111.681694	109.924823
210.378122	199.634215	108.098747	101.892466
197.525298	177.479857	110.092964	104.559215
184.772087	169.277949	109.197127	108.124065
165.464126	181.252111	111.147518	110.086530
174.609165	193.425567	109.470161	104.723065
187.469434	199.134473	110.445297	108.238955
207.891225	198.429766	109.952893	108.673362
231.554758	207.604243	109.456060	105.303321
254.063632	219.869853	110.465272	107.831776
279.923577	234.030638	108.392533	107.010839
306.560392	240.771505	109.445909	106.361558
296.679124	228.632698	110.582850	120.581442
260.910135	223.565520	108.416125	108.089274
209.413161	214.014882	108.989022	107.844509
176.519214	212.701341	108.878210	111.346244
146.001452	215.771661	107.894353	109.527976
115.018023	221.926708	108.155532	105.378283
117.173350	209.373415	112.819945	108.082494
158.745375	194.382438	114.662285	111.796007
214.494190	189.555835	112.647674	109.225335
232.058643	186.006666	116.120119	106.854639
237.094452	185.647379	107.386481	108.184995
246.227415	193.831162	109.301420	110.418038
246.373471	204.781380	110.821268	108.318442
236.471005	214.822361	106.877292	110.602418
205.713695	216.699214	111.481169	108.864385
177.143218	220.924541	108.957778	104.439082
176.587647	220.871884	107.710490	106.724020
202.095157	216.463480	119.748727	105.467236
260.700269	209.691637	114.773220	106.753435
287.387942	214.181707	109.723151	106.869786
285.115997	212.379448	106.750119	110.494245
268.277550	203.300639	109.061025	108.458747
254.935390	191.163379	108.656060	110.464888
250.672812	189.741618	111.105712	107.357996
255.036966	181.354379	109.114824	108.871606
270.668861	186.813676	109.546654	105.412211
281.435131	197.235494	107.010270	108.399104
269.249427	200.283424	110.146018	106.940699
246.040300	204.413879	112.855053	108.088364
214.211764	223.370916	109.183968	106.605073
187.971584	241.421097	110.085886	106.317432
176.711168	246.033560	109.922590	109.474282
180.076745	241.219013	109.453450	109.664087
205.326181	236.217227	108.969097	107.196826
213.625903	230.430637	109.213256	104.860377
201.731584	226.071647	110.126016	109.603735
182.348580	222.865774	113.834571	108.419406
175.533842	217.961894	110.896363	107.191683
190.077623	212.839907	104.463851	109.728274
241.572692	204.353385	110.485074	106.588391
285.757364	197.820126	107.813695	106.032832
291.251100	190.187609	110.061868	104.041445
255.966119	188.148549	110.285351	105.650372
220.502197	177.235727	110.701364	109.393677
196.452720	176.356701	112.229408	106.054200
182.674558	176.172083	110.646290	109.311795
168.901203	183.587041	112.365135	106.805923
179.938478	184.894506	110.616360	109.276028
194.347262	187.434799	114.385195	110.554816
265.535923	192.138717	107.623133	106.291209
304.871234	186.116434	109.719330	110.304788
299.745283	187.817457	117.921044	107.688562
283.005453	190.219614	111.744291	107.844690
257.563442	195.210941	109.975199	104.791758
234.423048	203.415423	109.530526	109.950590
211.888748	210.516496	111.101152	107.423954
180.183992	197.809411	109.045754	108.167150
149.178843	184.205122	108.580430	108.339987
148.818539	183.251645	106.035147	106.788367
159.719753	182.368740	109.172547	107.243139
186.229146	188.992918	111.409449	106.714508
198.254902	188.932363	111.177190	109.101432
191.292224	187.651067	112.775570	107.168665
200.949815	177.896806	108.367174	104.966713
202.522659	167.055272	111.760648	108.082533
216.482391	165.959564	111.153003	111.967836
222.638720	176.156148	109.927896	107.876406
216.315420	187.333296	108.196208	109.086073
206.512942	205.370443	112.143800	104.554345
217.278363	223.735592	109.140979	108.045965
229.551307	241.194142	108.413463	106.883286
215.734656	252.093252	114.650682	105.111437
203.286432	238.562139	108.409471	107.888731
192.356246	202.026185	102.807194	116.195526
187.480603	170.258470	107.784661	106.837906
189.705902	157.733456	108.046982	105.306683
204.400645	154.799650	109.781513	106.077745
224.606000	164.672796	107.845653	106.659387
245.093066	181.628758	108.290155	106.651211
252.896563	185.275742	110.013342	108.144507
240.357238	180.484712	111.032125	109.831565
216.263239	189.410674	112.649652	107.590268
193.093334	196.847321	109.779815	110.465896
186.813548	208.285570	108.358733	106.286743
189.890051	212.839540	111.146688	110.648290
196.154654	210.789163	104.173954	105.028687
195.767511	176.920483	104.537048	108.058403
202.427772	160.653867	108.424639	107.435593
229.624156	158.746117	109.974478	109.175411
276.704472	166.291685	111.686910	105.385786
299.710183	180.285988	107.783772	106.904335
303.924310	201.198988	107.167762	110.104264
301.562297	216.876200	106.447392	107.895386
299.751919	217.974978	110.423362	110.915577
301.384254	212.674077	109.444590	107.323243
293.776347	217.550933	106.539487	110.047140
259.600584	222.272527	113.812952	108.118063
241.923993	225.624573	109.999547	107.805251
230.054361	227.598407	112.113395	107.916506
225.289141	233.922160	110.196404	107.302493
211.810631	224.916569	109.272608	106.782466
210.148886	208.992563	105.889532	105.519180
215.434477	202.839674	106.262812	109.632940
228.118249	197.914976	106.377696	107.392267
240.081335	194.840180	109.985502	109.872806
254.397659	191.846158	112.295709	107.687444
261.800148	171.784704	109.229694	107.617621
261.752195	162.625732	109.981010	107.984819
277.963540	171.062497	103.012591	112.769342
285.006462	209.570964	111.093645	104.651186
282.554140	243.107065	109.999155	108.450641
274.186434	253.711289	102.467693	103.941360
264.643294	230.134874	101.030516	112.359637
254.700182	187.873128	107.018766	113.103524
244.843956	162.045240	109.446112	108.348906
239.756249	153.018544	107.294365	108.038459
228.854970	157.370554	106.950903	110.501789
208.181492	167.608366	113.244505	109.427291
213.885571	163.698809	112.991417	110.137072
243.802301	154.837201	111.962659	106.756631
268.678896	143.008598	108.795318	104.560927
280.268651	137.136913	111.457033	108.247984
282.740009	150.425977	111.946291	105.889767
267.754391	168.190601	108.724808	108.001930
248.751391	183.537654	107.817281	105.325308
239.899453	183.163129	110.241787	107.250305
241.004011	181.176462	109.410891	108.976957
244.167836	183.317053	110.209502	105.994804
242.013876	189.999504	107.768818	108.949819
214.224802	200.909792	108.207544	109.170571
201.994507	210.386929	113.547409	105.408219
219.814071	196.834145	110.638418	109.885592
233.848520	180.465586	112.514589	107.213848
240.992403	176.157575	110.129759	106.252305
240.628687	187.114441	111.355991	106.887504
240.978642	196.627684	109.562740	107.478490
239.502685	199.914534	109.420971	108.263589
235.365960	200.864190	109.033134	113.188566
214.873614	209.700734	110.637736	111.580801
208.286641	227.564645	110.387153	108.614078
217.600678	229.293092	106.929657	106.511683
222.530431	226.408457	108.881287	108.806428
222.111060	223.329301	108.300658	106.028128
214.903891	214.854136	111.805144	110.936541
224.351776	210.079107	109.951327	107.428389
251.141982	182.329881	110.303885	112.522169
279.777290	158.131043	106.029890	110.858885
285.713757	153.284188	109.941168	109.362250
281.727867	162.338455	111.028571	106.297831
275.539703	185.524750	110.995249	114.570524
271.761789	213.582528	108.579418	107.647392
260.179003	226.139109	112.171585	107.450706
243.981433	221.864871	110.669703	107.937955
222.527079	223.356545	107.538172	108.283599
214.696254	231.500137	112.611636	107.850976
228.484105	238.153824	108.255233	108.693959
238.481621	234.481090	108.870884	109.482452
239.635141	222.508558	107.852456	107.685356
238.794632	206.216810	109.841835	108.977185
261.482189	206.465550	112.013670	104.536017
286.876995	207.086077	112.394549	109.595869
305.500887	205.287293	109.793584	107.312965
299.271226	195.414084	108.924473	108.453298
284.736835	193.617854	109.371849	107.340073
274.897350	202.151735	111.253645	110.888227
266.330956	223.909463	110.660111	105.574373
256.552345	235.134314	112.794243	105.343295
256.687932	236.093747	108.150360	108.129461
261.708481	230.209423	106.007031	110.533899
266.912632	222.425056	110.259394	107.335418
264.187380	213.787925	109.377288	109.242528
261.500868	205.784824	107.601994	108.636784
255.096904	199.472031	107.493168	108.508158
260.261705	196.424273	108.560110	109.133947
264.120466	189.751795	112.642087	108.013108
270.887789	184.776553	111.245929	105.251924
269.032628	192.342141	112.909580	106.554386
275.190938	207.421976	112.674195	105.563815
290.880896	223.431050	110.669282	105.018627
291.491658	227.966268	110.389611	109.915571
281.391945	223.352208	111.615541	108.126825
250.385212	231.216805	109.465918	106.871585
226.028311	228.689836	110.592479	109.136697
211.663723	219.263917	110.201694	107.772515
207.499589	185.981613	103.507066	106.616268
202.007615	165.543665	109.359259	108.027814
210.169624	154.119265	111.067734	110.637785
225.538696	163.294944	110.093222	107.345201
242.521393	176.701849	112.243805	102.449989
249.256002	174.903146	109.730678	109.778131
251.483974	181.095071	109.988749	104.599802
267.060064	194.013636	106.912647	108.285370
282.725084	223.078339	105.303303	105.756470
297.446734	242.044092	108.176315	109.070888
290.680136	233.452991	102.076826	108.653731
276.869348	208.642229	109.828526	106.528759
269.900523	196.404623	110.674515	104.698290
248.640892	190.840580	109.304662	106.292447
223.311113	187.710789	109.066926	107.327954
206.895062	207.037318	115.440815	106.472857
221.115021	224.921369	112.216942	105.920844
239.745132	226.884901	112.358128	99.720522
261.546450	218.222857	113.242580	108.159529
277.362940	222.811848	109.101754	106.890047
280.005987	233.786501	106.281908	104.194910
271.481202	247.361934	111.024046	107.118715
271.556874	256.103713	106.925866	107.386425
272.257708	248.159951	108.025270	109.153070
269.763114	244.512027	108.932551	106.328264
274.930682	234.213102	110.066855	106.068861
274.349949	224.279873	111.758839	108.174684
274.012406	224.158179	106.469723	110.974193
260.598233	234.980362	108.931337	106.758700
255.658227	231.556424	110.426612	107.487697
248.259830	227.308000	110.886193	104.120631
248.941551	213.323138	111.251879	107.884755
248.626467	209.761382	107.792709	108.533849
242.606898	211.697625	108.347526	108.279480
247.810739	218.631429	110.639553	105.588529
261.784551	219.186650	109.047323	110.703892
278.808675	210.868885	106.121372	102.818553
292.300485	196.805645	108.292920	105.668096
294.754866	188.983798	108.491123	106.015959
285.930378	181.554055	110.892492	107.618952
279.691133	187.407046	109.569112	108.798314
276.458836	196.901691	110.061667	107.190045
265.146876	206.026439	109.628941	105.992433
234.430126	198.779798	112.733575	103.268864
216.954515	186.864018	110.656978	104.679674
222.271186	188.128118	105.461282	108.935223
227.590601	209.335491	105.952179	118.765916
249.566048	258.655712	103.602909	100.279360
270.150451	273.358804	111.260104	108.923946
291.036746	256.350798	109.629479	111.598161
314.700677	238.141299	104.220693	106.431921
311.219416	220.888163	107.637603	107.735716
295.942320	212.013132	111.630638	108.701727
268.321401	219.540002	113.391158	108.671691
247.671027	232.083953	109.455023	109.049250
222.024763	231.729680	109.544358	108.223300
221.553433	233.840626	113.467615	109.534127
263.396526	231.944495	109.172999	106.624080
303.638990	229.162546	110.045204	108.077155
326.469854	221.092404	113.319862	109.748801
337.211256	220.992006	111.508494	108.240526
344.122802	227.111343	109.920119	108.218506
347.546728	227.979728	109.965958	108.814769
343.302177	224.173477	110.080832	108.041463
337.552026	219.083181	110.463476	109.746669
316.691779	232.634311	108.815436	107.230262
293.026946	251.379403	108.637834	105.640030
288.438539	252.082875	110.601459	107.240170
302.164098	240.601584	107.084302	105.757126
309.545371	230.239051	109.697027	107.804986
322.013769	235.403427	108.298600	111.888219
339.160070	248.938646	112.588275	107.019882
355.162126	241.499900	108.832457	111.531737
333.455837	215.315997	106.974131	96.108780
309.403192	179.614662	102.001606	103.388072
281.506713	155.510637	110.691287	108.894830
278.197105	151.797533	109.267230	115.604554
274.559087	175.598422	113.415413	111.128180
265.044977	199.653947	112.204621	108.202614
246.178534	218.626358	107.846762	110.124814
220.419514	231.616296	110.371961	108.663832
210.390354	234.375737	111.202481	106.705704
209.818000	238.191558	110.176408	105.817984
219.212063	240.882706	110.624349	107.844925
237.269079	234.419953	110.451331	104.592699
246.203631	196.791916	105.628288	111.631093
233.213706	171.696752	113.962019	106.961514
225.527510	162.112093	111.245692	106.031549
219.087120	172.949718	109.815412	104.950766
204.679233	181.317417	110.036561	108.797968
186.749493	199.316821	108.582858	106.177147
176.061585	201.343852	109.953158	108.625584
171.885906	205.047327	112.481132	106.081215
173.981839	220.281374	108.186997	105.631323
178.158847	227.918431	109.225413	106.323529
191.057489	228.989328	109.086695	108.882951
218.762146	223.361791	108.620000	108.897409
253.667601	213.506609	107.318940	108.026014
284.193699	205.558347	110.584057	108.619831
301.036194	212.247493	108.069814	108.903376
305.262701	225.637673	110.964252	109.098704
286.455962	239.252417	108.917503	108.097173
227.298762	224.929321	110.833439	107.447422
196.888208	208.487872	109.824973	107.081865
174.959176	207.149514	109.999384	107.085235
172.450855	216.577210	111.287376	106.043580
188.539115	220.238680	110.822320	108.747469
217.581168	211.506165	113.250634	107.081746
238.509383	191.002128	112.068516	107.422758
251.735258	181.372931	108.870039	106.025131
272.990913	186.944898	109.762645	106.287793
311.750239	195.889734	107.736056	104.650379
324.977404	204.276491	113.341482	105.608694
321.717270	202.528775	110.522653	104.186923
297.906115	186.583391	108.699210	105.186066
247.102899	169.912627	112.729180	109.189425
230.005710	151.620025	107.531801	107.681924
228.844138	136.172872	107.987951	109.363025
250.579158	129.834316	113.953488	108.156462
283.517642	121.013044	110.610970	107.723870
298.094781	108.793107	109.377111	110.256497
296.656493	118.006148	107.978978	108.701641
301.955815	146.524084	103.128885	107.785034
300.070174	184.521083	104.819158	109.459457
296.166788	214.356595	109.902787	108.838135
299.238711	225.081149	112.173072	106.641884
290.471053	212.396337	114.947174	110.254154
288.958662	197.190201	109.214663	105.689747
276.406175	179.445953	113.205909	110.520199
283.005416	162.908588	109.706109	108.502045
284.506236	138.591180	106.511485	101.824382
286.896671	90.721288	104.256365	102.828732
298.182318	65.131889	103.989682	103.556088
309.377621	86.429830	98.983831	104.573949
324.745848	131.644628	110.175625	108.693022
313.763577	161.012885	108.976116	109.761859
290.394637	176.701593	112.878934	112.202397
276.703181	194.793981	113.432533	108.067759
268.631566	207.354978	112.187400	106.207876
263.759342	216.899668	111.696054	108.221162
257.607983	222.866320	108.924084	105.634814
261.109439	226.713954	109.351208	107.773029
266.811326	226.982878	108.727557	108.570535
276.691913	216.129401	110.958844	107.808820
284.787353	203.702387	110.749624	107.816839
295.653123	187.191041	109.519194	109.046443
305.288608	179.885723	108.216884	109.960849
313.122256	181.603370	108.629044	109.672441
320.993856	189.667215	109.312988	107.167217
319.490575	208.962329	114.637019	106.453717
310.488449	228.024790	110.296203	107.516002
288.386283	243.516444	107.220487	106.846707
267.373960	255.854538	108.748525	108.797995
252.329399	255.281105	110.781887	105.613924
240.485161	248.360070	111.293579	107.421853
234.390486	226.357460	106.686629	108.241152
229.900801	189.991786	109.540665	112.048535
243.498090	170.349670	108.312746	107.113213
259.048922	162.292897	109.615801	110.005366
281.322289	164.292660	109.243315	111.072166
301.773849	182.584740	110.704959	107.977693
312.265540	204.103616	113.012243	108.107243
332.642106	224.908815	108.200312	109.045204
336.381206	248.717576	107.488510	106.650861
334.307403	257.279110	109.437519	107.295706
315.119381	256.606454	111.575429	108.203948
287.256772	259.594185	111.388820	105.588597
247.079596	262.039462	109.678141	106.231117
209.050160	258.104269	112.802515	108.127455
205.987119	240.424508	111.681551	111.914274
209.384397	219.369995	110.116057	104.483031
214.537871	189.078025	110.216194	106.743125
219.382573	176.090497	109.351645	106.379262
239.601679	174.194965	113.612297	107.485281
279.652500	170.335990	110.259319	109.002616
306.075690	175.880434	108.178712	107.560218
315.878082	180.106547	108.734398	109.213080
317.670035	191.808856	109.792361	109.077667
312.298263	205.339785	113.056479	110.207088
305.113266	218.829513	108.923882	110.022394
276.944747	222.999087	108.775774	109.078017
228.028585	220.465200	109.281392	111.243388
187.662689	219.730952	108.813957	107.574433
166.294547	216.581614	111.768018	107.072455
174.287814	214.622181	111.682993	109.191480
212.551450	222.883166	110.025320	108.012305
239.736001	222.679616	109.797158	108.266593
248.130353	221.989435	110.170182	104.883556
265.162406	214.543181	108.850352	108.514024
326.103845	208.211922	107.911145	109.830301
363.411621	202.426934	107.431428	105.811827
334.991915	183.208398	113.002265	110.350601
294.192562	194.463110	110.114639	106.270913
220.808468	203.765509	107.650080	114.545320
156.162606	206.569809	110.936926	108.938965
147.387656	206.937787	107.917262	104.732965
174.226453	182.343093	109.168087	107.933137
207.163044	158.263659	107.971477	105.456988
212.985823	145.993762	110.236418	108.424472
211.018016	159.468202	107.531824	102.080232
224.252941	187.717351	111.322720	109.629237
226.234798	223.868631	111.081848	108.593256
226.771816	244.059766	111.219762	104.514565
232.381615	252.833839	107.374449	109.223512
234.983700	259.933629	114.035133	109.518198
227.949856	249.847667	111.073629	106.610332
212.926167	244.202600	109.548272	109.827487
213.496907	260.839096	110.354296	106.949660
234.907025	275.174148	111.762834	106.830297
261.078028	274.660831	111.078258	109.908998
263.216758	264.578929	111.563336	108.389519
263.854287	236.957496	109.552664	107.855519
268.748926	190.679967	109.897173	110.180868
263.592934	149.625820	108.573405	108.463142
246.370500	133.036439	111.381248	112.377409
226.225154	152.989238	113.480369	102.519528
221.959509	172.294877	110.124039	108.603792
217.291951	207.688856	111.401587	106.681221
218.912983	234.924299	109.754510	109.867332
216.825821	248.022636	112.612998	109.458482
227.792098	239.253946	108.739757	106.645549
236.079650	225.191170	110.293507	106.827623
235.548945	218.800045	112.180483	108.891736
246.585702	213.603844	110.568620	107.857872
268.654063	204.282445	109.326506	106.834976
272.876954	190.684517	111.543834	107.929366
259.716380	178.052480	108.971402	107.824404
262.682865	170.096242	108.485815	109.568841
279.688191	168.834645	109.509007	105.456705
285.804743	188.166109	108.942173	111.090580
273.786868	219.487278	113.381793	107.211643
264.448824	247.198199	109.547568	107.186959
264.982782	254.706141	112.922561	107.343039
279.708109	248.008572	108.224565	107.239845
270.298436	230.284020	109.836205	108.113280
261.108535	228.424673	108.022492	106.377645
263.560249	229.969911	110.229638	107.261078
263.634557	226.989452	110.609505	105.870515
259.503324	216.614820	109.810195	109.408005
248.511695	210.099325	111.869834	107.015128
242.215216	204.127156	111.367108	111.852384
239.293774	216.297583	109.629925	105.439323
227.155298	220.809582	109.022863	108.458525
223.202199	216.521561	112.535715	108.066068
244.748505	209.141110	110.575522	105.871719
274.116994	210.792754	112.051130	106.032246
274.027747	216.266696	110.000578	105.698274
257.708591	225.437319	110.412983	111.635976
245.030893	228.820909	110.417332	107.071940
250.627811	221.811616	109.777725	107.311747
256.876660	204.014943	110.085771	111.817210
261.179260	204.784878	108.422997	108.561966
259.120927	209.370341	111.311900	105.303715
266.293993	211.945997	110.750249	108.502658
268.859890	212.936637	109.173829	106.296107
259.753347	211.272109	113.806448	108.168010
257.236891	203.538341	110.785057	108.753374
258.345414	207.032012	114.157153	105.373503
263.899415	217.121723	108.773844	107.821273
262.295147	234.785203	109.361257	107.174812
257.892857	238.969864	109.027393	107.794328
265.082158	229.964820	108.223717	105.440096
272.203551	212.257566	109.293403	108.265589
273.928013	208.605077	110.268335	105.799671
269.623499	218.531661	110.070556	109.137240
259.625500	232.204582	107.690853	107.586846
255.156886	227.338787	109.983336	109.024907
262.107204	207.356143	113.742980	107.358364
268.260281	195.219129	106.505798	108.204376
265.763523	202.297637	110.443040	107.134209
265.381989	212.473787	111.952604	110.611830
266.641086	225.203774	111.429189	109.006606
258.393281	231.004800	110.698267	108.037367
248.906082	227.233257	112.264168	106.515996
257.089785	217.713946	110.019784	108.468665
252.441924	219.898178	108.967899	107.376766
241.339720	228.460950	110.624581	110.398397
238.750629	238.911247	108.768958	110.155839
238.927728	240.780883	109.312620	107.900280
239.526401	232.530636	113.578056	108.216672
239.634873	226.706693	108.762044	108.807902
234.909383	234.842229	113.930300	105.347788
238.717005	242.035614	107.315060	110.292700
232.553123	251.151879	110.534366	110.026814
237.025515	254.161923	111.795407	106.005056
241.194647	251.414225	112.857273	109.597435
240.516507	250.024866	109.514330	105.796849
230.627145	240.100645	110.301477	106.611853
227.627908	234.694836	109.597117	107.634547
234.913353	221.921990	108.350666	107.162958
233.033852	209.322137	110.727158	107.342468
226.357166	208.341910	110.447249	107.777395
230.854249	211.963157	109.813441	108.474493
232.476135	209.281596	110.971288	107.378887
240.191098	201.868502	111.583016	109.400853
242.129132	198.411345	109.771861	109.557165
247.346005	207.929875	110.447796	107.267386
242.922490	224.216231	111.293573	105.307073
245.106917	232.273348	108.771597	109.277235
241.914008	227.907238	111.466525	107.202890
241.591755	221.788066	108.853663	106.354734
249.282941	215.709046	107.368723	105.870664
256.612984	214.466082	110.757905	107.605314
249.623570	220.994647	110.626259	108.903392
240.768893	228.853822	112.644976	105.827588
243.189797	229.366894	108.057645	108.918983
245.261383	219.223240	108.234028	108.087552
242.372239	214.271793	111.713098	106.693471
235.239600	222.925814	109.657132	109.558194
228.851498	235.553298	111.251646	110.382578
227.642180	242.507502	111.866672	108.347635
233.530221	237.428498	109.771865	109.982104
256.770793	234.123301	111.406843	107.685798
267.663037	220.211519	111.765003	108.355225
250.131113	219.498551	109.495951	107.912633
233.228174	238.510874	111.255224	106.362586
240.507349	248.771707	108.147058	107.550746
268.056358	243.911774	109.791766	108.269621
273.900421	228.938279	110.116279	104.665215
253.597848	219.642137	108.801344	106.461328
233.226657	219.138285	109.416910	108.172000
227.195490	219.664025	110.128465	107.561327
226.877960	219.176151	109.105102	106.917756
231.978130	211.628111	109.255058	106.480854
229.647806	214.548092	106.514433	108.974917
219.013040	216.350368	109.290882	109.029703
227.922518	223.170963	108.442608	110.468244
232.019477	235.124968	110.918719	106.414025
241.776131	239.533215	106.085999	107.160077
276.011051	243.272955	112.035671	105.324484
311.598150	234.713208	109.671479	107.450203
286.046384	235.941903	103.446668	104.557877
236.284545	244.585442	106.715251	106.971503
203.526399	261.799516	106.292537	107.765768
200.215385	259.975546	109.844199	107.099099
235.125879	253.094551	103.809214	109.220227
253.004394	246.678585	109.502842	109.774932
239.271201	247.408688	110.006457	110.935330
217.520594	251.809969	111.594486	108.541965
205.553513	249.897493	111.229956	110.818810
211.871952	257.909710	112.209221	105.824076
228.943046	255.713257	108.723278	106.826799
235.908646	249.378374	110.067927	107.695989
241.802803	245.771246	109.773291	108.328423
232.683016	239.228504	111.452714	108.357886
229.210708	234.586215	107.357044	108.234583
235.239281	228.379291	109.917757	105.838009
236.444707	218.915240	112.022683	108.070898
235.864644	212.820080	110.337107	106.711731
236.976337	207.516173	110.936182	107.830423
241.890595	201.469910	107.448950	106.940661
244.416541	213.296897	110.516051	108.780626
238.575324	245.094509	110.310446	107.265738
225.706942	274.433571	109.239248	108.091557
221.214452	278.950144	113.341096	106.932111
228.983025	257.630530	111.104110	108.979386
235.820721	238.388439	112.222525	105.206560
246.208441	221.393420	112.672352	104.232968
253.786898	201.977659	108.619768	108.255160
245.849076	187.969309	110.212572	105.451561
241.857626	171.708070	109.718225	107.188483
244.341319	159.684480	109.202415	104.928219
244.008489	146.782910	109.610707	109.370266
254.661272	153.673045	108.833003	106.413472
262.484668	173.914131	109.843184	104.604301
263.916501	198.762972	112.086536	108.405426
266.382420	231.519870	110.747075	104.078325
270.231473	227.644148	110.218785	106.893745
262.613010	204.523176	112.932448	110.173747
269.862515	191.991801	110.511120	106.660123
283.078693	186.638532	112.798459	107.910701
303.059797	194.254815	109.449691	105.572251
308.444870	202.218841	110.568739	109.874238
300.641273	208.238817	110.352924	107.066430
286.875410	211.584966	108.970313	106.590116
283.200399	215.031092	110.814707	107.713134
289.739735	235.931460	109.426976	108.992109
296.291721	258.827966	111.169852	108.911311
306.549021	267.963890	111.022358	107.971033
297.300618	257.865523	107.716990	109.983525
283.062096	239.070906	112.427624	109.964580
280.524956	217.341224	112.226599	110.827729
281.629877	196.357058	109.541575	107.855855
279.167009	193.619874	110.341059	107.437400
277.824242	198.276689	106.609900	106.075317
281.000496	204.787168	111.789051	108.117916
296.188368	215.282138	110.509608	108.777574
302.467046	222.900013	111.482873	108.684241
301.171293	228.414895	106.060094	105.744048
292.286405	234.473786	107.171945	109.245629
285.486074	237.106048	108.192296	108.683251
283.700199	230.836633	110.749278	108.367553
285.662470	219.663856	104.617924	104.716744
287.493456	201.707097	107.172105	106.002226
286.870367	187.953865	112.821086	107.182731
289.390463	188.286462	108.604578	108.014154
293.981544	186.162567	108.850301	107.308696
298.883027	192.111795	108.229120	107.288849
314.470478	207.800550	111.168020	104.725455
321.463244	229.677381	109.958644	108.117372
301.995033	237.924215	108.762491	104.911759
272.014045	239.706259	108.355388	108.489658
247.482057	240.490599	110.960625	104.118659
231.709476	228.193727	107.326196	110.304270
216.706665	208.847393	109.987435	103.567671
216.961531	177.221429	114.630805	111.127620
226.862947	161.481015	110.929849	107.914382
252.955258	168.963804	103.641846	108.557151
262.952427	183.614561	106.212059	106.600221
270.283646	196.201039	108.983230	106.365072
271.206612	199.221625	108.837974	106.954285
274.553881	198.566455	111.287118	108.097234
282.641399	203.688504	112.531661	104.610292
282.525769	206.778435	110.551617	106.800295
282.982470	209.141956	108.515678	102.866725
