227.000000	207.000000	122.000000	99.000000
237.274378	209.045688	123.525615	99.508591
255.257045	210.599342	120.984771	98.144173
265.409625	220.979631	121.442388	96.092312
260.816697	230.488322	120.719235	98.277932
258.294059	241.229120	122.179196	98.265961
248.889372	246.303397	120.721571	99.577178
245.107136	250.050799	120.914862	99.981479
249.621536	252.539438	122.892032	97.771101
259.400331	258.330478	121.581332	97.967971
260.781664	268.419439	121.299618	98.600424
253.061869	267.994120	121.695036	100.186659
250.077398	271.197857	123.073471	98.886400
262.697827	278.518397	120.662038	96.112671
267.911292	290.885342	119.755298	97.790483
275.184166	302.903054	122.748737	100.220777
280.178403	310.837794	122.280697	99.712249
266.721754	309.444197	122.980305	99.946683
244.187210	300.780566	122.512229	95.427795
242.014056	278.212487	116.984819	101.800941
246.575371	267.904957	123.050652	99.675737
261.589781	256.728475	123.207802	98.410101
274.690452	262.044823	120.371839	101.187320
260.195382	284.405880	128.172184	100.212632
238.997378	304.842549	121.285455	98.978247
218.750289	304.071006	124.299122	99.891997
239.818692	280.705516	131.316930	100.915134
264.226053	257.875388	123.404551	98.047374
285.043175	252.576366	121.456800	99.391845
287.196236	266.053001	126.093169	94.726329
285.298835	272.321222	123.693230	97.268654
260.688578	268.298867	120.359548	96.327625
223.875520	262.542527	122.811909	97.188418
205.558378	253.377340	118.552141	100.527542
211.440522	252.824634	124.732071	97.842603
218.594183	253.637896	121.847314	97.716558
221.077441	252.356629	123.338895	99.333669
223.704239	258.665968	120.202356	101.110476
217.996007	263.324494	120.905057	97.030122
211.681567	257.557989	122.966144	98.449919
209.290793	242.943267	121.261541	96.404146
213.863237	226.610705	122.577581	98.202284
227.697639	209.020755	119.211545	99.590508
237.093041	207.122557	123.233519	101.807276
227.551887	232.160811	125.844847	96.159531
219.050330	254.164658	122.790264	99.724904
233.017993	266.930461	117.199221	96.230337
244.555219	274.717100	121.951777	98.063986
239.624204	286.378270	114.692333	98.963539
226.491374	294.943454	120.705018	97.013844
220.319032	279.468705	121.221124	99.803744
212.727497	259.428973	118.095462	98.129172
201.862092	233.148604	121.556489	99.981153
211.801420	223.903484	122.198319	96.846609
223.262451	226.581539	123.355692	99.701911
239.627470	228.846724	121.156800	101.689017
242.972404	223.894233	122.471195	100.720995
248.545858	214.785829	121.970748	97.023237
245.448706	211.156247	116.581584	98.377164
223.289744	224.244030	118.047338	100.341330
199.782056	246.929072	122.815933	98.704265
192.053658	255.462828	121.515563	99.146401
207.537718	248.344498	126.110312	99.607482
237.066470	239.231198	120.094280	99.108750
251.432918	227.143510	122.394414	97.679103
256.785637	213.391193	123.047546	100.860152
248.108367	203.931794	122.223212	100.075810
232.168372	211.070121	121.147432	99.312048
207.580574	221.119309	119.909006	102.345990
187.866900	224.085716	122.126497	99.674492
181.921731	208.551785	121.549431	97.439013
186.055163	175.389419	122.307997	100.153848
183.523241	165.628161	123.100917	100.520238
176.829608	181.623123	125.001342	100.791415
208.711025	184.100779	117.144208	102.755999
239.022904	179.734929	125.784536	99.830024
240.516813	204.558165	123.879093	100.923559
218.278980	256.430861	120.893316	104.983002
231.149598	318.751986	129.550722	104.077361
279.534754	344.857768	117.819871	98.671783
305.821387	332.451581	124.806069	95.850475
293.088075	297.520178	119.504191	100.407086
251.548446	258.804711	123.272415	101.692256
213.694985	226.059827	119.077745	100.084798
193.276892	221.155922	121.368309	100.194160
195.679681	239.394067	121.849391	97.280081
208.679482	253.925136	118.376396	99.609006
209.032824	256.904924	120.312342	99.379510
208.279842	238.412008	124.699617	95.693809
215.273887	209.607334	124.544306	99.431930
216.120031	196.995559	124.164081	99.409313
215.191629	197.810965	120.735114	99.073782
209.710900	215.692689	120.139840	99.385423
219.504048	229.765779	124.313295	99.115981
241.823030	224.126445	121.320690	103.166651
268.064991	214.837192	118.519952	98.080406
282.204323	213.533176	122.191596	100.669567
306.511018	232.679027	127.790436	98.971825
341.492293	241.495897	121.525131	97.509241
364.642361	243.362265	121.768676	100.208607
369.596435	230.299830	119.904690	98.996071
351.499233	212.435776	124.269989	98.039241
322.101425	204.923786	120.168611	98.715185
291.445228	210.730784	122.160892	99.893624
287.302082	210.675400	122.512601	101.774612
298.671532	216.114897	122.093732	97.886080
299.725128	222.384370	120.622951	100.582928
290.823933	233.046819	117.118382	101.440207
277.106180	245.552532	124.267817	96.392401
276.591044	244.633667	122.088297	100.212046
293.372897	245.729033	119.286084	101.021704
263.355697	254.037042	127.329253	104.244303
241.884535	271.414242	119.615013	100.473288
227.894420	259.711129	123.783569	97.867920
233.396175	237.057366	122.009669	98.227853
262.362902	218.182536	123.681770	98.246721
281.457689	205.850672	122.253596	98.267113
276.238361	211.169734	126.839757	101.640136
255.798507	234.006772	122.427578	99.433092
248.867488	246.791852	120.377415	100.666215
252.067249	253.241224	122.080386	99.093851
271.520648	250.810309	121.900889	99.822179
287.950263	249.034729	119.987948	97.153154
281.059323	236.828653	121.527869	100.225977
270.789949	235.480222	123.508770	97.261197
273.689795	239.631197	121.069583	97.863446
288.842438	240.257930	121.470192	98.218726
300.122123	228.047853	122.802171	98.560900
287.506352	210.714930	120.363918	99.528291
264.002749	202.217938	121.616559	99.213421
261.672103	197.350744	120.266739	101.143061
266.375564	200.190447	119.504835	98.493123
258.895868	202.162808	122.465601	99.015555
226.453042	194.808794	122.034535	102.529590
207.384583	189.431954	121.475840	100.254135
218.472954	188.711665	121.734727	97.785186
235.218414	187.253156	121.405818	99.232248
225.934219	185.986781	121.486019	99.914319
176.203455	189.741806	128.000017	104.714505
148.096701	200.359705	120.981439	99.690464
184.084290	202.669342	125.965706	105.349146
253.493073	206.444182	125.928329	98.927858
293.619583	207.181994	122.497162	98.388010
308.776613	207.134541	120.747187	99.566820
301.351417	206.863909	121.924512	101.516143
276.099509	201.910989	120.248993	98.783378
235.751519	197.738373	123.853013	97.255742
203.565708	194.704689	122.452552	98.889130
202.560458	192.426175	118.093443	100.259335
211.647361	194.969209	121.844849	100.478521
219.786536	194.574719	122.256417	99.891065
209.941494	191.678010	121.552534	96.690666
206.247502	185.171569	120.530413	99.877538
210.660394	184.770254	122.874107	100.831930
229.910253	184.811167	124.329225	99.229850
262.702267	172.212956	120.898793	99.664870
280.545553	157.867720	121.983776	97.670450
266.358915	154.415263	121.061621	101.586973
247.453503	160.704982	125.663954	103.032298
266.864107	162.557092	114.661614	97.569440
289.587502	154.396830	121.105158	101.027204
307.504477	157.488461	123.288230	101.049679
291.126457	194.273345	133.791654	99.921990
278.329197	233.520225	125.026811	100.230951
272.793404	250.241054	120.933625	101.523130
280.051133	236.502215	119.606545	102.220274
272.599635	214.978924	122.132078	100.021766
253.719103	202.118435	126.942782	96.344646
246.524719	199.804964	122.662313	96.981019
235.826079	206.454965	123.335431	97.457914
231.579116	202.563361	122.377383	99.656884
233.235973	199.954869	118.901273	100.574550
247.123893	195.922201	122.075160	99.222312
271.632014	182.382136	121.842854	100.295583
284.172933	182.305101	124.968716	99.052774
281.996089	186.280426	123.386111	98.663604
283.652789	196.202463	120.447487	101.640177
284.674731	210.694280	122.249258	98.572149
280.086215	229.715729	124.605039	99.058671
272.037852	241.346325	124.870941	98.093991
265.379402	239.291017	125.343838	101.339808
270.484145	223.177644	127.610573	99.624160
283.122154	209.281008	121.374385	101.653946
280.880562	195.068309	123.866587	101.424168
263.466389	185.702864	119.624504	101.621422
250.990033	184.261633	120.379587	97.402378
241.177171	191.355215	120.715178	100.868007
233.560080	207.081417	123.392578	100.992899
235.546643	224.762514	121.261098	104.472095
255.702721	243.696211	122.584016	99.369292
289.503284	228.652749	122.981267	100.265191
321.473349	211.520720	119.231854	99.284985
319.204172	195.788900	121.719002	100.707286
312.481050	190.318103	122.500347	98.291095
326.958840	189.395584	119.844904	99.382934
346.867306	184.540960	123.826793	100.625842
356.825275	180.286274	123.335787	99.770255
358.700870	177.270966	122.733260	96.571860
341.377709	177.474550	121.585083	100.767894
320.243563	191.889135	121.366224	100.158250
330.128131	202.052704	126.074241	100.584343
378.749248	192.384402	121.823487	97.309385
409.951708	189.025273	121.237246	99.642216
426.464085	190.820967	119.315063	98.509364
434.210423	202.906134	119.202846	96.715741
436.307107	205.998519	120.603385	100.328010
449.893414	195.099302	124.228279	98.017149
448.547263	183.290957	123.212707	101.388750
421.692981	185.207010	122.750687	100.229411
387.730148	193.803919	117.374536	101.223948
345.675216	205.607376	124.226319	97.810001
318.996538	209.768153	118.608436	99.181460
329.940971	204.412444	117.075583	100.397208
342.488716	195.993738	124.451929	101.286138
358.523585	186.021988	121.740672	97.902946
365.724732	178.875659	121.956970	97.132730
363.417252	182.936041	126.145815	98.567829
355.672619	199.935129	121.873828	99.989597
347.878835	211.515424	121.027481	98.575386
323.087138	208.902484	125.431072	98.651727
285.710820	195.121471	119.922135	99.700284
234.875459	192.450817	121.421007	100.699673
209.054835	193.603146	123.541682	100.037062
214.304615	198.275117	123.582080	96.071955
227.229669	198.084146	123.727838	98.985913
229.532366	190.642482	124.557102	100.435407
207.917383	192.417539	123.994167	99.254612
200.482646	208.268019	124.680144	97.418945
217.081650	222.522543	121.638610	98.427776
249.846647	235.838539	123.047489	98.155624
269.737447	235.589287	127.532688	101.243774
263.604520	235.541419	120.356366	98.412570
226.749376	227.638959	117.609732	101.511401
187.707316	224.789561	124.778442	98.250058
179.995742	224.688301	124.372195	96.575939
211.067995	221.069260	122.182667	95.510573
258.537444	217.554214	121.637193	98.695368
298.038279	213.011839	122.952495	100.813053
298.974698	218.949816	124.151289	104.313136
250.775610	226.452298	124.229744	94.540823
199.816125	223.205563	125.008509	101.336752
157.005514	219.591690	118.014511	103.919235
137.376446	214.995710	116.868422	100.526403
143.331100	203.231508	125.477227	99.515037
174.803883	190.353935	121.258204	102.473516
194.179317	192.438264	122.243582	96.492405
205.880044	188.017758	118.750184	102.625258
218.290790	190.685767	117.698865	98.386260
241.186326	194.737630	124.312538	98.689987
257.032855	199.148376	125.507608	98.820088
263.821636	205.572717	119.395147	98.271725
253.769640	205.291138	122.236077	100.588863
240.870685	214.946435	120.423918	98.948877
234.741093	226.502803	122.732207	100.838199
234.801209	241.873058	122.585121	97.600385
232.930426	242.676859	124.135505	98.294389
237.277265	220.217635	126.097368	100.284415
253.825626	194.037435	118.500510	100.950151
254.396608	194.512738	121.549770	103.851629
240.877347	217.373150	123.183105	101.252889
235.822471	238.748637	121.042049	99.563422
224.307148	249.023847	123.704583	96.144724
212.805010	246.347790	123.128915	100.195044
209.701253	233.163678	119.291564	100.358474
212.049401	209.902614	122.785786	99.271831
210.124777	195.425730	123.403821	98.270776
226.238601	206.550302	119.032702	94.230758
242.266898	220.867697	120.900586	98.443591
258.291960	238.428634	121.445992	100.759143
255.063160	243.528919	122.657255	100.023551
248.322517	228.671113	121.077063	98.432372
240.041537	217.737509	124.832369	96.704249
247.360443	205.710126	126.355082	99.655976
257.378245	205.577821	124.766941	99.366257
261.524343	207.811291	122.443915	98.984697
262.739084	207.037567	122.368087	99.413317
263.144219	201.561429	121.249607	100.369962
270.859522	198.207755	122.430147	97.654472
283.295015	194.800335	121.468577	101.631465
292.454706	191.261624	123.262999	99.479779
284.535171	176.142824	125.793338	99.989838
278.630773	170.198132	124.195612	97.868531
266.629378	183.933276	121.988649	96.508911
275.362407	206.134280	117.986369	98.281977
291.960742	225.252186	122.813321	99.397432
312.956082	221.390243	120.053246	99.282774
304.771422	196.574925	120.087537	100.124578
280.752633	176.015889	120.099879	102.104299
259.926632	188.757998	121.327323	97.703084
259.289147	198.322704	122.509215	98.862944
279.072329	211.803580	120.047824	95.955211
290.441882	214.736197	120.667582	99.271509
283.770375	209.696109	118.561516	95.297360
278.193112	186.821955	119.290151	99.649886
267.663032	167.554959	122.566309	100.085342
275.291490	165.889129	123.340653	96.655042
300.382105	173.853042	122.292874	99.029083
311.786142	187.454083	121.744948	98.885668
288.000678	182.539654	120.796113	96.020366
253.856552	169.436264	122.317174	102.083579
216.808537	172.002585	123.260829	98.312055
224.544310	173.252057	117.916117	101.252385
242.393114	163.699043	121.309702	100.848318
257.614952	162.064885	119.884400	96.443727
262.539691	151.464768	126.515507	99.888432
249.505482	153.735191	120.001958	99.317117
215.166845	157.433053	118.633458	99.411912
197.610577	172.420044	118.816992	101.260195
189.658208	182.280200	122.364189	99.686223
175.032357	187.436717	121.475038	102.716971
156.646529	198.625060	122.135905	99.522653
151.708515	208.564167	121.622906	100.500724
163.729577	206.132203	119.051141	96.041581
183.435756	188.084517	123.215510	98.515994
199.648944	181.964199	117.972843	96.826440
187.596257	183.606148	124.447713	97.441538
172.773185	194.578536	120.977216	100.202347
172.965040	204.743838	126.573007	98.639719
190.975372	195.124919	123.550138	102.557257
200.750276	179.593027	116.021587	97.929489
210.205340	160.771229	122.312938	95.729303
235.167214	149.347428	121.370526	97.797533
254.272354	155.597682	115.434833	94.643401
248.210124	179.354403	119.156880	96.417161
238.678800	193.928283	122.498874	96.537883
234.997450	192.695058	120.659455	99.240837
240.586680	176.768507	109.853532	89.120387
225.605413	144.075744	120.221784	95.563673
208.728617	134.676560	123.063938	100.649646
209.434677	154.168325	123.454517	98.309470
227.190034	174.639388	120.500656	95.955542
235.184754	181.976241	121.650861	97.344739
251.035601	174.704650	118.965042	96.971045
257.196063	154.621220	123.547854	101.842980
274.225867	153.336563	122.421875	100.572346
278.522199	161.830498	120.536441	97.945029
274.175041	179.400578	123.366745	99.496278
251.800401	183.757220	121.399622	97.981592
197.986303	171.455825	122.296584	98.238949
164.403523	163.079313	124.757744	98.057323
153.575088	161.440098	121.860712	99.253935
152.948848	166.359417	122.764745	101.351640
159.095678	174.111919	119.886592	99.681458
170.239634	174.810458	117.061283	99.369261
196.494323	168.510155	120.481835	104.511614
225.451011	160.150129	120.734073	98.635061
241.878097	154.774941	120.308046	102.248430
246.368048	153.136835	122.147608	100.194820
244.485118	152.673760	120.914027	102.269529
231.437803	161.478795	120.850104	99.778883
226.192115	174.274400	119.643696	100.497968
217.822662	185.448250	119.743237	101.476395
198.005796	197.478685	120.743023	96.500949
161.917302	201.537253	123.473827	97.783347
140.269024	200.333491	115.706241	97.765055
110.946754	194.291913	120.323353	100.982981
105.942702	186.125396	117.900322	98.784476
124.280266	187.590761	117.139911	99.350727
146.770905	184.727539	122.626870	97.763210
173.514115	176.633131	123.744731	99.674226
190.514202	170.917384	121.146132	96.935766
206.317711	168.909180	118.757081	97.362021
220.930052	167.492760	122.273788	94.802694
233.575896	160.272113	118.248339	96.020618
223.032386	139.490636	125.395560	97.615357
202.257422	143.300935	121.690415	97.261626
187.633811	151.028566	121.267129	97.662880
199.158662	153.074151	125.202794	100.198619
222.567165	159.014796	122.779722	97.394257
238.251420	146.604525	120.366355	98.969939
254.247245	135.376798	116.983900	99.846758
259.432619	137.663448	122.504973	97.481972
253.375162	139.113592	120.502284	99.772904
249.935006	153.081177	119.403528	95.943345
234.455219	168.606197	123.234780	94.628600
231.802811	181.369702	122.881698	95.597139
234.797480	183.222901	120.031952	100.134762
239.192077	182.254981	118.201537	96.251606
248.989417	173.395946	120.639575	100.254545
255.648711	167.356340	121.904924	89.657263
272.611577	152.563678	124.871055	97.826100
301.577349	157.122232	129.813845	94.496194
320.894287	184.389812	114.626414	91.120247
317.457967	203.826115	117.932904	92.906877
294.819006	226.946923	118.236311	87.765252
264.271666	228.941439	118.485106	98.111278
254.911176	216.491644	102.197593	97.422103
253.432024	191.884609	115.601485	86.480814
243.301162	171.654870	116.379153	94.406717
231.341476	171.483045	118.057911	97.859794
241.050808	193.456803	118.128192	92.410901
263.790369	211.233973	118.610906	95.260895
260.915424	216.504439	123.290814	95.097680
252.810479	203.272990	119.489514	94.633957
264.452843	172.828628	119.836083	94.495333
267.945966	173.383271	112.809916	100.760241
266.294977	195.057014	118.810545	101.740048
270.073173	218.539054	118.818270	92.858256
291.575927	212.257420	114.773617	84.300251
291.288720	183.158152	110.021198	95.001589
298.372079	178.047610	113.924006	103.219385
282.013288	200.986942	118.744951	99.466120
283.859596	210.802565	119.197041	94.097529
277.655945	202.761950	123.412767	98.638689
261.892372	188.089554	120.376312	98.377494
240.037885	171.560165	117.159200	98.018905
234.303906	183.061784	121.185146	93.936232
248.556105	198.148070	123.554183	104.672033
262.562459	216.332591	120.768008	97.199155
269.799249	209.402443	120.675950	94.365683
275.549679	185.487113	121.392586	99.618341
281.443022	176.638560	120.337315	97.415631
293.489289	187.384675	126.257019	96.431812
307.444056	197.523482	123.355386	97.900722
297.932745	191.629459	117.432109	95.406811
253.422411	177.731088	123.069443	98.785555
221.352367	164.146718	122.481768	99.040638
218.284753	170.015449	122.348949	95.923817
218.454132	178.376241	121.188477	100.390822
197.184408	183.034452	123.455374	104.316416
200.781413	191.921342	121.403419	95.590711
233.678350	188.691182	119.691232	98.171998
250.829285	184.203427	122.029454	99.135169
239.933451	189.606473	123.018258	97.179771
207.818850	194.801794	117.879176	100.560852
196.008627	198.697472	124.533135	101.016916
246.265426	195.058657	115.441480	92.223931
277.010974	182.413639	119.364313	97.994379
269.816806	174.807839	123.758011	98.328563
249.105053	172.534796	123.083753	97.114678
232.276671	173.796183	119.405347	100.683825
233.875204	183.184854	123.419004	99.881730
277.294542	190.874910	123.017743	100.369770
332.252478	189.215092	122.612086	98.112365
353.133952	178.926640	115.168966	97.611010
330.933789	171.920258	122.940535	98.848708
303.046201	166.169713	119.095198	98.510164
255.525616	167.521795	121.824031	101.585283
226.436223	191.249160	119.638752	97.130581
233.029011	200.565150	125.492361	97.369198
273.807808	205.865495	122.250924	101.955439
299.750657	207.078509	119.079582	97.313639
286.059975	190.913833	126.877020	95.194002
250.299211	184.597273	125.832195	97.300667
225.990423	192.767307	122.816458	99.663488
230.256604	208.758279	123.674168	97.350636
253.972477	209.866015	122.384067	98.739051
266.255387	198.930830	122.617776	95.059976
262.281115	180.393520	119.236688	99.791292
247.784861	182.943636	122.489441	99.483361
246.710034	198.379872	121.083349	98.102763
257.184718	202.881667	125.458782	101.981090
279.574781	197.615171	121.113259	96.620219
292.991311	176.546327	126.302189	99.390648
312.513412	170.076547	121.281255	97.276697
330.840554	180.033313	117.134219	104.036725
344.667150	206.918868	122.951389	102.233674
353.587332	218.613188	129.467828	86.290792
357.267622	190.254634	114.955985	101.864618
340.530192	171.229218	121.027403	98.504551
344.184300	162.908365	120.414167	96.127783
349.293470	167.526786	121.640877	98.739320
348.139337	173.879773	120.206037	99.354648
332.512350	176.681731	124.082632	97.793391
308.475163	184.934260	123.229363	99.311406
270.002243	192.387468	122.687353	95.011315
253.557425	191.346336	123.088352	97.066774
241.890308	177.835489	122.248195	100.571349
215.727448	158.733479	121.710814	98.087035
182.031366	155.345955	122.142757	97.250808
154.736392	165.258188	120.675155	100.300979
159.368819	179.612298	122.318425	96.988054
201.530736	184.865391	120.648978	97.809119
254.253153	163.105591	116.348734	95.789224
275.933324	140.946036	119.168873	101.309677
277.597106	140.804740	122.816524	97.764762
263.350295	156.835101	125.016409	97.385001
276.574241	181.176334	119.060795	97.692918
293.226845	182.929813	121.457977	94.950922
302.569143	166.799207	119.360035	101.216743
276.621091	163.741298	119.855188	101.445214
227.033539	193.129963	125.452474	105.209253
196.499958	216.127854	119.812507	98.818982
198.411927	226.211592	121.134695	97.105086
222.036828	222.840185	121.607285	99.707506
230.525626	208.693250	120.245635	97.062754
203.120499	200.278067	117.176203	96.136847
189.682677	217.031363	121.450606	97.020884
195.486378	245.729401	123.790760	99.487870
215.739204	267.663543	122.478848	98.814169
234.290744	268.025585	122.408935	99.213943
237.296188	250.056390	122.154092	102.450773
252.958505	227.850455	118.200804	98.350296
270.137403	210.735359	122.139653	98.562055
274.854657	221.616728	122.842151	95.618981
280.766518	231.411054	120.950268	99.591740
308.801733	238.114465	118.040256	96.400964
338.349701	222.369384	124.887101	99.546706
350.203459	192.560113	114.620088	98.318544
314.965324	179.680096	117.409160	97.980819
248.641937	191.387684	117.340435	99.976376
211.133217	233.183177	111.156170	90.044092
221.937930	243.309894	116.409254	101.473806
255.344317	230.648907	110.436620	98.995006
271.038531	198.663254	124.453330	100.299512
273.095343	192.182607	122.779539	99.751854
273.362650	201.966693	122.805600	99.304903
310.586201	205.257968	121.884215	100.214318
358.148531	203.140728	121.465321	98.199625
373.036194	210.078186	122.184527	98.339189
352.712268	213.660895	117.036931	95.963121
292.527039	223.952902	120.661547	100.152058
238.707886	222.616283	122.450770	98.909770
209.163500	209.749661	122.051049	95.519480
203.252221	190.642249	119.768334	98.231219
217.850136	177.799756	119.983825	101.398615
239.010438	180.266303	119.607641	101.187153
254.484204	185.439536	119.051578	98.687652
279.458035	189.865598	123.261131	97.259156
304.707975	188.872756	122.834866	98.315418
311.112480	182.029935	122.843806	99.799052
296.722527	176.048978	123.315870	99.571962
273.164865	176.700008	121.750801	99.523419
247.514167	181.378447	122.097642	98.670320
238.802640	185.353416	124.047842	101.017453
240.284884	185.388080	126.001189	98.517522
256.515735	183.358910	123.737013	97.837311
258.735678	180.923990	121.564749	99.954872
248.129565	185.259464	123.166855	100.225514
256.717879	199.544704	121.980284	100.757825
294.651227	217.435869	126.390877	100.274376
336.854731	219.863977	120.673002	98.662979
350.843431	211.081938	119.434949	103.185410
326.077987	210.113480	112.996405	95.521560
274.269305	205.173388	120.403909	98.286197
230.006246	204.172055	125.480062	98.425593
206.650458	201.538208	120.231280	99.666434
216.021046	199.966037	118.285319	100.272007
229.332690	204.772921	120.845224	98.175220
245.429741	201.040265	116.614770	100.535448
252.750540	190.296058	122.915266	99.061875
258.593897	180.857681	123.509768	100.288506
255.969992	178.559006	122.284669	99.117062
249.803521	183.349207	121.078776	97.553218
245.537985	183.151729	123.366431	100.008039
241.075906	178.523211	120.974173	100.200674
218.519875	177.083453	123.206032	99.700897
197.346127	184.076196	119.177611	101.353688
185.790130	194.196037	121.873439	101.993745
186.082826	203.971677	124.757363	99.924383
201.693218	198.330027	125.250359	99.320615
196.778550	190.795360	118.853351	98.364404
172.821963	199.219901	120.726233	100.038098
153.347419	219.881366	127.675637	101.519685
148.305313	239.569735	122.917761	99.034400
140.057733	244.336381	123.941423	99.829350
140.996809	237.369592	124.142702	100.505270
148.790379	226.537839	121.668558	98.081314
160.658364	218.788407	125.139001	99.287528
166.518801	218.845906	125.070395	104.260683
184.970303	221.320520	121.296830	102.392150
195.947639	226.275289	125.064150	99.902517
199.215785	215.058376	124.981449	100.449503
202.899530	206.955387	121.809527	106.304334
191.866679	211.768690	125.292254	102.977774
192.986430	222.901605	119.413282	105.797783
169.752991	225.815103	124.125787	100.638731
151.503501	213.651758	131.814300	99.987494
144.190971	205.665722	119.934584	110.450605
133.816537	216.130769	122.801926	101.944000
144.012357	232.665811	118.868835	96.245846
164.085201	245.518247	121.182057	99.785911
160.525943	246.855795	121.907010	100.165074
156.201658	240.625576	121.556602	99.063706
140.073348	232.746551	123.704009	99.507818
138.264967	230.706604	120.501318	98.661474
147.824067	234.456828	122.155893	101.052606
155.689842	245.916713	119.039507	98.553002
146.452303	247.862367	122.181073	100.506327
142.575645	242.725112	121.878565	100.310050
138.936519	237.281751	123.446625	98.929976
141.481443	229.006230	120.375776	102.240835
133.741493	226.968636	123.049917	99.477495
117.170077	234.772747	121.961378	98.167559
97.520854	245.009325	122.511920	99.993054
