197.000000	203.000000	170.000000	149.000000
190.046976	203.046986	168.311666	148.230139
189.356995	208.337801	173.105327	147.047336
214.324006	208.245610	165.356474	150.929126
233.423149	206.514965	169.048676	149.700759
245.529227	204.586558	169.303165	149.351297
244.546335	203.260432	172.259539	145.723059
268.162062	203.313854	173.015820	148.082186
270.926926	191.492475	164.321581	148.965903
237.529719	183.619788	165.926116	143.947935
186.012352	174.202440	171.487405	149.891641
158.467670	180.930853	165.509990	150.063390
146.347349	173.714737	171.434305	149.625885
156.493673	169.801486	170.280110	148.145969
191.440651	173.892310	169.728314	150.253979
240.542920	180.446753	176.132321	151.445255
291.320416	182.975974	177.160795	157.914005
310.523346	194.062176	168.751916	144.974106
285.341856	197.876629	180.524712	147.661449
236.338117	202.294345	163.436243	142.879581
185.676435	201.791731	166.535718	142.692109
164.092533	193.390944	165.438271	148.904127
158.565050	182.404788	169.177114	147.861411
164.761113	171.381778	169.231852	146.377993
177.012678	167.588768	170.127785	147.435926
194.508383	174.648694	165.612215	148.145381
201.945999	177.380085	170.608625	147.387610
220.169912	177.807145	165.138111	151.723844
219.033324	197.619513	174.644830	152.403900
221.294204	229.491694	167.548737	146.553168
237.952947	256.933976	165.357132	140.386659
244.572042	272.170227	167.867882	141.286843
232.281750	256.508542	159.184036	143.676718
214.406417	235.902957	168.750586	146.918039
203.655237	218.169546	164.257840	153.780743
195.751967	192.567602	155.997888	148.620690
190.844827	174.350993	171.177098	147.217548
213.542000	186.169212	164.895718	144.309709
226.706176	213.240673	166.380486	150.725152
244.561113	240.672374	173.327068	147.418575
259.062969	247.476626	171.287694	146.552469
247.259948	228.968538	172.173428	152.148183
238.254933	202.181391	170.882471	146.030807
211.733244	174.382634	161.712100	149.794432
157.662906	166.544474	166.727552	150.709586
133.577745	181.488902	164.984097	145.112760
118.755216	192.923936	173.883680	142.894315
130.114824	205.658884	165.542273	145.160249
135.071968	198.720378	167.435787	151.922591
165.653941	201.605426	164.210148	146.085272
193.347534	202.620093	167.103558	146.847377
208.218899	202.535221	171.076923	149.029136
233.902377	220.966363	157.512448	146.005402
249.100647	235.727079	169.793098	148.117879
271.160470	243.528568	174.077656	151.047130
281.165192	243.781802	172.573112	150.308255
267.726886	228.616396	167.435833	148.333822
221.878496	218.057021	166.616548	141.080962
160.138826	189.220111	169.601343	143.784613
165.804631	185.729834	178.384619	146.513597
209.065631	188.387358	167.978914	142.694885
237.184848	182.148202	170.210472	153.202382
259.848170	196.337113	164.428982	144.458040
271.339565	207.975890	172.807410	144.440084
271.064225	218.072158	162.013783	151.927744
273.040581	248.281325	155.157891	144.547847
247.736724	258.512580	171.907131	149.700089
244.955392	255.928217	163.176221	153.830710
248.948568	251.693530	169.164450	149.428103
229.593660	236.390608	171.202096	149.800402
207.459467	238.853387	175.047930	144.119203
196.009279	230.354147	171.516382	154.536808
200.038956	224.560724	169.627290	146.065020
218.617152	216.391829	170.577060	145.911907
225.474182	204.204630	158.140273	146.290811
223.596673	171.630625	177.193452	146.431047
227.500952	150.053164	169.864166	149.373088
247.147120	156.357244	164.385680	145.783881
265.671930	177.164591	170.683961	149.411667
274.472307	213.690279	158.300159	149.120335
262.569255	249.808176	172.484817	149.377440
254.214705	266.296925	168.186545	142.709172
213.909276	255.351556	173.570606	151.896133
178.910798	238.743793	171.268534	143.785408
163.528254	204.963710	167.712972	151.660312
149.904964	184.999409	169.576726	145.159900
159.615188	167.074340	167.958287	147.508451
177.123380	168.319705	165.261731	152.626165
178.445704	201.673872	169.169072	148.193437
186.037072	241.184812	168.602998	148.710961
187.119394	261.760080	169.669421	150.793476
184.442454	259.368433	175.082259	148.231601
197.892003	248.929385	163.902917	148.545305
207.505205	229.432345	167.835726	153.262416
219.567130	200.029027	175.367571	152.720585
218.292353	204.996797	173.973819	148.223516
210.094018	211.093154	169.523988	149.749451
202.621208	206.554136	169.181190	148.145743
196.817346	195.541835	166.823075	151.574598
177.424537	175.894959	167.894989	147.738504
152.574208	168.721938	171.305008	150.564555
169.550195	172.892715	172.239889	151.381275
202.405746	193.809386	170.017950	149.069738
230.058261	211.903128	168.361017	144.465900
229.719796	217.419336	171.602017	151.472761
207.617496	234.302118	166.756090	151.876120
163.404930	243.302780	173.261794	150.216003
120.041955	234.075630	166.868618	152.062205
116.327994	216.695078	166.462684	137.937683
118.430507	184.084443	171.910052	146.809652
144.040953	178.333660	169.846885	146.918566
197.172807	180.664945	170.928621	154.669384
234.739101	202.200854	167.656355	149.411597
237.610437	193.116239	172.803332	149.206702
232.729616	179.601963	166.866555	147.185395
211.022070	164.422862	166.381895	149.554184
177.193389	153.382437	168.859354	149.906282
154.818107	162.331935	167.548632	148.050273
149.621495	155.916688	171.875749	150.007845
172.992950	141.553561	169.440723	149.405133
213.107620	127.673251	169.683097	149.851444
270.480192	125.340805	168.750906	151.122568
295.409541	123.711432	167.567036	151.412074
291.530727	122.732458	170.072455	146.398241
249.876409	132.456818	169.846000	148.184869
204.577983	157.474069	169.995483	144.773527
181.639175	185.453504	170.357128	145.216135
173.584573	207.238692	169.726883	145.148657
179.257110	203.127277	170.690129	152.092151
192.052927	185.908378	169.854574	153.661757
202.107219	168.393596	173.826043	149.544028
221.979395	154.390487	171.193248	151.715764
226.779629	152.524733	171.525858	152.912844
224.621458	164.113235	169.739321	152.047001
211.913829	174.807203	170.930175	150.222849
183.192921	159.499801	169.385621	151.696669
166.740884	145.171018	166.107005	144.043624
148.926491	127.887228	166.472568	147.968350
126.324738	134.939138	172.079046	143.381965
124.885123	152.086233	168.821699	147.387691
140.154956	164.205820	170.447940	146.667285
169.977685	162.736250	172.442600	148.270680
206.562241	153.903600	169.349360	150.516623
244.753737	153.252882	168.721765	150.276311
274.889299	175.688628	166.007363	144.002645
270.758735	180.036979	170.271327	152.606197
256.277861	196.966589	165.683666	146.049460
223.392934	194.707034	175.604550	148.395003
200.693266	189.441389	170.565548	147.613887
156.393675	195.444549	174.514497	149.187542
136.166514	193.299619	165.199760	146.683340
156.971200	188.927999	165.580452	148.082002
180.751481	173.653402	171.972980	148.844948
208.075477	149.229520	169.094190	147.601357
209.083816	114.102301	168.082055	152.847694
214.913088	102.374007	167.891246	152.493374
236.281696	113.083412	172.905627	148.450410
256.607698	142.094223	165.548148	149.589524
260.828447	160.146921	170.038464	151.317284
259.659589	162.755132	171.075648	147.973406
260.738655	159.485793	172.099034	150.715476
257.378434	162.272403	170.681482	146.539764
247.808738	168.843665	172.296341	152.577198
230.029397	188.574029	168.777281	145.009028
211.702801	204.470975	170.617603	150.697695
202.071285	217.642262	171.504686	148.987276
216.451529	205.775365	163.560515	142.008406
225.651802	179.095965	169.688489	151.731332
230.924716	162.634161	166.278146	142.928603
238.032787	155.739794	169.682691	150.181980
252.368900	159.008382	170.197664	149.063898
256.232300	171.587211	166.256154	151.061934
237.157350	191.269958	166.304350	145.696216
212.932390	203.616261	169.843435	145.598991
198.932333	210.785598	168.240846	151.923330
193.223784	215.552858	172.531058	149.227330
186.904885	222.641829	163.945368	146.751869
184.403131	209.596067	173.118273	147.358329
199.830542	191.034009	166.138685	149.204102
241.437548	171.562402	169.401180	146.947406
279.795580	157.823005	173.527113	146.670404
300.324722	149.215247	169.715922	153.971027
285.510425	156.509545	165.669874	152.200771
258.894422	171.594392	166.303111	143.525644
209.363170	167.868555	172.159479	151.410209
165.188592	180.381449	169.259036	148.130196
142.507940	190.795806	173.786420	148.814342
149.156046	195.852965	171.340960	146.666236
173.961978	185.409488	171.871395	147.259664
213.467188	166.289670	163.175750	149.507751
233.648972	155.140907	165.691400	152.054277
258.441237	153.051217	172.090076	147.299549
291.041402	151.293496	171.828282	152.111817
325.819369	166.660733	169.087991	143.770219
313.386041	167.893162	170.828970	149.609629
262.135469	171.412187	169.837651	147.301437
198.250832	156.475330	167.915319	151.025725
157.541492	158.329902	174.445452	146.434012
164.699467	155.812393	166.174182	149.151079
189.873200	151.561685	170.003297	150.115831
206.544885	141.450227	174.392987	151.607930
206.949201	141.283592	164.131725	148.755943
204.554780	178.830752	168.638761	142.613163
222.140705	226.451086	170.011052	143.027066
232.110013	260.068930	172.378943	149.920816
241.967014	284.550103	170.456730	149.259379
238.348475	287.682675	175.242222	147.225977
232.540319	262.202424	165.927942	142.432122
213.876404	225.165700	172.320271	147.392029
202.103132	196.248880	167.989868	150.266099
202.414153	180.152612	167.796306	152.744971
225.750838	179.683267	167.573730	146.945429
262.776420	182.148915	171.159206	149.734512
289.792122	185.560097	172.795315	147.237843
297.013758	198.259391	169.625883	147.871742
280.152110	207.151062	164.157310	145.588605
248.591442	212.712524	176.716599	152.315887
235.826723	220.743273	170.230394	150.082054
239.930568	214.033236	169.284544	148.974724
233.332491	199.725142	167.279951	150.579137
214.763314	187.874660	170.070927	148.710437
205.613336	173.170227	163.910711	145.198845
187.311147	145.427301	172.399386	150.753843
196.091591	143.955211	170.619961	148.252999
229.913478	153.765579	168.407223	149.356810
250.066469	169.427904	170.093212	150.963638
257.824268	198.017532	167.086769	153.013736
269.904968	223.976557	170.939671	150.004259
262.931473	243.479463	171.315743	154.392753
251.659377	260.268598	172.670859	146.648400
233.190266	259.246932	164.656065	150.135505
196.002993	246.922107	171.229169	150.630873
180.262831	237.273012	169.802086	144.498758
191.516379	215.718851	164.159499	140.255066
199.286408	176.259975	169.570008	144.773731
208.152291	141.621440	166.213341	150.634295
244.336651	115.096600	170.968083	147.628477
268.361550	107.987830	170.413002	149.888731
286.257475	120.766275	169.630573	147.906630
290.837439	130.570419	165.816364	153.258231
288.690514	147.943259	171.947046	149.882237
275.445781	170.562748	178.093244	144.099380
264.872461	186.052809	168.950766	152.210791
248.757649	207.901519	167.172886	147.730577
234.787530	220.743925	168.824474	151.981043
213.539625	229.800218	172.071617	148.790663
183.412905	215.096497	168.872881	149.696304
151.155282	200.496751	168.342750	150.794951
143.193146	180.280529	165.381506	149.784161
174.444694	165.331450	166.930436	151.868872
206.481723	152.666130	171.145977	150.608127
226.261057	142.640016	173.145374	152.268373
245.137676	157.481865	161.802269	151.647729
233.581922	170.687738	171.656514	153.205417
223.839729	188.809332	172.366755	147.521400
210.330319	191.743902	167.123864	147.344252
196.649828	190.533755	174.207572	151.347895
229.147454	193.734735	167.501296	146.707546
266.369971	186.116381	165.317982	150.224099
278.820607	170.823557	165.932760	149.756725
286.760410	156.064710	167.950684	145.451381
295.504551	146.609288	170.680961	145.942956
309.692236	147.679089	165.857133	145.658008
304.166170	156.010425	165.140138	146.628544
263.106849	171.794655	168.954641	152.164493
232.966205	189.004199	172.558029	147.618732
225.482582	194.467272	169.909287	152.720952
226.518813	197.116327	168.522043	147.822459
211.062596	192.811729	173.973591	147.878942
195.881573	195.793196	170.464264	147.976439
212.243904	201.261152	166.535353	147.346393
251.051049	197.289336	162.241455	150.342132
301.235291	192.929484	168.823816	145.133065
360.315393	181.096742	169.249991	149.699417
402.277483	176.509472	168.748756	151.635856
402.887211	183.804542	172.155039	151.125403
368.543579	185.241130	163.920053	152.753081
294.283576	190.108841	165.189767	145.477122
230.591871	201.154521	171.969765	142.702240
210.990341	204.621971	166.089953	149.149387
202.999308	202.648390	163.498016	145.378921
202.831009	198.958116	172.184165	148.031147
200.153890	192.942037	172.015937	152.066932
205.458697	189.223242	171.219010	150.859209
221.443426	188.814408	169.880754	149.069175
256.101621	190.959982	173.011331	146.952143
295.290235	204.453333	168.709470	149.085766
301.250236	191.021017	173.737497	150.534147
292.551680	193.493536	165.949557	146.495227
268.221413	189.182329	170.773896	150.101449
222.693612	179.567803	168.864317	151.432569
174.151481	163.124917	169.780652	151.855275
145.201569	141.761262	167.353801	146.422734
148.212920	117.643628	166.633441	146.905157
167.722837	100.769802	169.615778	145.006671
152.370926	110.362327	167.798656	146.049988
137.142953	155.635021	161.992653	151.252322
126.619725	200.987484	170.392148	152.639877
129.142733	235.450268	165.266115	150.000408
136.866225	255.419121	170.884595	147.223889
143.643696	242.558795	163.211741	151.469694
148.641043	236.824513	168.483275	149.265115
157.707877	244.719393	168.050550	149.294342
171.006879	217.362216	170.940100	149.205449
183.228538	175.385148	166.007117	150.214047
189.785051	155.413431	164.913112	148.254811
200.359056	156.525809	174.234051	147.476860
223.074588	178.693931	163.406999	144.978687
224.333816	190.239876	171.831363	149.872942
223.572817	200.826950	166.761262	145.452473
209.020470	179.768372	165.952868	152.659231
203.064198	150.419644	171.758269	148.338502
211.960957	131.147272	173.448736	150.752210
233.559579	120.645227	174.696353	149.005583
221.907977	107.340958	174.705831	147.763501
220.882284	107.626618	169.497736	152.942920
219.048386	103.266071	169.986636	147.222576
222.101509	90.699238	165.959030	148.511808
218.487353	127.348034	171.930397	147.468574
209.601753	191.864973	169.412667	140.001834
214.075609	227.192993	166.567750	150.197616
218.163956	235.833833	168.396531	143.780520
217.245262	227.177728	168.804762	148.030409
205.029735	206.115697	171.768940	151.006185
201.512425	190.615741	175.620459	150.169844
207.021355	166.191437	172.026005	149.526254
200.277580	135.884366	172.102978	152.112305
215.681422	124.740233	168.363273	151.317469
234.431792	124.326491	167.676393	148.298966
262.703177	129.820080	169.484033	149.574501
283.139071	128.158684	169.966005	146.988102
285.850871	123.368368	171.792750	147.384668
282.219916	132.262999	174.635063	153.221339
274.940488	143.981617	173.751727	150.677124
265.925505	146.425874	169.522744	152.418219
238.952682	156.840614	166.699049	151.475016
200.993353	184.460603	169.961377	148.211777
176.983839	207.362514	171.043601	148.452482
169.411166	223.140824	170.643863	148.481745
177.769776	218.444836	173.564145	152.001373
178.779802	216.867549	171.893089	148.657908
175.226056	200.654011	171.941240	148.263635
175.505548	192.097115	171.758023	148.029339
188.927660	195.745981	164.962672	147.727234
205.840564	198.938235	172.230837	146.138083
243.077115	200.265680	167.100885	151.369429
276.589480	192.570735	171.503164	146.105022
324.948119	183.922589	169.094061	150.019732
342.649669	171.038812	169.810962	148.880608
335.940705	158.701498	171.642803	148.419295
312.039661	156.922965	165.695409	145.352867
266.062225	157.096903	172.725045	148.315551
223.313153	156.164277	172.275139	146.305589
198.406172	152.231881	171.114575	150.283184
191.693088	154.190075	169.545772	147.852339
186.621390	155.559220	170.552935	149.419113
171.555717	164.217562	168.756225	147.591363
166.013033	169.129315	170.094148	151.081901
191.487781	174.698963	170.128328	147.850882
217.801096	165.464723	170.697428	150.757595
248.125612	153.296173	172.116459	148.719083
274.469814	145.216102	168.519477	152.644450
299.551493	138.009955	168.631227	149.767721
305.662902	121.146848	171.949852	147.293617
288.522482	117.483136	173.500233	145.694319
271.127357	124.879640	168.680069	147.510636
272.602889	147.711088	164.206333	158.001502
268.920910	180.679020	174.416024	153.443404
261.806094	218.502484	168.407994	147.716960
251.520762	243.129941	169.188600	148.791203
238.897798	242.675339	170.876384	148.575883
235.532714	224.360346	162.260407	149.885640
228.357447	208.460275	171.308471	151.111009
222.360804	204.167766	167.272862	146.733670
218.553493	183.873543	170.290836	150.877605
217.635099	176.980830	164.996164	150.024022
213.934585	163.557147	171.182054	153.425512
210.578338	158.607985	167.862049	150.584057
211.907792	174.668967	175.109980	151.973652
221.647252	207.309340	170.204599	148.344573
