57.000000	156.000000	198.000000	173.000000
59.656499	154.098251	198.321206	177.612764
64.468455	153.490313	197.083121	172.764477
61.945761	150.749255	193.835868	170.909928
71.678687	154.820580	194.130935	173.027377
65.472021	154.699980	197.696405	176.935183
70.769837	156.654779	192.459268	176.238473
70.321163	155.975373	200.228095	171.733853
74.379484	154.923972	191.383842	169.251059
77.247903	159.014273	197.061905	172.165974
77.294679	157.230326	200.185889	173.687533
76.173141	156.431258	197.467072	174.814870
86.639010	166.926832	196.337331	170.716806
87.865438	167.725379	201.235694	174.549577
95.085143	165.813928	200.197097	174.835404
105.655988	173.077276	192.652301	175.061827
106.203476	169.510479	199.610827	173.921550
115.836592	172.209681	194.301496	172.839695
120.229828	169.906707	200.343874	177.449797
128.796584	171.579239	194.881572	170.814110
137.847407	170.039260	199.463365	174.188254
153.170777	167.482402	196.899562	173.697469
154.443977	172.922029	202.051533	171.783192
163.956571	164.734913	204.665494	175.694529
169.811758	162.894366	200.602851	174.276180
182.683992	164.168052	197.878067	173.102529
194.211591	163.648945	201.431869	168.198927
203.540330	160.366663	188.733792	171.380570
212.862960	154.681804	191.884334	178.427058
216.521533	161.545970	198.598000	170.501246
229.212435	155.028505	202.761824	171.550496
230.392843	153.287580	192.140013	167.669238
236.011911	142.644757	201.353149	179.723445
241.103711	143.657719	201.455903	173.312866
242.750431	148.868533	196.771067	167.413882
245.166974	138.259696	199.470747	171.182592
263.934936	130.335444	190.814550	169.141460
264.572067	126.547891	197.110446	171.906877
259.245939	120.001600	200.352669	178.566338
264.889484	121.706705	191.556230	177.247294
261.919331	120.251053	198.778078	172.171341
271.743183	107.672131	188.067742	182.005230
275.196072	108.337680	185.278155	176.573167
269.100512	109.173939	191.431776	166.889696
269.235965	107.329805	193.801612	178.191559
268.695796	106.605163	192.739553	174.519459
267.101112	105.786701	196.535535	172.093569
257.883281	108.378858	200.540866	172.097554
266.900278	104.664326	193.590661	174.367152
270.743796	106.952797	192.018608	168.375657
265.804887	110.965163	202.019389	172.919578
268.952575	106.798297	194.591685	171.274374
270.234182	106.889474	201.437830	167.985260
280.844629	104.039854	194.348801	170.538000
274.884363	95.187966	194.169216	184.898767
284.441760	102.926497	191.781540	169.653311
285.044763	102.727232	193.117557	167.239688
287.999209	105.078858	193.782486	168.776340
302.410032	101.482283	188.860476	165.079430
303.769525	97.017860	199.996041	173.549937
314.549051	97.417320	185.791897	162.883323
310.431393	99.803395	200.547956	165.485201
314.089181	92.877588	181.527238	169.809228
325.530583	90.825337	194.727804	175.926630
307.411848	99.949686	197.995679	175.566274
306.488365	105.610227	200.008138	168.532289
314.812877	105.577563	194.613832	169.941602
315.251783	107.478257	204.727725	170.148899
337.358418	111.373976	197.196194	160.056302
334.278560	102.277758	196.558204	173.535610
316.963187	106.257231	191.718147	171.701872
294.547006	106.342168	195.005527	173.679930
288.159189	105.803907	193.330477	176.594843
282.150038	108.240335	203.553253	170.929489
283.371442	104.135740	197.112073	170.715974
296.366945	106.701948	193.402636	175.340636
289.663969	108.209469	196.569008	172.169400
288.628045	107.667366	191.918954	170.721602
281.819787	102.962437	199.426222	173.673880
283.854681	100.907689	196.798372	177.851926
286.639546	107.511801	195.476543	171.713580
294.304870	109.592222	195.629625	172.526543
289.575511	108.907847	188.631303	173.864135
291.262045	106.249681	197.503285	170.977193
290.728369	107.018321	195.452804	170.016198
291.344795	108.920008	192.568533	171.571948
283.309112	108.656063	195.512245	166.400863
285.090658	101.690175	199.246151	173.708432
287.223603	106.895028	193.742492	171.608463
283.561723	106.528513	200.548015	171.934578
280.980143	102.538081	203.427748	177.226336
291.290901	105.236392	198.626004	170.669859
299.307371	104.609251	194.963816	172.510533
284.851452	103.206070	198.312974	170.019260
285.479009	103.786931	200.195989	175.749226
274.330628	104.144272	196.101787	173.990879
281.820566	104.668070	201.994635	176.786570
289.744085	107.640160	196.766948	173.699039
284.761789	113.223106	199.346618	168.328568
285.926644	107.792189	196.954777	173.288340
283.803275	102.994928	202.564281	170.600140
279.062856	102.311065	204.801592	172.697640
285.457627	103.019851	199.391898	168.858540
287.699705	105.972410	198.092276	165.042207
287.483808	105.188512	197.766477	173.099080
289.516986	105.804014	200.281082	168.104297
284.749425	103.417789	206.737406	173.257900
294.675136	107.063966	189.152126	175.402381
291.954509	105.972129	189.003821	173.488188
287.699611	103.098186	196.737367	173.748686
286.604422	104.431839	196.111123	179.855893
287.690777	100.026264	192.408027	177.427178
283.206364	102.933665	202.418393	174.576049
278.586477	99.301921	204.388591	175.122973
288.395375	105.742219	199.026768	176.810080
289.114087	108.773236	196.201432	169.085153
283.044720	100.536359	195.560503	175.404440
283.116416	102.345387	196.923108	176.365199
284.304857	107.969216	201.052017	172.097250
292.916850	102.606782	196.088071	177.610361
286.921934	106.917040	201.794884	171.631179
293.244390	107.430921	195.142318	173.735063
289.184240	113.355426	196.816439	173.304462
284.631378	106.401046	194.771118	170.591462
284.587295	107.015032	201.423900	173.510132
281.847331	102.904291	193.930885	174.853196
290.652275	107.168073	196.699278	170.769729
288.826015	106.714695	196.594064	172.453266
288.923222	109.056488	199.155287	175.615666
289.812266	107.610009	200.676323	168.784004
285.682109	102.623386	202.005925	172.142432
280.199944	104.181404	202.334113	172.451725
281.618370	107.912237	197.244369	173.235803
289.213898	105.238924	196.288369	174.009974
287.256886	103.757096	198.783946	171.299647
283.892567	107.274157	195.891277	168.836959
281.126417	103.293984	202.225761	174.014762
293.134450	103.604159	200.775866	172.574779
289.803413	102.844478	201.439439	172.747596
279.733715	101.549033	199.463250	173.580934
287.800424	100.292651	193.651747	175.176811
292.261006	107.847591	199.179199	168.170459
296.857781	109.909085	190.719053	170.521366
294.629521	107.995561	195.841803	168.805965
281.091504	98.686102	205.513338	173.825869
286.538745	110.557304	199.059214	166.843566
282.992506	104.948110	201.399145	174.462996
281.030888	107.203243	201.455029	167.188659
289.312152	107.157982	195.421188	176.421313
291.227288	110.175007	197.620180	171.447868
298.694306	107.277051	189.615262	171.760114
296.077786	107.361279	189.540510	173.693411
286.930386	113.174855	193.575896	165.391186
289.521892	106.319529	192.364875	176.469832
285.527083	101.816550	196.335602	173.668656
285.177571	109.258630	199.255062	170.598646
299.429488	109.074289	200.435497	171.747488
333.109962	116.304866	207.222921	176.304617
377.622104	133.664398	204.472127	169.128415
398.001856	133.207898	189.695626	177.641513
386.594854	129.008509	197.655226	172.356484
372.247343	126.407338	195.977339	176.915052
366.455138	128.823967	202.709171	173.938746
365.411232	127.236761	198.254473	170.618774
362.822464	120.100849	196.051001	176.405105
359.288782	129.859740	199.683864	169.578240
363.864691	122.519352	192.954106	171.982974
353.431316	123.294628	203.421517	174.024049
348.436377	125.460190	202.617297	170.482166
337.090900	119.902092	206.882176	174.703127
350.967008	120.470443	203.345628	172.333216
357.023322	120.211167	193.801355	174.643465
351.444271	123.788982	194.348894	172.312343
343.238982	121.368291	192.071533	173.344551
329.698860	119.399941	195.078622	169.478294
323.768798	120.369543	199.653999	169.132304
323.494035	114.599704	195.902039	173.860761
322.985848	113.136098	198.723660	172.034611
322.351717	112.448519	198.232076	173.092472
322.572629	116.828166	194.918065	173.163738
317.637638	114.727972	200.466098	174.522557
321.811902	108.672900	199.215839	170.919122
312.233473	114.066381	197.129588	172.334675
313.015535	110.850714	193.125321	171.834126
300.622602	110.211239	199.354227	172.082697
295.783741	112.329600	199.703770	172.124694
296.534608	114.160435	198.691782	169.961684
294.548795	110.677599	197.806770	173.775852
290.865494	111.211958	197.165373	168.986228
283.621878	114.641866	196.448081	171.256524
280.795147	112.778636	198.682735	174.443388
284.562581	113.578803	199.961004	171.172689
285.148950	111.489977	195.193647	175.578072
290.617237	119.634685	194.956315	172.612408
291.448453	123.137737	195.253093	171.180692
293.197223	117.298169	196.536555	174.111644
286.905016	126.394689	195.889936	168.497931
287.234749	125.010597	201.984654	173.875718
287.842691	127.165704	197.238809	176.750409
288.064161	130.111084	199.091238	171.378072
286.765469	130.101309	197.370696	171.519925
287.120343	130.446805	198.362062	169.498146
289.036250	129.571208	199.841574	175.219729
288.224967	138.308835	194.067640	170.187864
286.127681	129.404927	199.835067	169.816947
286.047558	131.828096	203.487259	170.918473
291.939758	134.227985	192.731920	173.755661
289.563210	131.406795	201.443940	171.734663
295.403196	129.627454	193.571326	176.759996
286.394030	133.384704	197.203091	172.481164
287.334311	132.018396	198.044715	173.406561
291.471922	131.784394	199.288814	174.470650
291.516918	134.047358	199.324737	174.581109
290.583197	128.152990	200.126641	171.086005
287.143012	129.958559	199.160693	168.492655
293.111745	124.708775	200.832812	173.484416
287.179972	122.960134	201.849577	173.762236
295.090378	122.779042	196.992384	170.649468
296.766316	115.697778	196.625990	177.611157
296.570002	116.218228	200.735801	175.049823
300.465381	119.266286	198.728793	175.222168
304.127620	115.287062	194.476220	173.041813
304.249443	116.077151	198.161629	168.594987
309.350734	114.882694	198.249031	174.417715
309.271070	116.365513	199.930744	170.865930
300.344186	110.802625	198.877282	171.509459
309.311062	107.338990	198.025172	174.274156
303.925006	103.554857	192.785653	170.748817
305.811364	101.198909	196.184491	175.670930
306.425147	97.826540	200.664836	175.835854
310.993925	92.492044	197.508967	173.525310
306.344469	87.148792	197.882925	173.772235
311.282550	88.630153	197.859322	166.599862
312.046653	75.171956	196.647354	173.376962
316.308279	67.332071	195.701148	177.050606
316.373092	57.438955	194.715389	170.731252
314.512219	57.164689	201.466297	168.814465
318.997990	52.833132	197.851510	174.865669
311.233067	42.221151	200.053758	176.697461
315.503188	40.331232	192.156213	175.568235
305.266058	45.163008	189.953816	173.645734
303.386147	32.690502	196.739262	174.142098
296.951432	32.037914	197.220028	172.166411
288.833310	34.529361	196.726697	170.162585
279.980880	29.169148	200.510250	170.636667
279.052456	14.702540	197.229406	179.466210
275.606120	31.914267	193.019449	173.148430
271.068330	36.433837	194.809533	176.543413
276.682782	48.547108	193.075168	171.073324
281.568227	86.765544	200.366478	171.321956
284.696761	100.890477	196.046947	175.842396
284.453928	95.967723	195.310111	174.156585
275.083142	84.448444	199.898303	174.457765
284.889405	100.616392	195.307054	171.123382
280.178160	93.293530	195.410608	172.616061
285.773910	103.684554	198.369425	170.686248
287.225371	100.734016	202.132079	173.707659
291.259810	104.003160	197.309967	175.036404
288.114548	109.141081	203.851150	172.675329
290.266324	102.835912	194.471577	173.413400
288.986062	102.374748	194.293809	178.101476
292.777900	105.158490	197.907454	176.983202
284.296554	107.756163	196.022881	162.979614
285.062560	100.291721	196.511866	174.943277
289.499628	108.604818	189.961271	169.387438
292.585279	109.800245	196.681402	170.715466
291.935833	105.189721	192.747925	167.718600
293.697395	102.807845	195.277105	174.303650
275.429500	105.619907	202.014058	164.335600
288.883795	109.731629	197.166795	172.235646
287.046600	98.035530	201.573222	176.359289
276.282347	88.263874	199.793114	179.442874
277.971623	93.793222	199.623953	174.852208
282.737233	96.425997	200.921271	171.302636
286.643386	101.667437	200.670274	175.757799
291.598622	107.691106	198.456116	173.716876
292.029658	109.420105	196.480884	171.378635
290.030823	102.285735	193.716325	172.502140
293.092403	108.754916	198.448397	170.729730
290.232108	109.513537	201.147142	170.030822
290.492956	102.877012	198.839750	172.746950
290.344455	103.582474	198.104007	176.427821
296.918319	107.774716	187.082917	171.778465
280.102839	102.783279	199.750211	171.120142
288.814386	106.342098	197.305199	170.408211
284.102665	108.093836	203.026318	168.346331
293.380265	105.728338	199.943697	171.108248
290.693291	106.056358	194.843461	166.880111
290.485949	105.939407	196.256043	178.203755
289.262484	109.253697	197.625573	171.119973
278.787081	107.252120	206.154626	173.487202
294.893824	103.959853	189.392058	175.826795
283.952252	99.519530	199.243516	173.310637
286.592468	92.534006	197.363264	175.975003
283.977489	82.811061	198.171481	173.083324
278.709404	86.554690	199.286817	172.671108
285.746999	65.940870	201.614091	178.427558
289.962433	62.260258	196.116377	177.925496
289.669384	47.460520	197.320755	176.112725
287.302669	47.634717	197.234672	172.474392
291.812844	56.038595	199.791066	170.146639
297.014347	49.039372	197.712202	169.726787
297.518003	43.966639	201.213932	175.692229
297.240064	44.037424	193.660644	177.846799
296.053830	51.046351	198.353955	173.633434
294.894411	63.925834	201.510400	174.897674
296.289322	67.389664	195.978972	168.542787
299.114570	65.064275	195.381294	172.052534
298.242857	70.017769	196.933860	173.668690
296.981442	75.935987	197.681261	174.125695
300.706261	83.610311	198.139359	174.892496
299.049225	80.515925	196.077660	175.688592
295.571254	86.471857	201.027132	173.923698
295.472223	92.530533	201.763003	173.215621
300.189214	90.974649	199.548831	173.969560
303.782890	93.440562	195.359762	170.589891
303.325165	93.315765	196.940166	174.727746
306.721639	92.071440	201.275703	176.586302
304.706769	102.942101	198.272841	171.704270
315.814852	104.032576	199.813246	173.084471
319.732000	105.918742	191.877693	173.465305
316.863044	105.382772	201.065906	174.709970
314.038048	106.545657	199.209365	177.608802
314.378606	122.220806	197.806292	168.929706
315.845440	119.722045	195.220450	176.992226
312.505482	126.203703	195.470521	171.135599
317.990829	128.550580	197.181657	174.506366
319.514888	132.251085	194.534969	169.728686
315.268545	132.276327	197.881972	175.683558
312.466837	138.188240	198.748322	173.958913
309.995244	140.260759	198.037950	173.025288
309.784638	138.921444	195.178862	174.556671
316.087381	147.305604	198.394254	172.711363
308.226787	147.081805	199.653599	176.809781
303.559223	149.779581	199.240556	174.204820
297.875461	158.523101	197.925304	171.280336
295.471415	166.871675	201.374941	174.183598
292.296142	165.270351	196.404203	173.486021
292.258675	162.092054	194.869612	173.937672
283.727085	167.577619	199.130889	172.084139
291.267662	165.497954	197.116168	176.187960
293.375641	169.438863	196.698038	171.087914
295.187231	170.908020	197.189609	175.554045
300.834981	167.911524	196.557199	176.428076
307.316629	164.152028	199.838023	176.561937
317.572932	163.079033	195.054470	172.667455
324.238891	154.895745	195.637491	175.166441
335.939986	158.173738	196.757519	177.731760
334.114213	153.057425	199.658794	176.391494
340.499695	153.258277	196.271808	171.048243
354.801656	142.324015	198.573839	171.100637
366.053702	135.907920	196.758438	170.786499
375.299057	132.673563	195.444131	173.087911
379.580225	127.660684	200.903968	171.297044
392.956885	118.900909	199.828474	173.098468
400.494710	110.700457	198.758445	168.354813
400.872344	107.655923	199.019999	173.214985
416.751973	103.518385	195.185722	173.085616
416.428078	94.274503	198.519909	173.613975
421.492423	90.038664	198.621486	171.339149
427.006745	85.592733	196.161982	169.781669
425.729019	81.588673	196.568069	173.713506
421.860216	77.780674	199.027866	175.429789
424.477168	74.411628	198.121847	174.552478
422.906694	77.704250	195.824605	170.392781
424.298386	77.808036	195.613254	169.269986
423.957008	80.414651	192.272951	168.787881
413.320623	84.838498	202.056053	171.553209
406.639402	86.433790	200.111424	173.411302
404.166391	87.881888	200.036470	170.441467
403.337610	84.825710	203.244662	172.813382
391.767295	85.631488	197.623832	172.615303
392.479926	93.328633	199.008546	168.479260
392.634132	87.332807	201.127137	176.060096
393.102064	88.149897	192.634003	172.169641
383.277147	97.426876	190.164665	173.437505
369.853283	101.007466	196.754541	173.034376
366.590478	103.589725	200.158934	171.220347
363.030922	111.446535	196.133017	167.749939
364.827303	109.517934	197.518298	173.443707
357.270680	107.628082	203.754281	171.487047
352.703308	109.706769	199.904971	173.534616
340.991697	114.373287	197.650082	172.264411
335.113501	115.565488	197.336988	172.217124
338.615326	118.412221	200.723292	176.490645
344.225044	124.459990	195.766454	173.508508
323.027096	132.156090	202.133822	173.209712
323.540025	131.063974	194.754810	170.614884
313.956400	133.191187	196.672505	178.117249
310.135598	131.070172	192.122660	168.032825
296.836142	128.852228	195.921822	177.094321
285.016524	129.830813	197.369899	175.272537
270.578990	128.258850	200.589079	171.377038
252.679507	133.122687	197.269674	172.671720
236.000921	133.666559	196.609419	171.500898
220.475108	134.324177	196.919144	169.795276
204.470272	125.071599	196.992164	180.658768
202.478353	115.879426	204.685306	177.264782
211.250531	113.711116	199.864729	176.011697
208.384396	122.101129	197.534792	171.061417
240.710588	116.637240	199.357165	169.206903
303.731678	108.598483	191.774152	172.744012
296.506239	111.396966	196.044542	171.158526
282.535722	105.596135	202.102304	173.533642
291.553261	103.660273	195.570462	177.104931
290.411143	104.139316	196.587628	174.091136
290.119269	105.035993	197.770707	171.113033
288.450839	104.696542	195.492375	167.687594
295.358710	106.823061	194.837318	171.611011
293.210836	108.472969	192.956640	172.975037
292.134497	106.027406	198.170571	173.715908
293.340698	109.439837	197.021692	169.663665
293.874565	107.650989	190.961534	171.638986
294.930371	101.455953	189.546894	175.086721
289.758140	103.122045	200.258543	172.928971
294.784952	104.909920	193.721202	175.308995
294.907868	108.280264	195.070929	171.051538
290.231141	101.380385	199.526752	179.198818
287.465553	104.722684	200.045611	171.522473
295.434797	111.031624	198.050148	168.995949
292.749679	112.209610	200.745603	172.083978
294.923708	104.983937	193.044513	176.460157
284.409093	104.997445	193.744244	169.147442
287.763876	101.339035	202.145948	174.417757
292.233011	105.430730	195.752990	177.930106
290.433944	102.876672	199.417665	173.523013
294.568653	107.618062	195.304966	172.557641
296.691014	108.528082	197.184770	170.542594
288.768899	110.094134	200.354245	177.121720
289.461160	106.357785	196.192373	177.243294
285.345291	110.155104	199.214679	170.465935
291.194178	102.781231	199.528437	177.188708
296.740807	109.497234	190.851297	166.736478
292.073301	109.842045	197.655394	168.330699
277.296475	106.364120	195.256016	172.774964
297.260071	109.536650	189.088166	167.407055
285.144563	108.457246	192.188987	169.572762
266.598561	121.878878	197.773723	170.679762
248.778001	142.676522	190.487343	169.171284
257.016174	146.245153	190.693881	176.771870
266.816897	152.014824	195.807571	167.811607
282.759203	152.571299	191.026573	165.171167
289.074659	156.484052	191.430937	172.624066
298.063548	155.317013	194.495149	173.605299
301.549851	143.196227	193.974941	173.585220
295.677021	142.973056	204.195153	170.238284
295.885497	133.676985	198.199363	171.577011
304.438341	135.934413	196.014600	174.250941
305.886186	132.732180	194.790332	173.748879
309.431368	125.897544	194.717062	178.076707
306.225819	125.504878	199.327770	174.070760
306.763572	125.761537	199.004184	173.794459
316.504985	123.003328	201.446383	172.043593
311.518526	126.684736	198.673411	172.086582
308.230880	124.654711	195.106120	174.433976
311.376210	120.107097	199.449448	174.038573
319.917446	123.190833	198.506476	169.596086
327.658060	121.887732	195.029064	173.162767
329.001719	125.575914	201.612923	171.668042
328.153188	124.280726	200.088468	170.387110
342.245919	123.814872	195.916237	174.896049
347.042483	122.788045	196.361427	173.333505
360.845568	122.980397	199.781029	169.830168
368.307971	122.966680	199.238830	175.514233
375.084073	128.401591	199.781883	174.989032
382.757779	129.839134	201.309320	171.120992
384.700534	125.315772	197.891006	177.540864
390.796983	128.796057	197.788283	171.090444
401.550353	129.664756	198.716000	174.773164
408.524958	133.532024	195.643870	176.352073
409.572130	137.795997	194.956996	176.489627
399.603013	132.636755	201.962520	173.497322
399.090308	134.868319	196.591208	173.985722
399.766767	137.036997	193.225683	171.197471
400.473246	140.188540	197.144157	168.893186
392.625806	143.525307	200.139659	172.942487
390.764990	142.108719	194.915533	171.126422
384.537062	146.361202	198.042324	171.297958
379.297015	144.562939	200.663352	173.864232
372.429121	142.761740	197.218352	168.547026
369.084910	144.876343	196.703141	168.004179
353.029247	144.772852	198.364512	169.724826
349.898812	140.041608	196.126116	165.906808
337.006581	131.298545	193.201925	173.666253
337.829194	134.390074	195.303761	172.852200
325.936932	130.862761	192.115506	168.216290
316.013487	127.173874	198.348278	173.552929
314.000997	125.433916	194.794688	172.785331
306.983269	120.860675	196.728444	177.755732
304.674377	117.973204	193.386551	167.893943
300.084262	106.316744	198.484382	176.431508
296.163380	106.652783	191.633299	167.722009
290.033271	106.478170	198.070209	171.755309
286.684686	104.890993	199.343572	174.128636
287.086821	104.375194	199.131027	172.872289
282.619011	100.975097	199.328766	171.726509
286.989197	102.933521	199.779324	175.430598
277.329231	108.288921	201.913203	163.557765
287.476300	104.360448	191.759676	172.771022
270.430638	97.588884	205.378274	175.857224
271.710568	101.905776	211.487476	171.180988
276.220880	108.735134	206.135326	165.841234
275.458916	107.073489	201.398038	159.620627
283.484169	104.027104	191.951388	172.410519
283.185155	108.279288	198.625954	169.697077
281.745030	108.396993	196.805801	168.655055
286.811986	106.399851	193.365543	171.789409
283.013676	106.410766	195.903881	168.794755
280.760087	103.691352	195.113322	169.805489
270.616085	100.470549	202.923452	175.014886
275.510138	104.825656	200.509999	168.988847
286.647392	105.864879	199.764892	172.237242
279.062023	100.674696	200.807634	174.680209
282.597762	104.034745	198.421695	177.650759
278.974655	99.064356	196.149896	175.302989
277.545772	99.349394	197.390628	173.998032
276.795523	98.063489	200.977726	176.363161
278.937605	99.096966	198.188493	176.935017
276.232824	98.921227	193.818677	175.153988
285.672470	108.976559	188.777858	168.618384
294.107870	110.093719	195.753757	171.605149
298.291434	114.324082	203.215940	172.127590
304.551771	116.796288	194.739057	173.315091
302.811483	124.922949	198.127368	167.329526
303.411890	127.351406	198.881878	168.421335
299.994490	126.745164	199.848427	167.081587
294.924442	123.589695	203.125796	169.176753
290.564471	124.213106	200.753341	169.748679
296.587084	130.267942	196.323902	168.255689
300.770381	128.185619	196.437127	175.345082
300.891168	125.874541	188.798709	171.893507
294.473157	121.966309	197.968464	170.562571
294.605605	124.353373	196.701411	167.787757
289.079869	118.359113	202.664676	172.499606
295.275430	119.584661	196.848873	169.106017
290.945711	118.912239	200.772042	173.251339
297.137593	118.513455	195.971086	173.703078
298.178159	118.834961	198.949220	172.553526
300.050319	135.253245	202.403918	167.633904
300.030502	125.802112	202.312736	175.106308
302.548057	121.214679	198.592197	173.792665
303.992910	118.165128	200.058704	175.984476
295.795661	116.585874	200.702415	173.721986
297.311435	119.339272	201.015366	168.061108
294.148963	116.871502	203.970918	169.458234
300.482448	119.186435	199.907483	170.964142
301.355606	120.118116	204.849442	171.399138
309.439497	122.046927	197.869989	172.419595
303.974403	118.148499	198.977664	171.946095
306.339572	115.346635	197.847169	175.679472
305.949169	115.350598	194.595884	173.743479
302.087861	114.587027	198.691753	175.736444
301.739053	118.650546	195.142137	171.674300
299.005483	120.483992	200.471635	170.568816
302.577979	118.332124	198.733297	173.529518
305.848906	113.588111	198.813196	173.940698
303.817999	116.042288	193.643517	170.903505
298.574229	115.752770	200.917498	169.891422
288.847886	113.155873	196.029850	168.586002
285.927043	108.402443	194.967912	169.204067
291.365113	110.231508	192.192736	171.845319
291.187543	104.748215	200.591224	174.151013
277.361991	103.052275	200.201029	176.446900
278.572217	103.524827	196.785029	171.631593
283.768359	109.128483	197.531856	168.199248
289.219784	110.852157	202.037446	171.987444
291.404980	111.179724	195.598482	171.215321
290.959936	105.351498	196.379987	173.985335
290.179584	108.452146	200.098343	174.729549
291.711067	103.115098	199.003739	173.980691
295.179653	108.275521	197.051635	170.243397
296.687795	108.075420	195.487081	178.977998
292.018749	113.672917	202.911307	173.740414
289.649997	111.311629	201.672473	171.457092
289.198529	107.587307	196.790544	174.828636
293.843813	107.999541	200.344012	173.890632
295.234014	106.329646	191.896238	173.557525
298.992397	117.936838	195.123096	171.283859
292.681053	114.338050	198.519868	172.214946
287.342977	107.875016	196.871605	175.971256
281.372608	103.207502	203.366608	176.616710
293.434587	104.737414	199.849582	175.126103
297.691265	103.506306	200.258931	171.158182
294.334954	102.929116	203.784971	175.354416
305.524502	110.167154	201.430897	172.917082
303.839500	110.503666	196.338847	176.201680
290.946534	113.610592	199.785415	171.356055
289.896622	109.893709	199.210642	173.207502
292.246882	105.626945	196.213598	170.359045
290.171292	103.393510	199.260698	173.803786
302.076940	106.892951	199.383283	173.212598
301.299566	104.712634	196.727491	171.571798
292.166258	104.677412	201.387888	170.374283
293.397931	107.065197	197.822455	172.115907
302.188737	104.946846	197.407339	171.949093
303.536157	107.174874	193.679066	173.835421
299.145634	105.755011	197.203339	176.945569
303.668549	109.662636	197.588356	174.733784
300.737935	106.086370	196.713262	174.760399
305.233010	105.209718	196.111300	173.730197
298.998117	107.873074	197.579428	170.048509
298.129597	111.259381	200.458156	175.617685
308.063254	114.278631	197.302256	172.405763
293.240724	112.898186	197.191776	170.712669
304.414067	114.699979	194.144736	169.823998
300.814134	112.392331	197.733528	174.146736
298.374379	110.341508	196.941162	173.804174
292.083686	108.660045	196.619300	169.310500
289.178476	115.282054	196.681238	174.272098
290.455541	112.363300	200.409374	175.181323
285.941772	117.515933	199.221140	170.932313
282.548631	120.315476	196.132548	169.419481
286.210420	120.747123	200.025452	170.263377
294.781367	118.393976	199.519734	174.243039
292.875175	120.752983	200.249718	172.848320
300.292969	123.215664	196.921605	175.266180
306.063939	127.709385	196.240207	173.741535
312.145827	126.322775	198.448071	174.277924
311.409772	126.296393	199.805560	170.692335
312.604746	127.908530	198.355912	171.788296
308.692377	122.963389	196.470445	174.305997
314.566152	128.998784	200.728745	172.345837
323.632725	131.581516	195.066516	171.343787
318.671683	125.712961	200.491755	172.813778
314.885628	126.786172	201.391987	173.446084
316.507032	126.540113	196.317641	172.896599
311.593360	129.043890	199.624287	175.330263
307.130360	132.468022	195.678207	170.971941
301.019905	121.764945	196.908017	173.394222
294.829881	121.643641	195.579722	170.100949
289.609588	125.284633	198.835260	171.454437
292.281767	126.053399	199.762905	173.315383
292.541089	123.093639	197.686693	173.885754
287.372326	119.499804	198.915114	169.840963
278.257247	110.811622	199.454838	176.748427
275.656855	115.381308	194.119248	171.385933
269.671061	122.336135	201.251593	170.957022
271.758720	120.198978	196.551174	172.901713
259.368373	126.118955	197.781662	171.340631
253.614581	123.254672	196.914349	174.334392
259.558144	123.234925	197.155458	172.950053
262.961807	125.808258	198.142039	168.333816
258.517803	126.446208	201.534885	173.666743
249.532433	126.497428	199.449423	175.246698
239.050999	133.331674	199.734627	173.450723
244.052393	136.665337	198.432019	168.459188
234.147915	146.392266	201.900902	174.203708
216.410259	158.261380	199.330218	172.648134
215.333920	158.978918	202.982726	171.106664
215.974793	160.659450	196.241936	171.563843
210.504722	165.229318	201.190297	171.529410
202.445464	167.073712	194.195040	171.660028
193.450726	172.669627	194.504128	175.411636
184.502859	171.869137	198.746198	173.396380
177.042943	176.904793	198.231504	172.622167
174.017565	167.774142	192.539160	182.328520
159.458357	167.148326	198.153278	173.491008
148.881083	166.015516	195.533958	175.933675
135.903125	169.520957	200.317095	177.072867
126.105790	171.673706	202.078676	168.435810
118.602028	171.820850	201.430117	170.615348
101.092247	173.125104	199.302945	173.463055
87.176334	170.951791	197.455794	175.064559
87.002049	167.266626	196.539397	172.642765
80.580229	166.271309	197.244713	170.440144
74.035990	163.914401	198.346401	170.440824
58.990774	161.875298	200.858913	176.934555
60.246407	163.731198	195.533911	172.383002
57.281825	162.624743	198.765508	171.384645
52.367387	159.996936	199.848611	174.865044
52.615673	158.875741	194.628061	179.023089
48.017588	163.182378	196.347201	173.047712
46.728654	166.103836	195.293990	170.841651
34.325243	166.223927	198.353784	172.652685
25.844261	168.709628	197.462929	168.013912
32.956071	167.321164	194.347694	175.881257
30.417334	166.664131	197.631315	173.377840
29.227218	170.890783	193.813654	173.293952
31.678187	170.956749	198.085849	171.365722
30.071523	174.587632	201.217766	172.466797
35.879852	179.130596	195.249170	171.771933
34.664325	173.200712	197.982980	171.950086
43.125389	170.720840	191.660736	171.876563
37.081078	169.272853	202.407021	171.353011
39.234752	171.966309	194.795614	171.646085
40.795210	173.257323	198.028437	175.020655
33.534162	175.323289	198.393266	172.306787
32.335628	172.721534	200.445991	173.706303
40.099514	174.987976	201.509815	172.537216
38.460004	178.181992	198.538960	171.205173
39.433083	180.724335	193.070243	172.179269
44.193886	177.586527	202.965516	173.060764
45.650541	177.048259	199.125421	171.709975
53.311115	172.460905	196.114255	171.201851
45.410511	173.674175	202.327713	174.662938
47.008875	174.440904	198.364947	177.250106
53.445541	179.222589	202.351084	171.904158
53.068955	178.427921	199.191166	173.785375
