336.000000	165.000000	26.000000	61.000000
335.816887	164.417029	25.833018	61.476971
334.853535	162.706157	26.220748	61.013865
334.652621	163.097222	25.488736	61.102650
332.257402	163.262788	25.682766	62.829786
317.162941	157.903086	26.867566	65.119552
311.719427	159.873020	25.719556	62.647410
309.005663	161.362318	25.968029	63.207195
301.895272	161.204993	25.115652	62.175532
293.691319	163.135680	23.942980	59.263093
288.650293	158.894407	26.881982	63.966935
287.080724	158.209445	25.926838	61.942419
281.206058	156.649374	25.897207	63.463827
275.040621	153.843754	24.373914	65.381659
268.340534	150.502923	26.530418	62.984692
265.397548	150.992134	25.579480	59.218555
256.804320	151.046657	25.788579	61.220586
249.427289	148.949686	25.621599	57.752560
245.160688	146.174075	26.244639	59.688984
241.113908	145.253045	26.133163	60.562589
236.200890	143.382429	25.525326	58.878150
229.932751	140.390182	26.548796	59.844733
223.820911	138.834238	25.915194	58.378312
217.709323	136.558570	24.915514	59.601309
211.387176	133.529170	26.613010	60.927373
205.992325	130.627470	26.009640	61.706479
200.654421	129.476971	26.337742	61.707359
195.055226	128.135478	26.317672	59.895888
184.249064	122.271316	25.468622	63.194997
176.230662	120.016542	25.438936	58.928196
173.035369	116.436470	25.794534	62.580474
168.859116	115.456710	25.565481	61.289487
160.110385	112.741998	25.591522	61.480211
153.126783	111.743783	25.258306	60.738079
148.550358	110.677297	26.095252	61.555248
142.849641	109.573229	26.106925	60.399649
134.348848	104.261972	25.800903	60.979056
126.432626	103.072624	26.122223	60.628634
123.302685	103.050470	26.192947	61.387815
114.339827	98.651811	25.369096	60.303533
105.864616	97.468727	26.041701	59.477458
100.301753	95.098442	24.823654	59.039633
91.726407	92.271497	26.581251	61.080012
83.505223	91.575845	25.143706	59.771696
75.588638	88.980388	25.398630	59.853924
68.013364	85.255482	25.847447	62.631783
59.771576	85.348400	25.414570	60.317865
50.878696	83.104301	25.928582	60.844656
42.832297	81.850901	26.933770	59.268785
35.449514	78.615980	26.686557	59.764706
28.423509	75.695658	25.992641	60.686012
15.693789	71.860980	24.954079	60.128419
6.258963	69.774810	25.482137	60.286417
0.817799	68.628568	25.791282	60.254206
-0.039468	69.138541	18.728134	58.266665
0.000000	63.434442	11.521841	61.854346
-0.008520	52.818826	19.661706	63.780828
8.073006	56.192357	25.282798	58.475576
6.522123	55.236917	26.098331	60.681553
0.000000	51.753484	23.817451	63.727415
0.000000	47.908116	2.830854	62.587334
-0.002645	47.646237	3.789297	62.520697
-0.013805	52.863260	17.544957	61.926253
2.205122	44.624100	24.219487	58.305735
332.000000	148.000000	26.000000	61.000000
331.484614	145.771730	26.122734	60.038362
328.892572	145.976104	26.094183	59.419184
326.881524	146.920191	26.244929	60.181316
325.271666	150.074190	26.346465	60.059789
323.348642	147.466139	25.433162	58.216024
323.139481	143.525016	25.081820	55.834177
326.528053	147.275866	25.215563	57.984955
323.813584	148.940766	27.171766	56.853027
326.513350	149.258612	24.605207	58.873564
324.841417	151.115740	26.328777	60.186802
324.978884	146.897904	25.519664	61.859777
325.538013	147.656740	25.648995	59.465852
324.944596	146.743963	26.146743	62.412659
323.619313	151.728043	26.604059	58.362061
322.224107	144.934283	26.279236	60.696356
322.526086	143.365565	25.645800	63.829787
322.008051	141.268857	25.835589	59.277933
322.420686	149.708087	25.699954	57.255895
322.595012	150.677520	26.306246	60.855538
325.042741	150.032542	24.856222	60.348737
323.279798	149.764235	26.368943	62.344150
324.312118	147.070400	26.351285	61.855329
324.628874	147.803606	25.750390	60.694387
325.046188	146.520344	25.725908	60.502406
325.399721	149.040588	26.464985	59.615599
327.672800	149.576731	25.255661	60.682984
327.646152	146.302472	25.897584	60.718357
331.797614	144.416625	22.973524	59.745523
331.570788	145.890027	25.252644	60.942516
331.673229	147.302874	25.496672	60.348871
334.627966	149.364650	27.316465	62.251992
336.873398	150.629467	24.973760	60.907199
336.012826	144.761792	25.975136	62.948722
339.055998	148.045688	25.499249	61.409224
338.977899	147.904069	25.822383	60.147013
339.176612	148.713260	25.922780	60.689948
339.563642	145.007045	25.718485	62.637688
338.541944	143.266021	26.613566	59.960490
339.943692	142.342300	25.979609	57.889639
340.400674	141.026482	27.238895	60.991555
340.949629	147.984702	26.388420	61.373996
343.205038	149.329211	25.807991	62.488056
342.799185	146.653113	26.181355	61.750998
344.005739	144.649253	25.762307	61.863670
345.082652	145.636514	26.108581	60.780598
346.360886	149.737280	25.474392	61.710826
348.883101	149.380016	26.425780	62.095055
352.191874	143.947650	25.519629	60.852035
354.907093	144.709417	25.244881	59.869005
356.919688	147.374012	25.500496	60.712875
357.765867	150.190690	25.960841	60.681020
362.202223	151.348886	26.012898	60.560146
365.469109	154.360769	27.012159	61.365731
364.608520	150.734520	26.516490	60.236631
366.829503	150.956770	25.639717	62.491100
366.494463	151.079876	26.189539	59.498676
367.884376	149.580224	25.960786	60.072698
367.593805	146.571717	26.950889	60.916909
368.308260	138.755391	27.159731	64.111676
373.714433	144.307071	26.217005	66.486808
372.170418	151.218155	26.398410	60.468914
370.167710	153.327067	26.107660	61.295422
368.997614	153.825772	25.793882	61.204359
369.703323	151.599109	26.306079	61.398644
371.877403	153.384970	25.975078	61.285504
372.871068	154.794350	26.340586	61.232667
374.029205	153.463705	26.345419	61.201586
375.700653	153.361267	26.318634	61.262797
378.385011	152.438888	25.958191	61.195848
381.658985	154.283099	26.073586	61.504565
382.723794	154.850580	25.554191	60.173125
382.763824	155.994522	25.890101	61.982526
383.819807	157.679424	26.206135	61.767866
386.402208	162.605015	26.037157	60.941728
387.742780	159.936755	26.433021	60.294504
389.128568	159.927646	26.295450	60.155051
390.522489	159.889708	25.775720	60.059112
392.509463	160.420937	26.173770	61.135486
394.360081	162.223829	26.106822	59.266412
395.755112	163.560951	25.716249	60.944561
401.871668	163.758651	25.938634	59.016499
405.604016	160.668504	26.352983	61.445656
405.120486	161.383528	25.717327	61.167352
405.573429	168.472660	25.733896	60.046931
408.977667	165.197986	25.737631	61.408868
410.865890	162.793820	25.491466	60.953712
412.022684	162.424807	26.159421	62.236437
411.618402	163.976085	26.682345	60.764450
413.179597	163.072369	25.788587	59.645855
413.602826	161.275553	26.616004	60.588243
413.874671	158.465436	25.387623	61.097839
414.222242	160.023496	25.613699	60.714065
413.092127	157.485048	25.953549	60.891975
412.560521	158.588711	25.973233	60.953650
412.791278	162.930371	25.795202	61.591926
414.538013	162.324059	25.474517	61.639735
415.210258	159.907397	26.408666	61.320037
416.966290	160.378965	25.489455	60.827093
417.206439	164.830328	25.678383	60.739739
420.031006	164.087564	26.110285	61.008197
422.776717	165.334833	26.298531	60.583730
426.030575	162.326214	26.255071	61.708818
432.266369	162.867619	25.685779	59.278351
441.435645	164.482178	25.653823	61.251462
446.096386	170.919326	26.036930	60.050104
449.231552	171.975638	25.856721	61.561745
452.990123	165.534434	25.553819	61.740238
455.827453	164.334253	26.261882	60.984592
457.904996	165.742578	26.176157	60.317618
459.295017	165.197578	25.355198	62.027791
462.010174	161.419699	26.201684	61.702414
463.993268	156.685086	25.794540	59.726121
466.100136	154.780241	26.130178	60.086674
468.437581	156.684337	25.868929	60.310724
467.760627	154.490743	25.575452	60.609196
467.947041	157.622065	25.465109	61.519735
467.274827	158.136468	25.869148	61.500657
468.744310	154.719018	25.583114	61.189160
469.674671	154.102365	25.979975	60.892009
469.478767	155.873165	26.038413	61.323863
469.412622	160.055412	26.433059	59.543866
471.504950	160.245981	26.728852	61.302990
471.085808	160.384963	26.400013	59.753113
471.462619	159.916659	25.343169	59.373736
471.661143	160.155892	26.352249	59.091609
471.022725	158.616170	25.564825	60.583452
467.284450	164.360932	25.434726	61.147540
463.940167	164.099207	25.892419	61.014298
462.472112	163.914127	26.367719	60.908926
461.622920	163.530662	25.808144	60.002188
457.149430	164.733510	26.023564	60.346305
455.657527	165.122537	25.916871	59.711523
455.034953	163.956228	26.341892	60.464794
454.484716	162.204325	25.109467	60.836929
455.262183	160.013743	26.669184	60.209843
457.281523	160.359825	25.887929	59.308002
457.209383	161.084691	25.568731	60.433209
458.330754	161.801541	26.207031	60.326186
457.588896	160.925238	26.088776	61.392027
457.204909	157.641591	25.738197	62.369929
457.654000	157.229319	26.348823	61.337746
456.738542	156.071175	26.185239	61.071847
455.969475	155.707846	26.613991	61.040782
452.975914	154.330747	25.916635	59.533431
452.598329	151.733939	25.754430	61.982819
454.147529	146.881801	25.638864	62.407648
452.628424	147.422268	26.216838	60.426856
449.352002	151.091947	25.897605	59.819701
451.052819	151.542458	24.539279	61.524056
449.668608	150.754156	23.936463	62.099894
446.830841	153.139960	24.367891	59.335760
449.017467	148.160558	25.258281	59.266558
450.571350	150.082094	26.782768	59.619900
450.679264	149.236418	23.001486	56.573574
448.572242	152.817442	26.232583	59.546679
451.877146	155.698464	26.490075	56.064082
457.179358	151.618563	25.149535	55.772553
452.329229	143.556408	25.609980	64.365424
453.405030	146.037651	26.356303	60.316362
452.052856	146.973686	25.952669	62.647203
451.249828	148.604381	26.342483	59.812882
450.743590	145.849704	26.008350	62.554891
451.555652	143.293526	25.672861	61.498006
452.635176	144.135170	25.473038	56.925084
455.418803	141.220540	25.477524	60.173278
455.138474	141.371046	26.302190	60.980113
454.600438	142.486831	25.863928	61.531388
458.603416	139.094500	25.536631	62.811318
460.645953	136.624648	24.592144	58.815970
464.834537	138.246075	25.822918	60.312768
469.861625	135.806795	25.594254	61.574673
474.694068	136.338522	25.729250	64.147854
478.081758	141.058839	25.532777	57.163590
483.007824	133.100333	24.980206	60.505657
493.822159	127.793554	26.064868	61.284176
505.010626	126.199569	25.036889	60.170530
509.385377	128.462187	25.553417	58.024613
512.700681	127.675487	25.950799	60.837874
519.757619	126.878289	25.333189	58.058998
527.660373	122.582278	25.627019	59.468002
529.834852	121.893695	27.713152	58.731356
533.633456	118.899071	26.114271	60.909556
537.180673	120.988362	26.288246	60.794087
536.918903	117.063193	23.493218	65.303499
534.612543	117.734747	25.452495	61.479790
535.647034	117.691542	26.467234	61.781525
533.657904	113.868806	26.771358	59.509202
534.425613	111.352057	25.836565	61.708120
532.179587	113.082269	25.975127	60.946898
529.281566	115.185020	26.214165	60.355708
526.307275	116.878931	25.938358	60.787159
525.322575	114.711125	25.198894	60.724329
524.256323	115.204399	26.155414	60.170031
521.711328	115.317968	25.853536	61.027194
520.316216	117.734858	26.330998	62.490615
517.504941	117.396474	24.590430	60.788517
514.914631	116.024926	25.534142	60.053013
510.175138	112.579358	26.294854	61.461996
509.589077	110.582406	25.781033	58.118772
508.980904	109.132910	26.305833	59.753797
506.998213	108.059420	26.074169	60.688493
504.135237	109.579344	25.610866	61.142930
501.650442	105.080560	25.847864	61.180333
499.654324	103.576129	26.293524	61.942403
499.193231	103.611301	25.146214	58.940079
496.290075	99.388770	25.530569	62.114581
493.945815	101.104725	25.224201	61.649544
491.422147	97.102156	25.634132	62.959391
489.345856	89.406001	26.697296	61.500934
487.632611	87.552660	25.527424	60.665553
487.221679	85.593815	25.762655	60.092761
487.471946	84.443284	26.054315	60.565971
486.921156	85.543691	26.256263	61.821619
486.215373	88.176393	25.743097	60.582346
486.544753	87.968785	25.794746	61.165046
488.037816	84.472346	25.891168	60.958758
488.999821	80.096797	25.431011	61.575948
488.434644	79.215230	26.160461	60.533973
489.662816	81.807818	26.091357	60.659193
489.850341	86.939218	25.496493	60.190727
491.329890	84.123191	25.472145	59.910509
491.157462	79.902575	25.753839	59.850540
491.543199	76.916072	25.992419	60.045792
493.089201	76.400932	25.625041	62.104254
494.081966	78.278851	25.797026	60.841024
495.455523	78.213483	26.253100	63.297393
496.264099	79.607490	25.873430	60.802159
495.425383	76.677503	25.173261	62.575929
493.796819	75.897945	25.669831	57.687525
491.800625	77.891168	26.039438	54.230255
490.376295	77.007391	25.897017	60.346723
489.838913	81.637692	25.746585	62.202938
487.664720	82.874010	25.913476	59.605901
482.401416	80.038561	26.612596	61.648245
478.550568	80.691392	26.369479	59.464933
478.143133	77.338428	26.012823	60.585536
475.023334	75.935679	26.738505	61.448275
471.368461	74.835828	25.623548	62.524767
467.310329	79.314707	26.409921	61.583679
463.283412	80.218725	25.279042	61.492108
457.991737	81.522327	26.148559	58.649352
451.585487	82.624442	25.604051	56.606885
453.189565	89.987722	27.004788	59.978797
447.207657	88.745405	25.651240	60.312331
441.413051	87.085280	25.311144	60.043927
438.760105	86.402467	26.449928	61.777887
437.877027	87.310544	25.795277	61.729383
434.145963	85.972853	25.779255	61.149284
431.887316	86.118020	26.239194	60.811992
432.881932	86.435940	25.923582	57.978579
433.230823	84.715799	25.766306	62.789004
432.950947	88.692834	26.063658	59.778654
431.253641	88.928130	25.939489	61.590121
430.561567	88.749789	26.059400	61.487324
429.937087	88.370782	25.899734	60.800707
429.531155	88.607933	25.943932	60.971874
428.196787	89.687503	26.091759	61.142044
426.537713	88.961160	25.850097	62.039981
425.493125	89.106045	26.841424	63.251713
427.248473	91.239997	24.980093	60.827027
426.193528	88.684591	26.342400	59.861665
426.143433	85.972439	26.050479	62.605491
425.693845	85.572541	26.214015	61.627362
423.933911	86.817391	25.992216	61.799715
420.889788	87.821050	25.858506	60.112492
417.969105	88.550390	25.718416	60.356204
412.465175	85.779249	26.005578	60.200601
410.184331	84.932495	25.406279	59.696718
409.342262	84.580542	25.659503	61.566867
408.081503	87.296182	26.073832	59.042533
407.624264	89.772762	25.676164	59.140319
405.844089	87.190716	26.544925	61.485044
407.738480	85.495232	25.235143	55.243662
402.014162	79.718894	25.600456	59.656652
400.465823	78.849832	26.585315	58.795691
396.855197	84.575212	25.468587	60.174184
394.341701	84.624432	25.542341	59.614984
392.088934	83.158979	25.441489	61.796406
389.801039	81.814445	24.993023	60.092294
384.487943	82.699883	25.954867	60.002189
377.341441	86.838111	25.416544	57.738696
374.088009	82.309923	25.882520	61.234997
370.731474	82.042359	25.526011	60.016062
369.771056	82.241946	26.012246	61.111535
370.608024	80.728030	24.988475	62.540340
