269.000000	75.000000	34.000000	64.000000
266.667593	74.280136	34.651322	63.959064
261.962470	70.707336	34.100058	63.046081
256.559304	66.310963	33.805353	67.215665
250.046574	63.410456	35.451712	69.149720
246.289748	62.142735	36.934059	63.605538
238.383949	59.673670	35.867008	67.926936
231.507489	59.857508	35.114786	65.853461
225.312763	55.566364	32.688951	65.292169
220.733463	55.687098	34.387830	62.609563
219.630408	52.057532	33.114008	64.737554
213.897073	50.543796	34.402917	62.642219
262.000000	65.000000	34.000000	64.000000
258.996738	65.178197	34.142076	63.972480
257.184559	65.843204	33.330565	65.136396
251.390330	66.026262	33.589273	63.419564
244.675908	64.717485	33.353593	66.685454
237.841114	66.446691	33.197123	63.483604
229.581424	66.677583	35.142692	62.023591
232.586912	65.935158	32.915879	64.797860
232.375742	68.747616	33.678295	65.193906
230.518349	74.231442	34.835258	63.895570
230.458444	74.662117	32.729810	64.942756
230.702820	70.441006	33.236540	67.543561
238.753258	70.522220	34.079467	62.288912
239.616459	71.308388	32.956130	63.366703
240.620973	71.880581	33.917337	62.747259
242.452501	70.881695	33.780205	63.647848
242.665968	70.889732	33.452105	64.059548
241.866912	72.612105	34.790608	64.497143
240.571015	67.473093	33.919893	65.685500
237.544954	62.960916	32.280932	65.703869
234.612811	59.781633	35.199504	64.074042
237.548373	58.953990	31.856380	65.795629
233.396822	61.543010	30.014699	62.617752
224.639933	65.740543	33.472593	61.817436
217.176014	67.376815	34.335043	70.055307
215.705517	65.991362	33.177929	63.841606
221.554549	63.651879	34.397256	64.605268
226.264395	64.298370	33.831942	64.009583
230.153111	68.738175	34.258529	63.480745
228.120079	69.505243	32.972662	63.223779
227.793824	72.129252	34.682672	63.780189
224.993061	76.163818	33.966632	64.981901
222.391394	77.727552	34.885832	64.006975
221.240548	73.962010	35.187350	68.224304
224.139233	74.841400	34.315590	65.825898
229.081093	78.352133	33.324812	64.068154
230.645833	79.794979	31.839631	59.273923
231.066763	84.653615	32.985102	62.608355
229.674808	81.718149	33.756128	62.606404
237.692132	81.900524	34.019588	66.888481
240.672902	80.892818	33.836410	63.207995
241.068201	82.681164	33.536927	66.898356
236.667347	91.731295	33.842226	61.893595
229.543304	91.852528	32.901135	63.572925
221.181820	86.102443	34.655835	62.881767
214.932706	81.276928	34.086559	64.915286
210.270937	78.958200	34.744737	65.210316
211.327561	72.193847	33.538995	64.288036
213.926265	76.328463	32.409935	64.771420
213.390512	70.577744	31.797947	65.732612
213.536216	75.553690	34.378203	62.964106
211.842296	80.744717	34.697131	64.246265
207.965512	87.154811	33.848585	62.746346
206.789809	78.268684	33.794328	64.061605
228.567924	79.663239	33.158909	60.738867
234.777898	84.338392	33.708252	65.815215
234.263198	88.622858	32.919444	60.216760
229.870360	81.251547	33.926141	67.833362
223.802468	82.320664	34.544902	64.711557
221.359522	83.320878	33.869915	65.141464
222.750895	79.433282	34.351541	63.283131
224.513071	76.309085	32.683758	65.977957
227.235356	79.878649	32.358680	62.796175
230.273225	83.291591	33.260445	64.000207
231.809215	86.531451	32.902516	65.046236
231.534040	91.898330	33.920601	64.793423
228.121475	92.417910	34.218671	62.596723
228.670041	84.742351	33.901913	62.026378
232.758306	91.863064	32.561590	53.489655
241.955114	91.650476	34.554821	61.508397
250.531098	94.778561	33.133909	64.167422
249.362414	97.191835	33.457630	64.212183
245.886599	92.232660	34.516513	64.925325
242.341627	92.311690	34.442493	64.560503
240.744856	87.042697	33.622200	63.271927
240.925147	86.405110	34.056074	63.551189
234.063240	85.489252	34.717205	62.664915
230.034877	87.088421	33.970130	63.442367
225.129035	87.760015	34.125452	63.824039
219.165551	90.145893	33.342542	62.154334
207.127799	91.111710	33.723636	60.791691
216.283698	74.097829	37.956093	63.087091
225.104235	78.332365	32.493088	62.442799
230.627054	80.173251	34.174346	63.721824
237.881832	85.264077	33.341355	65.216759
242.203335	86.698836	34.013682	63.651256
242.212931	84.478471	33.397320	64.001696
243.977385	83.474696	34.948528	64.342843
248.158369	82.909499	33.280957	65.334574
252.426970	85.759447	33.210581	62.245002
254.472302	89.387103	34.324630	64.627052
252.560642	88.979016	33.931496	64.997296
245.266682	85.182754	33.766728	66.099425
242.753022	84.676140	33.657886	63.705278
241.792045	84.111532	34.341108	62.452748
220.703499	72.275447	32.580595	66.123239
208.354070	71.620096	33.790307	64.013114
204.094250	74.362959	34.731779	60.313500
205.737070	70.903236	34.286213	62.761174
203.736935	70.685280	34.433133	63.760205
202.899441	65.454462	33.981871	63.226540
204.731540	66.919470	34.553669	63.230615
210.542932	67.819061	33.824679	62.997591
215.402551	69.821967	33.171303	63.442586
217.486405	74.100961	34.392213	63.939341
218.910281	77.620252	34.639074	63.231121
221.049651	79.365944	33.878572	61.287892
224.444691	69.160609	33.412231	62.971696
231.967790	76.386515	33.129666	59.525281
239.017602	75.450493	33.633466	63.505630
247.212568	79.961813	34.572330	63.577612
258.604691	81.029524	32.902562	64.674991
263.344607	80.333418	33.714299	63.407074
267.510755	77.179313	34.107113	63.170219
272.296896	77.891530	33.064883	62.403891
276.487582	78.979247	33.644852	62.618433
283.597167	78.179932	34.843108	63.876732
289.022798	79.614952	33.685668	64.656831
288.041938	87.205871	33.330312	62.747557
287.309727	88.018413	33.647026	64.194329
292.321753	85.362983	34.449958	64.436781
297.692408	87.395466	33.925874	60.762425
303.765650	92.087513	33.400649	61.665437
308.585941	94.608696	32.549754	64.056772
304.776656	94.350456	33.820085	62.720506
302.513100	90.143408	35.052882	61.942548
303.114686	91.836830	34.228882	61.017032
297.829398	90.427418	33.184958	63.298772
295.333362	87.815003	35.066858	63.040898
293.145886	86.059851	33.459814	60.801904
286.025657	92.011548	33.809099	61.085374
275.702755	87.061391	33.695240	64.242023
269.889664	84.321248	34.992517	57.498963
272.036410	86.980549	30.197632	62.299618
268.908819	78.042727	34.320399	62.967191
271.195135	76.888491	33.844886	64.086812
272.329741	78.518869	34.181583	64.425469
270.748323	81.827986	34.636863	63.797755
268.703001	80.888525	34.326461	63.745723
270.529411	79.594207	33.779561	63.497404
272.861768	80.872956	34.698484	61.839104
275.339493	79.770844	33.127210	63.137903
279.990168	81.655547	33.613086	62.819162
282.388697	83.211111	34.292447	63.530160
281.452580	82.580754	34.354773	64.217429
279.963201	81.639357	34.828368	62.073861
286.471137	83.735971	34.264844	60.253405
284.088918	78.900381	34.170017	62.151901
288.803488	75.572286	34.696693	64.576158
292.311732	79.334417	34.035371	63.339439
295.287650	81.786029	33.316824	63.443175
292.160408	82.468679	34.613685	64.098511
292.985319	82.348661	33.411640	62.029568
294.761003	83.234170	34.825420	59.774482
295.928380	82.007711	33.379218	60.171117
295.416939	80.333337	32.606110	61.728604
295.589909	84.732067	34.817491	62.165948
294.903254	86.209189	34.395215	62.460761
292.378116	83.456234	34.862151	63.459665
291.717617	86.006269	34.519403	61.167095
295.903952	85.913424	31.804433	60.134154
297.157661	83.006846	33.065623	60.713429
304.196769	85.951650	33.569131	60.420977
306.093365	83.916373	33.782669	63.846342
306.438662	81.822186	34.503163	64.467396
304.170843	83.209804	33.678734	63.717023
309.792983	82.326531	33.895915	61.062944
314.478522	81.140822	32.587891	61.720361
316.970523	82.142367	33.450093	61.658270
320.468419	77.574524	34.298458	64.505712
320.489214	78.191640	33.889443	64.335893
318.749535	81.204714	34.170599	62.452055
318.420452	81.036411	34.048462	64.111928
322.639187	81.392730	33.830152	61.567636
338.941244	69.125771	33.759636	63.327463
337.144379	69.005095	33.853449	63.251601
325.923940	75.748770	32.919465	63.651464
325.685336	82.701422	32.726660	60.394356
327.813323	82.581274	32.694080	64.539621
326.359056	81.787568	34.472688	66.203989
329.722455	80.650439	33.129442	64.765042
330.275387	78.632489	34.118302	63.197862
330.931797	78.796530	33.893163	64.482617
333.715731	81.060046	33.600468	62.251872
335.091524	82.263760	34.404961	64.586561
334.962837	82.144935	34.472242	65.436180
337.375242	86.645558	34.321046	61.497361
340.190876	86.727489	33.392840	58.965327
344.504418	84.990407	34.150042	62.440618
347.684638	87.760888	33.832383	63.978060
349.697803	91.206610	34.048378	63.678932
350.011655	95.623404	34.058607	63.547314
347.095063	95.112248	34.055547	63.460951
342.887902	93.083046	34.324606	63.579615
339.970134	94.575589	31.958218	62.490556
334.669301	91.672264	33.982090	64.152791
327.970256	93.870205	33.194035	61.566615
325.956830	95.565631	33.230849	60.358112
324.120465	96.895761	33.925491	64.174084
320.779495	99.379604	32.794555	60.627397
319.364541	96.197952	33.814334	60.160225
317.074835	94.538558	33.032518	56.688558
318.606549	94.222693	33.286939	60.964429
325.149915	95.923621	32.072680	62.226486
326.820870	98.950192	32.932928	62.873251
325.645264	99.951262	34.959574	62.849135
327.778846	99.116541	33.392955	60.606464
330.171111	97.245902	34.437583	63.745060
333.318199	98.212062	33.304637	60.737024
336.541543	96.293176	33.667227	64.028314
337.287015	98.557170	33.366570	62.489992
339.639332	99.874498	33.892364	62.485892
337.329914	100.752694	33.449271	62.973503
338.253849	104.478177	33.089398	60.155307
341.342741	100.758262	31.682412	57.282915
339.978557	70.238993	32.933097	62.293032
343.193582	56.747077	32.140092	66.826274
341.799671	91.198687	36.452854	59.456822
344.977205	103.531281	34.770390	65.266008
343.355316	105.174935	34.048903	66.040611
343.068845	100.877291	32.851605	64.560910
340.623974	97.227792	33.997362	64.670593
338.711444	97.532036	34.261198	63.114081
339.333804	97.926310	34.397162	63.508382
339.609081	99.244067	34.785930	64.399158
343.577323	98.786829	32.705575	63.408155
343.023463	97.664982	34.120215	63.682342
345.138660	102.854089	34.365118	62.454134
348.629932	103.561322	33.667950	62.355444
351.078241	100.420985	33.896988	64.199458
352.304502	100.806337	33.621618	62.160439
355.592316	100.644193	34.246909	63.900024
359.136797	102.412662	33.110204	63.634230
359.874723	101.367790	33.696415	65.122230
364.185267	102.484241	31.512905	63.384369
362.974565	101.645564	33.542608	62.944009
360.622860	101.387562	34.165877	62.592069
358.265841	99.024664	33.177549	64.286235
356.617985	100.332220	33.381968	62.985050
356.991242	101.722191	34.083834	64.033705
357.086748	99.349200	34.301282	64.260750
356.344406	100.498326	32.980067	64.731097
357.237930	100.468041	33.441224	62.031967
357.437317	98.170132	33.960227	64.725830
357.949784	98.602308	32.953497	64.844359
356.252857	99.069823	34.201393	64.639772
353.875524	97.213481	36.345605	63.512439
352.178973	98.534880	34.667426	64.320983
348.899118	96.998007	33.561735	63.993161
347.112195	96.119122	33.553328	62.599186
344.818122	95.171129	34.878703	62.858891
343.226163	94.830228	33.594643	64.953542
340.628192	93.427781	33.168956	63.446033
337.220728	95.138326	34.772090	63.463825
336.833324	93.841141	33.276396	65.299295
336.736508	95.131766	34.543439	63.798916
334.715544	92.544466	34.341840	63.884553
338.008397	91.857910	32.967319	62.735935
338.438851	92.749553	33.772042	64.154836
339.382474	95.265803	34.590691	65.866167
339.739196	95.208335	33.758871	64.590851
340.991858	98.193349	33.856119	63.163712
341.318837	102.577340	33.406638	63.606088
344.449177	102.244734	32.730154	62.948486
345.562467	102.928151	33.678343	61.802354
349.654015	103.219654	33.588660	63.477998
351.872111	102.415495	32.677389	64.572406
351.788308	101.597245	34.051013	64.939371
352.663758	103.724525	33.383075	63.823672
352.572114	105.090682	34.073117	64.464411
351.697591	105.388173	33.933438	64.164241
353.151298	105.513669	32.718170	63.352146
353.562772	103.893141	33.752233	63.359156
355.968106	107.504354	34.033236	61.180232
358.811513	106.801197	32.460514	63.346292
358.950839	105.179306	33.297362	63.599156
361.355428	105.888552	32.773677	64.152286
365.518233	106.013158	33.125147	62.462763
372.222418	106.792420	31.191696	61.904982
378.979120	104.013596	30.370863	58.195296
384.251186	101.988458	32.623536	60.950826
