478.000000	143.000000	80.000000	111.000000
474.838037	141.602464	80.652249	110.564025
471.708783	139.392489	79.950061	111.242136
470.142994	134.838874	82.402483	110.809551
468.084942	130.509636	79.316175	111.715583
466.893907	129.796590	80.427963	111.381898
468.568268	127.374343	79.951186	110.762380
467.041455	123.961364	79.000241	109.940652
465.482470	124.287731	79.459781	111.452529
464.219141	123.761152	79.913507	109.557351
462.872360	125.396130	80.590129	112.059655
458.440593	119.949662	81.663222	112.407915
459.799915	120.387883	79.713938	110.022876
458.733328	118.427036	79.842382	113.660700
459.941814	120.624726	80.022621	111.288834
458.272554	116.189069	80.590243	110.711423
459.924021	116.502730	78.810714	110.026941
456.879479	116.458267	77.253046	110.022804
453.973663	123.923172	79.756600	110.066870
451.052035	125.167958	79.266851	109.536820
450.375303	123.145278	78.710407	109.017233
448.428475	118.892863	79.435042	113.440947
447.781423	122.960438	80.794623	112.773623
442.879795	124.332334	80.253797	112.831203
439.129210	125.107330	81.054340	111.565614
433.324324	128.202884	80.411621	110.674715
430.108802	132.226879	79.050273	114.771002
423.537227	134.988450	79.891628	108.591465
415.154823	137.661046	79.228832	113.554081
405.913507	144.528917	79.972688	111.606216
398.315279	152.132439	77.881425	111.946438
388.941330	155.496878	79.362331	111.894284
379.589303	158.362880	80.059626	112.705033
366.476423	162.004793	80.229223	112.225334
354.148166	163.329863	82.563124	113.938349
344.307331	168.443202	79.976697	111.853981
332.726116	170.413019	78.043882	110.193284
318.665459	172.462495	80.779729	112.286831
307.491231	174.259375	77.373105	112.494315
294.774899	172.919271	81.074098	114.267552
285.555027	173.562760	82.406858	111.979621
276.255162	175.027265	80.067239	113.763826
268.640547	177.244721	79.268753	118.022014
261.150830	179.772960	80.967476	113.589296
256.928549	177.899948	80.431938	113.582593
259.733308	183.943997	79.297983	112.069818
253.941275	184.746078	81.746255	111.816078
252.344404	177.264257	82.129344	112.716864
253.718165	176.869347	81.813723	115.251407
254.779980	177.996945	78.503360	110.779428
260.080264	175.433854	82.021324	118.280690
265.407236	176.621020	81.478710	117.119749
261.064318	169.317489	87.134360	114.384581
273.166978	174.684665	81.905286	117.739282
272.626856	164.782561	81.831487	111.439115
271.797366	149.850072	78.177553	120.377521
269.885201	137.247133	84.149721	114.917091
276.942176	132.760798	78.820119	113.355160
280.125595	119.447581	78.521297	114.658762
281.120518	110.451677	82.613149	110.373003
282.485757	96.582379	80.541577	112.256692
283.186485	87.183933	78.894373	112.458789
282.313949	78.658051	79.833782	111.237772
280.763077	74.596034	82.744037	111.282051
278.916517	66.210007	81.953694	109.938009
278.179504	56.515853	78.897690	110.872144
274.629234	54.496352	80.520852	110.328526
272.780186	50.127356	78.320975	109.396970
274.411361	42.526877	80.505768	111.236217
275.743420	39.042394	78.173138	109.270009
274.713617	36.115669	79.475396	112.108920
280.081944	35.608716	79.584080	109.668567
285.478200	35.330237	81.106239	110.398024
290.431460	33.432104	78.816874	108.824180
291.473784	34.592783	77.912790	110.909830
291.299032	38.877634	79.923391	110.335517
300.688287	40.377653	80.032598	110.529931
303.546931	39.734002	81.153923	112.925707
311.198308	39.816558	81.212382	110.907085
318.417580	41.022519	82.122582	111.687238
326.950862	44.864190	77.946850	107.368032
333.334837	45.591034	78.146124	111.756825
340.580723	43.747512	79.440822	111.030409
349.073172	44.810750	79.817426	111.891561
360.041933	47.481392	79.795345	110.627552
369.485343	49.954673	80.247305	106.050594
382.764629	49.698438	80.235155	111.231932
396.082787	52.301804	81.917433	110.436380
407.263233	50.724624	81.031963	109.409901
422.792262	54.725362	80.725206	110.851430
437.139378	56.997801	81.007518	112.020272
449.151578	58.436283	79.947505	108.670497
460.084682	64.289272	80.221663	108.882721
471.379846	68.607312	81.104451	109.010431
487.606577	72.597068	80.252829	109.435601
498.624812	73.267130	80.552447	109.880370
504.853044	79.968139	78.224685	108.487006
508.919979	84.478357	78.853532	110.658509
511.872118	90.569388	79.875247	108.356648
514.555608	96.562155	78.188369	109.895935
513.269454	96.264167	81.109895	111.389235
513.681462	97.751160	80.003039	112.186826
511.769819	105.421847	78.707029	111.961818
506.904923	109.988568	79.466055	111.191000
499.144910	114.910529	78.513427	111.839341
492.520513	115.050317	80.793858	113.842840
486.645448	123.992920	77.571497	110.530180
477.549210	123.934644	80.778610	111.088815
471.604781	130.261504	79.458086	109.709043
463.523181	131.475807	78.555651	111.009918
454.036705	134.021539	79.784148	109.596678
445.780645	138.912332	79.887969	111.534220
439.400295	142.474565	80.035019	111.078481
432.030418	146.937160	79.375155	106.906692
422.660641	150.278394	79.669125	107.899300
413.137199	151.395766	79.955453	110.154352
406.308142	156.885736	80.630691	108.494438
403.536795	161.132189	79.317151	112.965475
396.500223	164.886749	77.028041	111.377634
387.731604	171.186460	80.779300	111.373989
382.134773	176.836562	80.149553	110.064396
375.720373	181.034565	78.453868	112.647846
368.924337	186.047065	79.451684	111.031551
357.336823	193.055173	80.137604	108.239676
345.517780	194.268159	80.345283	106.376231
341.501848	197.890435	78.429828	107.464716
334.287496	196.679104	80.296038	110.899794
330.547162	198.489119	78.708562	110.917679
321.136307	199.986019	78.873580	111.726781
315.544880	200.107444	79.958451	112.243261
311.240183	199.312310	78.103260	109.258603
309.994296	200.208598	81.099574	112.974515
308.659921	199.445244	79.609242	114.342712
310.425419	198.201347	80.608340	114.729073
316.861357	197.878581	80.269490	111.001243
324.283953	199.764466	79.998149	113.799334
332.899515	205.407080	81.009833	111.463101
345.768606	205.538010	80.070510	111.064676
356.490508	210.275245	79.924557	110.517412
366.804283	209.193110	78.644794	109.632903
378.039492	214.571081	80.540983	110.947114
389.741836	216.900873	81.240248	112.426056
402.504451	222.740136	79.394951	111.409397
412.004306	224.190544	81.576860	112.321072
429.402581	228.297109	78.304924	110.861079
440.786120	233.116304	80.715171	109.488954
444.960443	237.747009	79.986316	111.324058
449.662775	246.129410	79.158005	109.722710
450.116383	250.070735	80.833664	111.362089
452.024835	252.267338	80.137197	112.148037
451.893875	250.981005	80.839708	110.281610
455.418386	250.664126	79.212385	109.872094
451.615014	249.455502	81.545982	111.085472
451.873460	246.883087	79.047324	107.849126
452.997109	238.425061	79.473164	111.402460
454.086391	232.461060	80.698345	107.970828
448.579538	228.098924	78.766771	108.552709
445.200835	226.303903	79.793046	112.953281
440.679014	225.408332	79.343031	110.445953
439.142974	221.429146	80.282899	113.329778
435.753618	221.674266	78.238778	112.283193
438.522296	218.198135	81.826564	112.412283
442.938076	211.349861	79.114718	110.081859
449.102960	211.418454	80.339588	110.972792
448.782226	214.866726	81.132574	109.571195
450.700130	213.185257	80.794531	111.201974
443.954485	215.678608	80.388351	109.177610
440.849690	209.919942	81.104716	112.619746
438.139391	209.482046	78.667869	113.580041
429.576547	209.657423	80.358234	111.325320
421.005177	209.377233	80.063228	109.639294
410.668657	207.970392	80.267211	109.378460
395.585255	210.932158	79.107944	112.107685
384.831362	203.868198	80.321933	112.639486
372.725226	205.020023	80.558548	110.620965
356.062152	202.057073	79.854368	113.110761
340.125569	202.642157	79.664461	110.912154
324.360889	197.936713	80.675994	112.766639
307.746998	192.638215	78.914761	111.498830
289.175109	189.629574	81.112062	112.215421
278.887443	187.524984	78.226974	112.355677
269.782453	184.952309	81.099952	108.530751
263.370685	180.701492	78.575468	110.110426
250.370248	181.323116	79.368887	107.861483
238.593564	181.024670	81.331795	112.758454
230.279896	179.262343	80.677695	113.574976
221.737798	183.447136	80.984613	110.442269
215.222827	185.851601	79.021058	108.616714
209.879245	188.406913	80.088673	110.229804
200.133636	195.958424	80.910014	109.344599
191.973522	199.590036	80.563012	108.859482
186.371881	199.183602	80.374478	112.651687
181.162223	202.330714	79.467913	112.366940
174.185388	204.932386	79.051512	112.568370
168.848976	204.517615	79.655637	112.647205
166.361516	206.777276	79.534657	110.671870
163.666797	207.780485	80.291698	110.786091
160.352462	207.420006	79.949047	112.374221
159.125825	214.185314	78.643143	111.057451
158.498946	215.780949	81.206758	112.748120
154.158909	213.883605	81.143635	111.253663
149.330595	214.577861	80.566653	108.663963
144.922652	214.509863	79.005829	111.091924
145.035342	214.817461	81.285546	108.660281
144.466516	209.138852	81.669332	109.828501
143.714058	208.262831	80.132382	108.633122
141.862078	203.754850	79.143028	111.117876
140.494930	195.424579	78.534199	115.213936
134.260819	190.646434	80.396735	111.695877
129.815072	179.259700	78.911551	109.752950
127.009398	170.627600	78.840586	109.823903
124.517611	161.724092	78.893897	110.514555
119.864398	153.592917	80.198234	111.099238
121.581936	137.183898	77.114984	111.772964
114.783782	125.435762	81.835018	110.489134
114.752112	113.686902	80.768322	110.979268
116.398400	101.331898	79.496947	114.833679
115.405123	90.039983	79.664243	113.764244
120.682059	84.838111	80.504074	109.128458
126.642207	66.595114	78.202112	115.461545
124.684923	57.556696	80.923946	108.629139
127.084409	45.961260	80.635014	111.230681
135.076211	37.344264	79.912291	111.135366
143.762443	27.409143	79.995305	114.239570
153.962124	21.218337	80.665939	111.787402
165.279954	14.965605	80.629401	115.636962
173.479445	16.838183	82.679341	109.280121
182.870631	12.286648	80.108471	110.665349
196.122070	11.405238	80.852460	108.839698
209.864819	7.558079	76.183610	107.359928
218.200542	5.685763	77.349659	109.083225
226.978564	6.910844	78.940022	109.524181
236.312680	4.282762	78.688763	110.652494
243.605944	3.526524	77.745923	113.345875
248.198873	4.480022	78.862921	110.415442
251.932086	6.083179	78.823177	108.766486
255.401756	6.286302	78.850161	112.195032
261.454973	8.392937	79.856337	113.667208
260.140085	11.787591	81.506455	109.550833
259.591885	11.091393	79.181151	111.594018
259.020305	15.202667	80.279733	112.161763
259.434523	18.160751	79.980546	110.267468
259.502477	21.097195	80.184231	109.392368
255.841247	23.602535	81.198801	107.742949
250.195135	22.616708	81.458738	111.730633
251.824641	25.720013	80.715349	109.542297
247.905773	24.609169	80.037851	112.969895
247.929916	30.399090	79.933673	110.755225
248.221659	32.588458	79.280783	111.773506
248.503322	35.107670	80.049935	111.318206
247.295445	38.278871	79.554779	109.530199
249.026698	38.028964	79.276704	107.722803
254.776273	38.620216	77.514939	109.409965
256.106358	42.617869	78.182275	109.988270
256.867328	41.982265	81.043592	109.835125
260.510144	46.382902	81.134472	110.016032
265.826280	50.727841	77.974064	109.601929
268.949444	51.197602	77.306005	108.830517
280.051383	48.589092	77.924279	103.994320
286.716468	42.113580	73.878115	109.201617
282.903565	43.198023	77.129769	107.544139
281.995145	46.022750	77.989262	106.286410
281.699271	44.643356	79.890234	112.909336
282.627467	45.081202	78.557702	111.089127
282.931727	46.798946	80.058752	110.736330
278.726886	45.006640	82.153689	110.516847
278.505814	46.254088	83.310480	111.693948
286.149048	49.431223	79.569621	110.273078
282.181040	52.011624	78.644120	106.108393
280.280858	54.028151	79.344879	109.223230
277.766272	56.636822	78.252945	108.102517
278.315322	59.964964	78.937108	109.509333
274.056982	60.402037	78.860328	112.649715
270.655100	63.145091	80.868038	110.348410
270.904959	69.474483	78.377160	107.350596
268.409616	66.942375	81.729932	111.132010
270.425365	74.754518	81.681370	108.552605
270.899060	76.322511	79.550265	109.439288
274.952213	76.763793	79.264016	112.904333
274.761549	79.919612	77.886474	107.675680
273.504952	83.041283	81.510548	108.031815
273.961883	84.103299	78.312048	109.065271
275.422474	87.363929	75.441587	105.018256
275.051932	87.862421	79.193258	109.702201
278.727422	92.153652	73.732293	112.980593
273.680811	92.648781	80.207459	110.967230
276.216269	98.489150	75.897909	106.396998
274.562475	103.197621	77.505539	106.282400
272.490631	104.359925	79.243088	107.187698
275.671679	109.622651	79.794573	106.623718
276.452449	114.391529	78.750451	106.906558
274.769220	116.191226	81.214394	106.277204
276.828671	120.654739	83.563979	104.385633
285.058547	121.412295	76.052886	106.835285
289.588716	133.208012	74.435527	96.150776
298.609786	134.307082	67.838189	98.327390
296.024817	136.148719	77.313832	104.400211
290.294924	140.981943	77.904647	91.888270
291.238404	139.029208	80.019708	108.691917
290.372453	144.076183	80.084918	103.940038
291.645075	149.318540	78.218045	107.236543
295.984726	152.747956	75.985352	103.165986
297.466230	154.263750	76.469984	105.447876
296.072476	154.976708	80.485973	109.015680
297.594835	155.589892	78.892620	106.498659
298.876958	156.798594	80.412132	107.724563
302.211910	159.025331	81.090225	108.248772
303.176492	160.326404	81.298837	106.980744
301.837384	159.655859	79.399939	106.863569
298.698153	161.252226	82.515951	108.019870
299.280539	161.340789	78.569193	105.741041
298.530512	161.519158	77.452654	107.080512
299.500159	162.794194	78.903890	105.171556
299.994766	158.417497	79.103596	112.921301
295.586900	163.385251	79.407413	107.254566
299.581754	160.675220	78.479546	104.965922
298.638226	154.068854	79.326324	107.526321
302.753816	153.957081	78.660080	106.453400
303.813831	148.742251	78.695011	111.861786
305.703673	145.222304	80.401314	106.142317
301.726201	139.798976	82.364031	110.509599
302.204865	135.730165	83.145619	108.071300
299.174668	127.165787	81.421611	109.067000
297.085936	123.511166	81.504336	109.532974
297.416823	116.660947	79.982577	110.199949
300.673690	110.976587	79.762994	112.414894
303.166628	101.842547	79.514760	110.722378
304.852308	95.763363	79.735735	108.959717
309.904292	90.484808	81.171217	110.332071
309.089366	79.610304	78.971832	112.885651
307.556165	76.393573	78.773665	110.932428
309.891938	70.931831	81.450364	111.251920
316.708817	67.094583	79.138883	110.830514
320.302337	62.794796	79.959556	110.780495
322.962481	57.830631	79.976799	108.529062
325.914261	52.177529	79.728101	109.916705
328.206129	46.456091	80.759566	111.740052
331.152699	40.394321	78.680234	109.984768
337.557960	37.139647	78.155574	110.636730
341.185025	31.401581	80.805254	106.999717
351.668722	27.166761	77.098762	110.153701
357.248599	22.141470	82.705894	111.243699
366.720323	22.140249	79.137487	108.139371
371.181679	17.939202	79.759219	110.011514
382.917299	11.031635	79.998898	109.679856
389.595677	8.603952	80.817603	110.118656
400.138656	9.481355	78.541983	107.370120
408.064578	9.543563	75.596310	112.710734
420.207356	13.778477	76.949708	105.590919
426.175115	16.974252	80.466096	109.589046
438.173998	20.343045	78.369107	109.487641
447.325725	23.595558	76.633277	108.838585
455.237934	30.160664	79.278293	110.000685
457.992224	36.121708	78.194224	114.545897
462.233659	46.929425	80.910716	110.721962
473.235645	53.242797	79.869631	110.522881
475.702436	60.435175	80.658629	110.252517
477.979116	65.377094	81.213701	110.019409
476.847019	75.518201	79.376959	109.476462
471.408206	79.963279	79.931710	109.680331
468.802786	82.418460	79.416747	113.016211
466.877322	90.354195	80.881492	108.581209
465.958061	92.498250	79.198402	111.161426
458.586765	100.513591	80.422926	111.886564
455.913574	108.641485	79.006245	110.188719
450.877421	112.776182	79.006262	111.280754
450.045428	117.218196	80.064646	111.979973
447.746062	120.501611	80.452067	109.282547
452.356940	124.532942	78.865452	113.788598
452.886660	133.438228	79.571771	108.290708
449.951076	135.157960	79.386086	111.778396
447.909521	143.519902	80.157747	109.062541
447.752154	146.078311	79.882363	111.389313
449.488519	152.286147	80.637213	109.645200
450.364249	156.010422	80.768267	112.474460
451.662533	159.975737	80.759618	113.502289
454.114000	166.305353	81.920771	111.684392
460.063892	166.287567	79.408404	112.025778
462.329181	169.398891	79.977640	112.749097
464.079925	173.319609	78.511039	108.153531
467.009940	171.820218	79.938075	109.912797
466.795400	170.684575	82.011890	111.763810
469.272039	169.512781	79.537876	111.322391
469.750606	170.400909	80.567833	111.176541
470.373933	168.871117	79.011038	112.420646
468.228577	166.750601	81.917732	112.934836
464.567566	166.912866	81.527917	111.776977
467.602718	164.687081	80.060310	109.277026
470.093370	159.607289	78.040481	110.149046
468.999020	152.157119	81.512820	111.543607
472.420607	148.213458	79.805374	110.565199
472.238968	142.512972	80.220063	110.579329
472.314732	138.378169	80.705731	108.802519
469.703838	131.992067	80.006319	111.363672
468.642874	126.523022	81.541831	112.398647
472.114671	117.141396	80.403173	110.899444
476.187006	117.173171	78.029629	109.710297
478.106343	110.545703	79.606597	113.807371
479.576997	107.429449	79.389278	112.165749
479.303738	101.767177	80.872405	111.623819
480.010282	97.056625	79.998041	111.908221
481.396782	93.802624	81.205938	109.759024
480.576134	86.306493	79.070978	111.933732
480.513695	81.633216	80.434895	112.105386
478.325993	76.264687	80.148574	112.217641
471.637206	72.220910	80.486159	111.934082
469.890521	70.491338	79.602778	109.196119
464.309934	65.815670	79.985226	109.591019
457.509720	61.925195	80.203327	110.970319
452.328325	52.691750	78.833090	111.283865
442.589105	51.487850	79.344032	115.861834
433.384690	45.830283	80.223810	111.107761
422.708585	41.269930	79.096719	112.146633
414.089139	38.288214	79.929257	111.225110
404.908193	36.648126	81.131814	110.702288
396.056378	33.644841	79.870748	110.090343
385.278970	29.511161	80.296381	109.019257
376.637737	23.587411	79.498166	109.214977
366.065552	21.754761	80.299314	110.851920
354.285012	18.677017	78.567833	111.340054
345.514598	16.653017	81.250951	110.388717
333.205777	14.750751	79.359980	109.739269
319.856864	7.484204	80.216036	113.423638
314.919530	7.838942	77.788373	112.671267
308.352705	6.124031	78.292074	109.716838
298.271642	9.515436	78.974983	108.119330
292.291565	6.986760	79.027500	110.458406
287.456891	6.982240	80.963146	108.274625
281.541112	7.674316	80.057190	109.197024
274.774407	5.029548	80.462140	108.280592
268.832793	5.271543	80.410388	108.067985
263.121347	8.086972	77.878179	106.351749
256.360597	7.175048	81.133341	109.660115
254.134593	6.282285	81.320867	109.761498
253.330211	5.216958	80.900702	109.661016
251.187636	7.294639	79.993141	109.535115
248.865738	10.594804	79.774450	111.321191
245.749930	13.556403	80.549008	109.228760
244.477602	15.096017	79.863458	109.985977
241.900897	19.809776	80.404327	109.939073
238.612818	24.867173	82.338517	109.408559
236.543528	28.109887	77.876250	108.955666
233.960982	26.234461	80.356246	109.298117
229.018703	29.330384	79.837229	110.715260
223.231114	33.272967	80.010387	110.171686
219.114380	36.384244	78.643592	110.975761
214.463770	38.846888	82.021885	111.216070
212.794024	45.126959	79.064616	110.289493
209.239743	47.621524	80.289007	110.812515
206.188346	51.319677	78.338924	110.513463
202.369162	59.241115	75.755882	100.241379
197.279380	65.960934	78.616073	101.463447
192.075483	73.816041	81.344746	98.928863
191.280873	75.557792	84.631536	103.670317
196.248068	79.252356	78.469213	112.065036
196.196698	85.279296	79.906336	111.660749
190.645270	93.034234	83.775815	105.649728
200.432188	95.580853	73.143590	102.355478
194.715756	100.351212	80.292439	106.606005
203.000000	126.000000	66.000000	80.000000
202.147061	127.505328	65.736172	81.832084
204.522176	125.918902	64.448586	82.188608
204.271597	130.704657	64.794457	79.488991
202.136965	130.629034	67.527699	80.298580
205.029532	126.329381	65.076807	79.469292
201.572002	132.796341	65.641117	69.634999
201.243423	125.993154	66.705557	79.050081
205.542371	127.332274	67.064336	76.137756
199.682479	126.286337	69.996625	77.757854
199.920885	126.814364	68.148268	74.203359
200.253977	129.505301	68.638164	73.919324
206.812827	129.405784	64.738837	80.348900
205.091304	130.445220	67.522008	82.753747
201.917602	132.285393	65.285551	77.838595
201.879930	125.967702	64.754517	82.008346
201.401856	129.997408	65.808619	77.899438
204.682709	127.963809	66.587180	79.102412
203.367947	125.210987	64.881874	79.950200
202.908083	125.562766	63.941166	78.602468
203.865041	125.322368	64.320757	80.275105
205.554492	128.273043	64.732271	75.527531
203.660531	125.047250	64.698578	79.218359
203.532940	128.517713	65.836788	76.909254
201.288748	123.864119	67.519922	80.319540
201.501145	124.910223	67.444934	80.066122
202.706210	123.711399	67.321405	79.688588
206.860653	124.551618	64.726117	79.547413
201.201575	128.158185	70.398355	78.312692
204.079456	125.958821	66.585130	78.573352
203.002137	125.147679	65.714429	79.483130
204.131266	124.949158	64.172209	79.188994
203.589758	127.335971	64.088041	75.839341
205.116787	126.274505	65.657480	77.773292
201.851984	126.639684	68.802135	77.669622
204.813473	126.564789	65.813612	77.573321
204.206811	124.222864	64.721006	80.972450
203.624129	126.807491	66.554671	78.198216
206.274676	129.111248	63.939900	71.611780
202.879772	128.333009	65.052557	75.739013
206.463742	127.146037	61.768747	76.508198
203.390915	126.028921	63.529752	77.011160
201.481598	126.126042	69.820611	77.471796
202.851767	133.287752	65.676570	70.813030
203.689726	127.600934	62.979920	78.631666
203.110547	125.520728	67.879033	78.957919
202.019352	127.258349	66.386953	79.078317
203.453400	127.049218	64.713087	77.382431
203.742820	125.446364	65.433721	80.587292
203.317576	127.030001	64.547772	78.139168
205.640144	125.667589	65.345968	81.088158
203.604298	126.552733	66.536601	79.488358
203.801411	125.195221	65.813102	81.075201
203.581638	125.392053	65.153430	80.196661
204.321302	126.572287	66.815927	79.350574
204.399313	126.629219	66.069054	78.733916
202.531583	126.718514	65.124028	79.878887
204.727257	125.934241	65.068278	77.829392
204.641482	127.583360	66.422100	77.907532
204.535896	126.447929	65.726964	80.114753
206.149917	126.600851	65.965054	79.378641
206.145148	124.832112	66.280571	81.076330
206.647907	126.378172	65.088485	79.192935
202.960252	124.008330	64.610705	80.659135
204.965302	124.843468	64.123419	80.340199
204.819810	126.764190	67.313811	77.474909
204.619470	123.141930	66.958869	81.241492
203.516266	125.565880	65.589249	81.500473
202.147313	125.630558	66.223235	80.964249
203.233747	123.672247	67.143488	81.228236
204.659679	127.783115	65.292560	79.268070
204.854428	125.627960	65.449231	79.238789
204.051310	123.931701	66.046462	82.558568
205.645042	125.553923	66.047232	79.752937
204.783423	126.586814	65.384855	81.679052
202.675443	125.530598	65.480727	81.406570
204.859693	125.316009	65.762420	78.949460
206.501986	123.476831	66.115349	81.623483
208.344844	126.075810	65.060889	79.761907
206.639393	123.403518	66.885260	80.997942
204.768972	123.376096	66.493679	80.220544
205.269789	128.071002	65.740985	78.777084
204.149432	126.595062	68.128124	81.989131
205.040539	127.456008	65.547642	80.078971
203.635378	123.864264	66.010542	81.168694
203.369316	123.566182	65.347874	79.892824
205.511808	125.487277	64.826161	79.706944
206.162556	127.502665	67.470166	78.234795
204.350803	126.561681	65.917925	77.491331
203.535598	123.368190	65.868596	79.951342
204.519963	127.398297	66.082893	78.803987
205.854705	127.027962	65.164697	79.321242
206.153205	126.060252	65.890983	79.699568
203.991556	125.017826	67.412147	80.557727
205.012032	125.241505	65.233282	80.835264
204.605796	125.950048	65.203239	79.957395
205.548639	126.904398	65.575714	78.816517
205.594674	125.340812	64.847208	79.485127
207.257319	125.606270	65.462795	81.936216
204.572843	127.445709	65.734309	79.764584
202.618621	128.098193	64.815457	79.026872
202.448021	125.322171	66.531543	80.871847
202.246987	126.927256	66.011014	80.585997
204.434311	126.123524	66.571382	81.104034
206.421792	125.663103	65.817832	80.479776
205.827182	124.123093	64.544171	82.419553
201.569389	126.219324	66.683407	80.537428
206.620749	128.096441	61.727029	79.474505
205.214486	125.761840	64.643210	78.999467
203.725545	126.190506	65.737120	79.216399
204.836693	128.515102	65.192835	78.996788
204.143339	126.942479	66.256730	80.145411
202.447926	128.251299	66.967229	78.371320
205.468851	126.061642	65.359462	81.052767
204.282223	126.977335	65.044352	79.159477
203.004339	124.822167	65.904352	80.479464
203.532556	127.517517	66.349665	82.005610
204.498566	127.571181	67.418788	79.565963
204.386395	129.022217	68.365474	79.090711
206.262994	128.055462	63.909462	78.155945
207.452759	126.626726	65.498020	77.958675
202.598897	125.081019	68.481674	81.845462
204.633994	125.491018	65.730694	79.381043
202.021549	126.787268	68.692697	79.367718
202.102702	127.705340	65.604320	78.024365
202.514815	123.806470	64.702006	79.142419
204.212084	132.634680	65.702750	79.568349
202.381246	137.734582	65.396993	77.154806
198.496073	136.577752	65.704399	79.094129
201.751950	137.847063	65.019059	77.724359
207.926022	134.444127	66.505767	78.044365
211.628131	130.289985	65.151811	81.306685
212.585161	130.530661	67.762088	80.838609
212.759963	126.842586	63.563207	80.415544
212.963937	124.714162	65.099395	80.936737
220.742709	122.772313	67.233819	80.507845
226.744056	124.201925	69.334869	79.002830
231.427763	119.481903	65.222940	83.586585
233.863076	121.033625	65.111421	80.735021
242.342725	122.304250	62.457277	82.310258
244.961271	124.549066	64.917247	81.091097
218.427461	127.930782	67.108422	78.744214
204.580576	124.248460	65.250775	82.767528
203.336506	126.066670	64.731949	81.826272
203.828861	125.432052	66.038219	80.394657
202.375168	126.834958	66.640152	79.388808
202.747088	125.355261	67.991329	79.885640
205.823311	122.377670	66.737826	80.986293
206.633323	124.629682	64.536496	80.734064
202.011617	123.564853	65.886225	80.696358
202.624312	124.589006	65.235203	79.417458
205.439399	124.368746	67.314604	81.678386
209.128449	120.347101	64.950808	78.986205
221.996409	116.600126	62.697701	80.439648
252.823881	100.636460	63.525003	81.482783
262.116457	96.597453	67.684282	81.110269
260.845382	93.913432	66.393614	80.553154
255.267944	90.854862	66.626737	81.076600
266.534997	87.955538	62.522051	81.357066
272.678454	83.174177	65.883652	80.451166
286.649939	81.314057	64.867322	77.572745
296.489185	81.082450	66.331074	77.842345
303.234045	76.312625	66.128949	79.135566
303.546659	70.896381	67.364233	81.251305
299.559289	69.838835	65.355902	79.920105
298.858896	66.456228	64.922934	79.051161
295.485758	64.174319	65.740199	78.899919
292.335071	63.594235	66.303748	79.471704
291.990787	61.645082	64.983384	79.208964
294.805927	59.892367	65.863275	80.897259
295.588044	59.535395	66.304794	82.456367
298.353520	60.007373	66.931747	80.080452
301.742208	59.976348	65.596194	80.548952
302.797701	63.713558	64.626913	78.089219
301.213963	62.788971	65.829654	79.362061
301.569667	63.370560	67.954637	78.951233
301.722987	62.517159	67.097980	80.437668
305.641254	64.823830	66.936593	80.934614
309.238481	68.863604	66.129128	79.795418
313.667539	71.910263	64.915377	79.084842
319.186403	71.437221	66.343881	80.698485
325.679180	75.637751	65.328680	79.508705
328.765833	77.245745	66.548846	80.169293
329.256813	82.665335	66.913617	78.781924
333.137313	87.393655	64.690643	79.262784
339.576663	88.353026	66.207284	80.791921
343.988536	92.661781	66.205912	79.676108
342.536240	95.844049	65.598786	80.202794
341.753514	99.841068	65.020552	78.915191
340.791086	101.405770	66.512480	80.533147
342.262716	105.840327	66.116240	80.008281
346.479960	110.016834	65.579014	79.646221
349.076357	115.749667	66.236304	79.243152
349.254880	121.234084	65.673177	80.971047
344.074096	129.439912	66.570189	80.241162
336.396753	132.673288	66.483089	81.661558
329.254809	137.928247	66.514382	81.334457
325.502467	143.875456	66.336514	80.510332
316.336428	152.099896	66.981694	79.681429
312.426938	156.591059	64.933026	79.373086
305.864673	161.942301	66.347807	77.930723
300.102374	163.947664	66.082400	80.683816
292.954123	166.246938	64.835674	80.506698
289.290607	171.266420	64.560862	81.529794
287.277432	176.264190	67.295876	79.266131
288.730144	178.605975	67.243586	80.836431
288.913619	179.790393	65.391413	79.871655
285.544094	181.377705	65.682211	79.827670
287.381057	182.179297	64.673023	80.579756
290.007514	184.029023	67.391958	80.276175
292.248675	185.521892	65.637877	80.498370
296.512278	186.235419	65.641471	80.784911
301.940282	188.624625	65.195236	80.404408
303.443075	190.934844	67.111899	79.006038
304.924956	186.377001	66.631777	80.917249
304.174268	187.014098	66.877740	79.505427
303.631100	187.407803	67.030237	80.474227
301.836902	188.964628	66.869754	80.126312
305.372557	192.666571	65.127948	79.255680
305.872442	187.181145	66.438654	79.621375
303.929129	187.386000	68.116831	80.553795
304.678435	187.748951	66.230411	80.184818
301.259076	188.095483	66.152379	81.123222
299.304744	186.625577	65.917343	81.383937
298.154312	188.859266	66.884810	77.895412
299.080841	187.277482	66.913833	80.817404
301.143854	188.176093	66.832538	78.773558
302.963636	188.972354	66.155521	79.804164
304.805872	186.495554	65.095767	80.374634
302.471922	186.424393	65.052737	79.672944
300.364660	188.852508	66.414246	79.845938
298.815048	187.880294	66.149411	80.153724
297.514906	186.676119	66.829518	78.813267
299.789921	187.589419	65.194241	78.766252
301.883811	187.918275	65.576092	80.160775
303.246562	188.546113	64.373321	80.330822
301.158250	190.509195	66.718817	79.142387
304.127380	189.393398	64.510474	77.977336
301.751624	188.346913	65.971748	79.366554
302.518790	187.375477	65.919830	80.718881
300.963109	189.277947	67.344721	78.873263
302.152994	187.822628	66.749441	80.300623
302.524219	186.446847	64.958833	81.023422
300.667558	189.418528	68.165659	78.776335
302.572267	188.274704	65.106391	78.731730
302.590298	185.575920	64.246792	82.639001
302.347321	186.524865	65.305921	81.113339
303.846711	191.372436	65.980570	77.501029
301.408240	187.840877	67.057862	79.516669
301.385817	186.977722	65.189255	80.348866
301.460410	188.430588	66.230503	80.007624
299.698625	186.736648	66.649946	81.007680
300.229213	186.810136	66.809271	79.584727
300.404793	187.594679	65.725015	79.041362
301.090367	187.803578	65.712368	80.428802
299.067060	186.294873	65.473281	80.606345
298.612814	187.506799	67.153322	81.261586
301.311679	186.691559	67.361615	80.942165
303.747153	188.045170	65.742696	79.898078
303.169001	187.319022	67.387389	79.030038
301.190447	186.818776	67.400395	80.866733
300.299589	188.324291	66.649909	81.506665
300.956345	188.384422	66.741848	79.239835
298.986008	187.886982	66.007298	80.658282
301.399017	186.527840	64.509111	80.698271
302.700047	188.805552	66.118104	77.837318
301.127066	188.272862	66.908764	80.163130
300.046748	187.392931	67.571950	80.478458
301.323925	187.549829	66.438120	81.013301
303.562426	188.679786	66.509129	81.925470
303.250207	188.566484	67.651273	78.972964
304.581878	188.489948	63.872565	77.941964
302.664728	187.079219	66.569742	79.912135
301.669933	186.728168	65.107288	80.963752
305.208994	187.440358	66.203302	79.952311
303.360122	187.672109	66.259401	78.493835
306.318615	186.345877	66.522443	81.442591
306.972899	187.412548	67.551302	78.889593
308.200512	187.955580	66.227306	79.804692
305.375574	187.558290	66.667818	79.942763
303.528542	186.113283	64.902421	80.760783
302.474680	187.762771	65.299577	80.194039
302.801779	189.149346	64.225263	77.333941
301.008642	186.846014	65.942394	80.868028
303.499414	186.123949	65.858794	79.277538
304.623946	186.974243	66.694830	80.090119
306.057042	185.265109	69.074479	81.173321
306.393399	189.646046	66.253884	79.401398
304.396371	187.769509	66.199386	79.713856
301.717175	189.560382	64.754289	79.417094
298.107857	187.826379	63.436201	81.326006
298.392411	187.339557	66.832666	80.425996
303.045497	186.876832	66.651084	80.854100
302.374969	186.877222	67.087255	78.963251
300.229451	185.902895	66.272929	81.022417
300.473757	185.695132	65.916366	81.779922
298.720941	187.713410	67.093749	80.318298
298.877965	186.894448	67.801492	80.664930
301.757987	189.479682	66.522113	77.211177
304.002166	189.322644	65.824684	78.475415
305.590963	188.069836	66.705384	81.021452
304.958680	190.247849	65.203940	79.257425
302.679437	190.223727	66.466057	79.131825
299.209034	189.100948	67.980526	80.207768
300.653004	187.865994	67.840681	80.227673
302.789954	187.719678	65.353340	80.634489
304.162280	189.096710	66.298319	81.469000
306.298986	188.287630	65.388079	80.339295
306.198290	186.434377	66.173166	81.108925
303.626150	187.338800	68.260684	80.123110
303.287167	187.767042	66.312082	80.820948
305.388228	187.213989	65.454896	80.960935
305.049583	186.743030	66.935825	81.674863
301.575989	188.939674	66.077285	79.004402
297.506383	188.283758	65.312370	79.126577
300.789829	188.629724	65.328040	79.894734
305.363240	188.050157	64.833678	80.085514
305.741113	186.706414	67.286397	79.077013
307.582939	187.374055	67.160185	80.625049
306.249313	187.929467	66.594009	79.609896
303.680028	187.023808	67.220636	80.106933
302.690263	187.518714	66.403298	81.651695
303.957568	189.057949	66.332346	79.691507
303.995232	187.538760	64.153334	80.769830
306.228077	187.156172	64.820850	81.689520
305.988943	187.205695	66.746577	80.575277
302.506603	187.078635	66.364721	81.557267
302.888333	187.065062	64.313062	79.379148
303.907116	185.487563	66.474605	80.079022
303.751686	191.261529	66.567434	77.879108
304.870183	187.221029	64.776957	79.567121
307.099160	187.096775	66.799768	80.733940
305.532094	188.450900	67.920520	79.268093
303.827851	187.008046	66.200328	79.217372
303.835077	187.214636	65.259906	79.290817
305.998683	186.819155	65.651955	81.335001
306.900140	188.941202	65.128807	80.993005
310.216271	186.860756	65.863499	80.160685
309.308832	187.029262	64.889605	79.314409
307.918912	188.104548	65.595235	80.238696
302.437123	188.053785	66.567349	78.767733
299.980565	185.836466	66.336931	80.386168
297.921734	188.533699	66.654302	81.472333
295.768867	189.754632	66.936534	78.797404
294.410468	189.193828	67.539749	79.891732
293.293035	186.940860	65.554384	79.555983
295.445838	185.562785	66.356011	78.720462
296.909391	183.427724	66.777374	79.306126
298.089391	178.119890	64.191976	80.983364
295.535746	176.796038	66.084329	79.901738
286.168207	171.226090	68.877058	80.664667
289.880874	166.157225	66.784694	80.892890
295.434175	162.002754	66.783599	80.383709
300.121696	156.069885	67.797461	79.694121
300.980482	151.583932	64.942754	80.481740
302.100459	147.719899	65.482332	79.509585
309.253681	141.978526	66.471379	81.247803
319.999231	136.558005	64.495305	80.284682
326.888446	130.078824	65.753150	80.686359
334.536453	125.715768	64.936663	79.355310
337.326907	117.934236	65.396244	80.001530
342.327569	112.185119	66.006033	80.824083
347.183553	108.441599	66.739214	77.992670
357.176179	102.100418	63.883924	81.092655
365.474909	96.999419	64.998322	80.679421
376.365164	92.987530	65.795564	80.278260
381.853603	91.950164	65.986625	78.595996
388.860928	86.807541	65.888411	78.834684
395.436011	82.878714	63.952496	79.959607
401.848980	84.460400	64.142020	77.699346
410.016665	82.126598	65.662405	79.088211
420.704072	81.392899	65.695583	80.994307
431.749167	83.303734	66.051134	79.118000
444.675217	85.165448	66.021169	80.720871
449.291989	86.080592	65.365386	81.558878
449.015845	90.644155	67.722806	79.495574
451.764447	91.917687	68.110571	80.440014
458.116316	94.106658	66.836440	79.357352
463.610858	96.425340	64.960671	78.761471
465.587454	97.301333	64.432807	80.120354
470.372399	99.746782	66.547782	82.332660
476.737406	104.797790	66.383101	80.420066
483.156576	104.867965	65.075525	81.675472
488.415421	110.836306	65.583313	80.667948
490.089574	113.218002	66.302727	80.520023
493.704277	118.979183	66.664192	80.362114
496.318919	124.016339	66.642716	80.698854
495.859408	128.413979	66.133660	77.373706
492.675973	133.320473	66.238537	78.263180
495.116138	135.429212	65.065839	78.382367
494.014950	134.874586	66.573602	80.911554
491.722088	137.887011	67.411968	80.825617
488.434861	139.449637	66.868196	79.386792
487.276485	146.945676	65.799842	78.708687
486.161552	146.360646	65.276708	79.532776
483.187461	147.114961	65.216815	78.736324
483.861399	148.668730	65.054770	79.384385
481.359290	148.310657	65.059752	79.644516
478.970176	144.162996	66.909379	80.982540
480.839994	138.947688	65.449027	80.093250
478.881839	137.190353	66.455351	81.212622
479.413514	142.774649	64.528051	79.610331
473.314047	142.404326	64.732568	80.334023
472.007500	143.088496	66.455814	78.251043
473.052434	143.463035	68.328495	78.505148
474.687306	143.638084	65.428628	76.897019
472.292555	138.830377	66.544042	80.410061
470.236324	139.685001	66.527826	78.720130
472.837739	137.733891	67.516493	79.581937
472.109577	135.877010	66.201855	78.147821
475.430477	134.269950	66.247660	78.817346
476.684151	129.775457	66.014261	78.926336
479.705665	130.217413	65.477777	76.777932
479.525838	128.535728	63.902057	77.290582
479.422881	125.567387	66.621014	80.086847
480.990108	125.460114	65.191415	78.323776
478.473780	122.786281	65.344955	79.449316
475.447093	120.881950	65.478076	80.122706
473.859251	116.924840	66.212161	81.809591
467.484504	117.355890	64.567886	79.719018
461.015839	120.535346	65.277484	77.350163
458.557968	115.972092	67.214160	78.780130
460.088136	112.612014	66.409689	79.555349
460.158025	110.036153	64.591474	80.811332
464.297987	107.430215	65.789598	79.979428
471.861600	106.024671	65.550744	80.387037
477.641972	102.904739	65.336580	80.680326
482.978198	102.276358	65.781229	80.371319
489.365175	103.265638	66.128756	79.349666
497.617120	101.600412	67.016810	79.272430
497.138396	100.549362	66.268964	81.976562
495.036728	101.641888	66.280464	80.693593
492.513512	101.407656	65.859489	80.008674
485.823562	102.031036	65.507978	80.086077
482.586119	102.286990	66.982732	79.501586
480.692539	103.204245	65.427745	78.482360
480.530954	100.042740	65.962221	79.742991
486.426693	100.552527	63.996178	80.144851
485.027849	97.062548	66.269794	81.160247
481.989823	98.441069	67.134803	79.318638
483.496628	97.921855	66.030307	79.758992
485.401779	96.816482	65.475732	81.112023
481.621031	99.241786	64.707532	79.628562
479.080313	98.702772	66.204229	79.880798
481.943830	97.542945	67.733686	80.491261
482.830441	99.698920	65.864891	81.257009
485.989347	102.141386	65.739033	80.044132
487.543624	101.940670	66.323115	79.601937
487.819781	103.514012	64.755508	81.257844
497.492974	102.650421	66.761625	79.853577
506.367771	104.555056	65.109600	78.796982
513.716765	101.471789	67.308110	78.668875
516.806447	96.228148	65.653087	79.967343
515.824919	99.027032	66.628353	77.817330
515.574400	98.779323	63.968154	79.843670
515.943005	100.961318	65.498289	81.771138
517.686940	106.572110	64.765393	79.223163
524.114183	109.348298	64.887652	81.304050
526.939442	116.181990	65.278032	78.286522
534.661545	118.488005	63.296580	80.925581
556.350676	138.154076	62.993634	80.844945
582.655582	161.151863	55.469719	78.584353
587.770468	167.708148	51.814409	79.961328
586.010405	165.143360	53.513401	80.623749
580.254836	159.108630	58.463207	79.809340
576.285947	152.527147	60.554000	80.071818
576.277127	150.825292	60.788720	79.687216
578.607262	153.184971	59.080897	78.941974
579.587221	152.393586	58.294212	79.896922
578.447048	150.100225	59.258134	79.106045
576.980104	147.545765	60.142414	80.459718
578.373379	147.439718	58.165725	80.377897
579.511560	147.532091	58.063639	79.052231
580.721872	149.967025	58.145948	79.523001
582.068653	152.002881	56.061534	79.737911
581.024061	153.613994	57.359849	79.959040
579.078103	153.335949	58.947443	80.508891
576.649746	152.568178	60.419635	79.881942
575.001349	152.917002	60.440029	79.772905
576.656973	154.138511	60.635686	78.602186
579.028193	153.471697	59.024300	80.679375
578.905721	152.410084	58.964975	79.041360
578.260980	155.331072	59.361140	79.831181
576.825724	156.961749	60.031426	80.190355
577.155356	156.256406	60.485420	78.967745
578.223751	150.785814	59.831482	80.570110
578.929799	151.794558	58.694595	78.131816
577.564195	152.706821	60.012762	79.538495
577.618651	153.129437	59.689074	79.830985
579.398257	158.263163	57.979830	79.029914
578.404688	161.243059	58.815050	81.036149
576.586129	160.325210	60.492384	79.865861
577.010761	157.579809	59.933902	78.849948
579.240812	157.096358	58.627707	80.246846
580.142919	154.992482	57.488623	80.420852
577.074743	150.582728	60.263768	80.968494
576.145305	147.513196	60.698608	79.293955
576.542273	148.777657	60.443268	79.567205
577.335334	149.467513	60.558975	79.859519
577.879408	152.505420	60.025849	79.493996
579.033764	157.134209	58.807576	80.160416
580.016378	163.897268	58.254668	80.468829
580.967534	161.310444	57.499834	78.788895
579.540387	156.698879	58.340247	80.245015
576.839932	152.370061	60.757361	78.898455
576.261619	147.710406	60.622320	80.916825
576.545308	150.038784	59.881406	80.633108
576.860033	154.029360	60.584996	78.755194
576.812079	155.736558	60.033203	79.790301
577.882311	158.740499	59.040169	80.235857
579.101675	157.880598	58.765358	80.297329
580.459772	157.239504	58.111886	79.996904
580.300032	156.185827	58.140543	80.031728
579.207900	153.706880	58.424629	79.590126
579.248071	152.487499	58.959142	79.361998
580.851844	152.538992	58.090189	79.642471
580.459738	152.986559	57.563565	80.280421
577.047615	152.342381	60.072586	80.151851
576.349241	150.808377	60.970994	80.071515
574.893505	150.476631	61.713325	79.445269
575.635143	149.198311	61.677778	80.562642
577.300184	149.102479	59.964031	80.490076
578.125250	150.763484	59.221830	79.194763
578.299245	150.680870	59.534462	80.552433
579.638252	153.207452	58.772768	80.015691
578.754398	153.786632	59.245439	80.008465
577.443787	153.748173	60.311633	79.338936
579.088711	156.021795	59.020842	80.345709
579.507708	156.474552	58.766285	79.880441
578.622510	157.025624	58.478052	79.775335
579.335163	153.661728	59.105059	79.927494
579.472953	152.433462	58.438885	81.080084
577.023253	154.643293	60.419251	80.244909
577.501545	155.570275	60.023474	79.940573
577.698087	154.937275	59.592683	78.889427
578.054842	152.672185	59.238052	80.081978
576.832852	152.654814	60.594348	79.209126
575.108207	152.964310	61.532919	78.435818
577.703719	149.915451	59.516056	80.267629
579.282156	149.834293	58.819577	79.916007
578.515083	149.483082	59.007061	80.948075
576.474738	146.661439	60.538900	80.044769
578.174534	147.596160	59.448691	79.442381
579.176780	149.020121	58.175467	80.964154
578.640372	151.878746	59.173337	80.378491
577.980001	152.905252	59.926238	79.677815
576.094612	153.516842	60.396091	80.189994
577.163138	154.281832	59.841872	80.854799
577.881521	153.104076	60.300549	80.047918
577.013972	151.606547	60.731361	80.090753
577.106405	147.669755	59.986817	80.882181
575.516802	145.953320	61.338512	79.939076
577.896214	147.366945	59.849995	80.251801
577.651725	146.123562	59.946968	79.154778
577.141692	146.448558	59.290714	79.678916
577.701126	147.689303	59.110623	79.498749
577.602360	151.303054	59.747369	79.455345
576.976823	150.353279	60.636366	79.870428
578.291015	149.406547	59.607289	81.018834
577.971897	148.762277	59.785296	79.967711
578.141409	150.380149	59.404395	78.953920
578.405370	155.686480	58.864480	79.220167
578.443839	156.707749	58.791069	79.805888
579.298833	156.879508	58.648330	79.375465
579.561461	152.204145	58.376804	80.617653
579.855016	150.278228	57.628712	79.807386
578.488320	150.578836	59.377368	79.945087
577.342920	152.256416	58.946680	78.253319
577.074403	150.891660	59.398053	79.649854
575.909554	152.293561	60.805423	79.454607
573.690508	152.228555	61.718140	78.748475
575.805287	153.817130	61.078615	79.690403
578.544360	152.884831	59.093198	80.752912
580.788456	153.110935	57.996448	79.376712
580.248519	151.584669	57.758810	80.128633
579.249721	148.802644	58.230450	79.788882
579.601645	148.235813	57.857523	80.744372
578.714917	149.016145	59.012226	80.303024
575.577158	154.200388	61.478700	80.759425
575.719784	156.985000	60.613582	78.707134
577.013244	158.676277	60.128016	78.963077
580.029339	156.353250	58.192923	79.871521
580.907353	155.099146	57.687912	79.371740
581.096248	151.629700	57.022800	79.586152
579.744608	150.192012	58.713403	80.621485
579.142300	149.507569	58.618253	80.663365
577.436144	150.824619	60.436384	79.520070
576.361070	150.759056	60.700277	80.645236
576.930290	152.368770	60.373603	79.615457
577.731091	152.826178	60.540944	80.073745
577.150327	151.822299	60.894263	79.737385
579.642482	148.672066	58.363384	80.571663
581.684938	146.910860	56.624219	80.298185
579.543854	149.116461	57.888565	79.776839
578.269166	153.355548	59.639518	79.981945
578.911338	155.070126	59.396093	79.577224
579.847904	154.769763	58.927478	79.525948
579.696611	151.899009	58.489185	81.709022
579.477136	151.289106	58.378380	82.704181
579.922788	151.798894	57.725929	79.981795
580.051822	155.721994	57.950228	78.991826
581.010622	154.639692	57.578758	80.080505
579.275812	154.789808	59.250581	79.980421
578.750089	153.643788	58.374751	79.597980
578.900908	150.876449	58.453228	79.142356
577.634009	148.346782	60.152678	81.059148
577.469186	149.380855	60.013844	80.010774
577.395422	148.160443	60.259306	81.465774
578.089069	148.853086	59.303593	80.356740
579.999254	149.766825	58.732409	80.768435
579.532240	151.947848	58.900660	80.484173
578.008633	151.938118	59.495173	79.929351
576.633834	151.996145	61.122703	80.233899
578.649620	151.558616	59.192852	80.611947
580.238677	156.631621	58.546035	80.786245
580.807751	157.021014	58.072510	80.357363
579.513486	158.705347	57.842239	79.403138
578.796888	153.208335	58.444301	80.069112
578.040557	149.216001	59.936222	79.281682
576.328447	150.641313	60.340545	80.465495
574.720568	152.224933	61.721961	79.700031
576.880820	153.844718	59.736198	79.632789
578.499683	155.686724	59.182645	80.023098
577.593662	151.930315	59.312045	80.553211
578.960285	151.041177	58.466058	78.233711
579.205629	149.946087	58.131131	79.537789
579.628683	149.470576	58.427739	78.597854
578.795683	151.526893	59.740420	80.879100
581.477938	154.975332	56.572688	79.359206
579.323354	153.009489	58.511197	79.221655
577.974165	149.464382	60.192991	79.444051
578.303323	150.113965	59.304250	80.232787
578.479017	152.772171	59.418009	79.566878
577.678865	151.313663	59.763172	80.901309
577.599854	150.827171	59.704655	81.178050
579.797826	149.348862	58.318106	79.854434
580.259151	148.211706	57.320865	80.280139
578.886397	147.466603	59.059805	79.562663
577.747951	149.114570	59.927423	80.114891
578.646961	152.101163	59.331502	78.786075
578.560388	156.903118	59.267087	80.242160
579.797138	154.483025	58.918202	79.563609
579.646258	152.708998	59.017531	79.065201
579.256636	148.060798	58.315697	80.724121
577.897406	145.265967	59.440895	80.871528
577.738198	145.911652	59.263153	80.374050
579.360273	150.038502	58.542261	80.227285
579.736396	154.857375	58.586567	79.928990
580.203105	155.274440	57.753004	80.233093
580.161678	157.225374	57.594509	80.102067
579.437440	154.900113	58.395032	80.517440
578.202744	156.098059	59.389597	80.515223
578.341617	155.580548	58.787526	79.301734
577.885337	154.209394	60.093379	79.369039
578.442682	153.304479	59.114525	79.768519
579.546135	151.012322	58.133480	80.206826
579.154088	151.784444	59.294058	80.739700
580.809463	153.654378	57.355462	80.794458
577.953664	154.372336	59.985321	80.777844
577.343860	150.737535	59.591218	79.628359
578.272226	148.453970	59.451041	79.627489
579.029075	149.615175	58.845023	79.350552
578.256311	148.709113	58.537428	80.269855
578.855263	147.315060	58.495126	80.504952
580.042057	150.285684	57.947768	78.683144
578.222689	150.333052	59.638744	80.127487
577.826184	152.929393	59.577159	79.102190
577.046830	152.786515	60.182096	79.930735
576.583723	152.231797	60.097089	79.997501
577.787043	150.986909	60.295372	78.719360
577.702757	153.925452	59.532461	79.265037
578.642258	154.300508	58.889306	80.497904
579.554379	152.420188	58.036187	80.983918
579.259968	151.337667	58.153838	79.442154
578.443835	149.776119	58.706195	80.165374
578.347375	151.321622	58.779088	78.423898
578.446816	151.176533	58.450672	79.042023
579.729067	147.526037	58.252690	80.733214
579.499173	148.933036	58.339715	80.738554
578.499378	147.734720	59.359977	80.631324
577.339945	148.295343	60.034299	78.191553
578.228425	147.572506	60.068895	80.896384
578.698135	150.359512	58.699839	78.498647
575.533629	151.683334	61.322550	79.871919
576.444699	153.083613	61.016404	79.639717
578.440029	152.407889	59.666488	78.979718
581.808267	152.605249	57.021027	80.123259
580.128654	157.060493	58.254695	80.235034
575.672101	155.161339	61.413946	80.142302
574.444146	154.064092	61.041367	81.321468
574.280406	155.520538	61.634024	80.920454
578.817135	158.170730	59.474994	80.147447
580.802697	158.532876	57.903856	79.892473
579.612919	158.902382	58.170518	79.123138
579.603002	156.499655	58.773950	80.273127
577.570959	154.513166	59.392407	80.340201
576.080824	153.824730	60.450775	79.632895
579.777531	155.571092	58.033059	79.353443
579.962823	155.956356	57.970065	80.324829
578.886901	157.202287	58.085438	80.017436
577.968187	158.058050	59.989878	80.235300
578.958181	153.065192	59.176417	80.239884
