288.000000	143.000000	35.000000	42.000000
291.106377	142.703758	35.113638	42.272539
293.158941	142.029459	35.304013	42.506086
294.290283	141.327843	34.976381	41.645122
297.071738	140.801042	34.482898	42.360142
297.649036	139.847893	34.659188	42.356739
297.785132	139.076990	35.324005	42.649973
298.619444	140.130513	34.762082	41.269070
297.895408	140.660367	34.897192	41.898740
298.432819	140.822351	35.048642	41.645822
299.726575	141.571313	34.971733	41.961419
299.943256	141.209704	35.141240	42.174292
301.143547	142.523111	34.918592	41.460523
299.681915	142.128976	35.664004	42.432536
297.658762	142.251227	35.255971	41.130847
296.447184	140.739013	35.582980	42.547638
298.576083	141.503009	34.472905	41.749039
299.471343	143.298901	35.033870	41.761324
298.222043	144.451155	34.700816	42.232487
297.777696	144.282273	34.597629	42.489992
297.831176	144.782505	34.780129	42.049361
297.665570	146.665459	34.946331	41.722679
295.389128	147.817372	36.115828	42.174565
294.419409	147.477946	35.721627	42.379695
294.837363	148.156988	34.604209	42.332573
293.922489	148.221997	35.588609	41.676858
293.338477	148.625914	34.866700	42.715148
292.373262	150.230414	35.283714	41.588954
292.267713	150.518967	35.958370	42.187004
292.461230	150.685883	34.322998	42.784553
291.257889	149.675833	34.863428	41.045181
291.619543	148.957138	35.165411	41.240567
292.263393	149.917388	35.077574	42.649292
292.022624	150.879701	35.456080	42.239758
293.923580	151.250497	35.512773	41.659348
293.537662	149.745159	35.380784	42.109689
295.345840	148.831857	35.162211	42.172326
294.084303	147.703491	35.101148	41.611787
293.600710	148.951791	35.251909	41.044078
294.024478	147.893792	35.606837	41.207140
297.016526	147.272459	35.062080	41.722503
297.622367	146.846423	34.575263	42.327240
296.174256	148.072555	34.751457	42.400534
294.913000	148.284618	34.762829	42.010267
294.005374	147.579667	35.432576	42.981732
294.452544	147.937753	35.668344	41.806860
295.606764	147.454771	34.524423	42.547409
295.108857	149.015033	34.436885	41.775914
292.559521	150.031133	35.361635	41.749986
292.557768	149.436989	34.410232	42.482729
291.528642	149.480718	35.343545	42.486916
291.605698	150.361374	34.905339	42.169346
291.157268	151.845489	34.955676	41.944180
290.595339	151.485787	34.670724	41.874732
291.294323	151.716566	34.964676	41.781461
291.495462	152.757564	35.285261	41.621838
291.079116	153.013486	35.489808	41.809263
290.360668	152.277884	34.973092	42.644212
289.182451	154.420769	35.350655	42.236360
290.075151	155.259841	35.083439	41.499611
289.410001	156.323965	35.137416	41.114822
289.983438	156.287622	34.858078	41.707185
290.067857	154.363823	34.781060	41.711068
290.329702	153.697939	34.766190	42.017017
291.854114	154.110202	35.359226	42.080449
294.234566	154.386015	35.382656	41.839524
293.759110	154.103418	35.184695	41.743718
293.843225	154.363667	35.200365	40.886006
296.069156	154.166369	34.425447	41.521728
296.947201	154.265227	35.070188	42.654232
298.303914	156.293948	35.141470	42.027016
299.628980	156.805707	34.404540	41.536037
301.299891	156.398441	35.479833	42.058313
303.544299	157.999052	35.151311	41.648441
306.910451	158.963508	34.955633	41.942350
309.940801	162.071161	35.573202	42.276878
313.744120	166.520316	34.682425	42.353382
316.256110	172.797017	35.159453	41.550220
317.598430	178.064772	35.277219	41.921298
319.838531	185.381109	34.953950	41.027414
319.363707	190.403691	35.426831	41.780905
317.874105	195.514443	35.864599	41.193999
317.367511	198.356001	35.130042	42.696859
314.965071	200.605552	35.796765	42.104730
311.827702	204.225168	34.329126	41.837731
307.542957	203.420975	34.439982	41.810239
301.689930	201.810587	35.284151	42.498682
297.521367	197.701242	34.531202	42.031547
292.897553	191.362733	35.433375	41.851176
289.132378	182.087448	34.792133	43.080327
284.549622	171.857085	34.834698	41.420899
284.156997	158.898634	34.279154	42.310017
282.617148	149.886034	35.287713	42.367592
283.378959	142.409308	34.365574	42.191654
284.151188	137.027911	34.756752	41.977571
285.782289	132.778695	35.231644	41.839089
287.394438	130.482482	35.181131	41.394789
288.165921	128.973128	34.791000	41.787593
289.583539	131.706286	34.901913	41.542101
291.920971	135.840857	35.321265	42.243601
293.155292	142.575691	35.476955	42.274100
294.487763	149.575898	35.212085	42.382421
298.620142	160.286241	34.508659	42.994234
301.556778	172.281536	34.413504	42.102424
303.186929	185.670334	35.150276	41.930990
304.055202	194.106083	34.974045	42.313023
302.723910	198.958097	34.722159	41.882865
298.925119	199.210991	34.467696	42.222213
294.423997	197.577181	34.642553	41.865102
289.305355	190.894402	35.414023	41.618138
281.945048	180.634494	34.807176	41.936686
274.476402	171.676268	34.963977	41.548377
266.535363	163.929546	35.525998	42.370337
257.440273	160.203134	35.902945	41.306342
249.993089	159.042853	35.656269	42.226724
245.790410	162.008385	36.271690	41.974000
243.024080	161.559688	36.116057	43.115873
239.308054	164.358458	35.751489	42.218143
238.385685	167.732915	35.580775	42.442558
239.522585	172.470185	34.437791	42.271813
243.041255	177.105522	34.566958	41.279745
245.592082	178.263670	35.369854	42.749890
250.875114	177.054175	34.388843	42.629576
255.296889	172.155072	34.676566	42.057147
263.554474	162.796567	34.264968	41.917290
273.359978	152.116382	36.030096	42.818667
283.712724	146.917308	35.270920	42.056281
293.766836	141.681263	35.163963	44.062303
299.968205	141.778256	35.064711	42.899237
308.268920	140.203582	35.572484	41.954065
312.950420	142.075182	35.867588	44.569874
321.384700	145.271083	35.245106	43.730931
325.236662	150.802046	35.133209	43.461246
330.078802	158.552119	34.020784	42.843593
331.973442	168.874818	35.397398	42.084348
333.239177	179.991831	35.519111	41.847349
332.970977	188.980265	35.061522	41.315592
330.295351	194.489404	35.749173	41.558828
328.031100	196.238362	35.466922	41.831899
324.627537	192.362202	35.787588	42.019836
319.814254	187.222258	34.888983	42.165339
315.334960	179.037855	34.737544	42.746227
309.655037	170.279855	35.014833	43.404239
304.688116	162.131993	35.606940	42.154094
299.702456	153.261004	35.113881	42.123553
294.500463	147.691553	34.931116	42.324758
290.358988	144.289718	34.667917	41.779234
287.665991	143.062401	35.609127	42.283880
283.599705	141.907790	35.357701	42.171958
279.159329	144.509721	35.184344	42.353724
277.242408	150.125603	35.819918	41.468707
275.941046	155.338557	35.475221	42.312340
274.321580	164.159897	35.959361	41.554318
271.866729	169.906908	35.861989	42.549534
271.113502	172.572078	35.966767	41.776674
269.618822	171.546639	35.099846	42.546826
268.730713	170.121639	34.820283	42.421230
267.217679	168.719564	35.289354	41.481290
263.863253	164.659352	35.203692	41.524774
260.782179	160.863899	35.481590	41.728040
258.298060	156.363949	35.911316	41.925547
257.451584	153.307602	35.558619	42.430271
257.261592	151.819803	34.924258	42.034148
259.447815	152.791729	35.326463	42.218576
262.184519	155.233456	35.018734	42.101116
263.191151	158.124788	34.309232	42.786673
263.024753	163.526264	35.367517	42.228187
264.847048	170.005406	34.569695	42.291224
265.083233	176.296635	35.304306	41.872633
267.626892	180.890292	34.647794	41.807928
267.183620	187.941466	34.287738	41.994913
267.994694	189.991850	34.828307	42.301020
268.456530	187.304531	34.613962	42.469447
267.092200	180.646642	34.752196	42.663597
267.288261	173.616161	33.871105	41.534593
267.402702	166.459261	34.749945	42.023056
269.007907	163.199684	35.688938	41.926894
271.783974	160.275124	35.698248	42.348976
277.193859	159.980383	34.556500	41.927655
282.850532	159.410602	35.036470	42.128840
289.801115	160.621381	34.417763	41.732339
298.625078	163.237154	34.734496	41.829069
304.863839	167.525253	35.152734	41.736210
312.522112	171.428210	35.654050	41.690674
315.433457	172.230480	34.594120	43.043182
316.196005	172.440757	34.810872	42.396419
315.402454	172.261343	34.867663	41.033689
312.966418	170.087914	35.768765	42.780699
309.277321	172.370372	34.747206	41.727182
305.664427	176.581147	35.362002	41.629435
302.735442	180.813609	34.260097	42.409972
300.656904	186.848448	34.774723	41.818825
296.743816	194.503361	34.519534	42.404229
292.452303	202.310379	35.210867	41.170474
284.890393	206.512302	35.972172	41.968621
279.210456	206.348018	35.203194	41.943614
272.310812	201.545555	35.195438	42.687039
268.096838	194.789179	35.392773	42.669127
264.314282	186.074693	36.483212	41.264508
267.369791	180.106190	36.106294	41.427942
272.692302	172.379986	35.304641	42.734808
278.351918	169.828884	34.913144	42.129377
285.375092	169.277633	35.717047	42.018274
294.420093	171.052652	35.671678	42.397408
308.405330	176.535254	34.024787	41.154812
314.907102	183.795510	34.604150	42.285865
318.047737	190.474447	36.667276	41.885988
320.670675	197.809547	34.889257	42.538234
321.508398	201.407012	33.954230	43.317909
316.785787	204.573844	35.090747	42.545808
310.524460	202.644198	35.115749	43.189835
302.373104	197.946824	35.005639	42.124830
294.515757	191.622030	35.235630	41.928842
285.323756	186.663304	34.737220	42.528618
277.340545	182.845107	34.126908	41.900820
268.474660	183.428626	35.232107	41.644658
264.503555	184.464886	34.846567	42.025662
262.742570	185.470983	35.692172	42.635787
262.405460	188.661634	35.505320	41.631716
264.519688	189.394080	35.113873	41.992160
268.286395	186.928233	34.630157	42.607705
273.557163	182.424784	35.099382	42.873861
279.655164	175.844272	34.201395	43.368893
284.374500	172.595624	35.587498	43.727369
285.846873	172.152663	36.198804	42.107605
288.141831	173.725267	34.856627	40.673546
287.186686	176.709120	34.856578	40.732067
287.714491	179.489299	34.245734	42.203235
288.796661	183.072789	36.058051	41.647942
287.322423	183.466963	37.130640	41.684067
285.658976	181.125417	34.899480	42.422348
282.664830	175.770087	34.730083	42.358711
277.473483	166.972290	34.428335	42.087202
271.566684	159.199065	35.181956	42.320404
266.181468	153.276516	35.271921	41.841129
260.703674	149.385380	35.323482	42.395178
255.221994	149.080986	35.183653	42.103450
251.462923	151.134220	35.238050	42.048349
249.525986	152.329875	35.016455	42.365420
245.699738	155.166556	35.838783	41.906890
243.149491	159.691453	34.803888	41.649775
240.851925	165.816593	34.382004	41.807151
239.809212	170.978989	35.130889	41.581017
240.724125	172.305720	35.285293	42.083849
242.438060	169.945507	34.850424	41.123554
246.260493	166.593799	35.128260	41.112059
249.747686	161.561269	34.972841	41.357409
253.812255	154.897257	35.008589	42.542141
259.185735	149.839340	34.498600	41.165057
266.292109	146.433799	35.097821	42.198007
272.103253	146.182800	34.852696	41.670131
278.161158	144.859969	35.038641	42.646947
282.400273	145.515326	34.782671	42.391322
286.356965	145.385670	34.626816	41.907516
288.100197	147.601741	35.064499	41.886566
286.364944	150.231992	34.767890	41.211733
281.592806	150.495324	35.731440	41.944353
274.417299	148.101316	35.265448	42.063792
268.543399	143.519807	35.519344	41.581201
263.992101	136.865736	34.620578	41.785177
257.643919	129.990367	35.211720	40.965048
251.061023	125.757599	34.906201	41.239340
242.231646	122.728387	34.865229	41.542454
230.110639	125.786022	35.531486	41.901963
214.686760	134.750150	34.373508	41.113795
194.722419	145.140664	35.363249	40.032075
180.637696	155.201409	34.075887	42.170125
167.934559	172.167496	35.419648	41.835322
161.043179	183.399695	35.350512	41.443967
161.357158	191.747610	35.240142	42.743292
164.623338	200.222290	34.712933	41.487866
165.712246	203.659756	34.216402	42.373011
166.601029	201.066573	34.916544	41.175954
170.135222	192.838992	34.981586	42.142798
170.908325	186.277835	35.047452	42.497792
174.005550	180.535120	35.146601	41.329852
180.052709	175.494479	35.344863	42.257176
186.622814	173.978429	34.331024	42.189718
192.334967	175.079100	34.869462	41.778423
197.200641	178.139313	34.296323	42.261327
203.114105	183.444268	35.274787	41.799357
206.312246	188.368234	35.176288	42.185783
206.223225	193.597361	35.608898	42.123982
208.250155	200.527094	34.593954	42.263285
212.089061	205.320679	34.927423	42.177977
214.875951	211.389374	34.524938	41.955006
210.029734	217.060251	34.770912	42.508836
202.198691	221.539404	34.868087	42.187873
199.707350	219.364908	35.650021	42.415476
202.222240	213.752719	33.886262	42.109430
203.676976	207.050614	35.317341	42.078583
204.979909	203.225339	35.313336	41.738746
205.619012	202.065181	35.324846	41.221955
207.070873	204.938730	34.869513	42.846321
208.913648	207.668726	34.972372	42.084112
206.896748	210.713081	35.009407	42.612190
204.806343	216.891257	35.352386	41.484012
203.840944	220.670013	35.050135	41.897779
204.912741	221.339892	34.589627	41.677030
203.197022	217.574069	35.445749	42.746702
203.299691	210.531922	35.152040	42.374085
203.620651	202.260632	34.572167	41.841052
203.520236	194.243675	34.872392	42.704095
203.894859	189.483658	34.816935	41.530856
202.933263	189.083866	34.964635	42.548425
200.452412	191.243475	35.560707	41.804010
200.226012	192.322907	34.900657	41.733017
201.282561	194.393513	34.769184	41.853643
200.457669	197.228377	34.965862	42.230306
199.653468	201.654476	35.693561	42.009874
199.457424	204.348106	35.231738	42.067671
199.965491	205.039404	34.883281	42.104125
202.114695	201.607621	34.824390	43.057463
201.554972	195.645287	34.844144	42.758769
202.792368	192.031338	34.919909	41.775280
203.560028	191.002431	35.865626	41.986974
203.860195	191.417622	35.434116	41.601456
203.316625	191.848355	34.703299	41.914999
202.365982	193.965063	35.935897	42.573891
203.516787	197.338245	34.823494	42.687411
203.100217	204.176950	35.318816	42.064785
203.743145	209.742758	35.177955	41.613762
200.653661	216.941927	34.580066	41.509941
196.375220	220.648490	35.121383	42.040441
198.393994	219.280863	35.340376	42.701378
202.031557	215.314408	35.328101	41.523701
202.278057	208.761619	34.277838	41.692637
198.735256	201.897723	35.202864	41.243963
196.885982	192.355692	34.863864	41.780497
193.293283	187.238896	34.861205	41.574017
186.361380	184.847542	35.008540	41.721010
180.439083	182.831274	35.439057	42.174780
178.474914	181.912114	34.367407	41.799862
179.273834	182.702177	34.566928	41.274698
176.131100	188.678459	36.319094	42.339694
171.393230	194.154463	35.152428	42.012293
166.505263	201.946026	34.709785	41.329553
167.169437	205.832563	34.103833	41.755353
169.303755	209.855713	34.134139	41.203296
170.271350	211.029752	34.721880	41.947814
172.604783	210.040850	35.066391	41.881600
175.076170	206.086432	34.978154	41.596347
174.764841	203.400008	35.380985	41.369063
175.870754	203.590994	35.294612	42.347380
180.991865	203.678595	35.467911	41.299277
187.944387	204.808486	35.381934	42.126238
193.139363	208.353261	34.837141	42.508747
199.391731	214.738705	34.518576	41.743857
208.841437	219.365959	35.251503	42.240670
220.951459	223.941417	35.267944	41.889931
231.430097	227.713885	34.823718	41.643132
241.354969	225.715299	34.808473	41.145105
251.299896	215.811079	35.379911	42.172652
259.063063	204.921639	35.381392	42.041421
267.052419	196.054640	35.235253	42.777652
276.054751	188.122030	34.994977	42.724578
284.540754	183.367486	35.056598	42.320278
293.372618	181.964813	34.405011	42.468105
297.560238	185.804213	34.844178	41.934513
298.760672	192.093141	35.021435	41.343261
295.739227	197.403509	34.680780	42.376977
291.860560	204.553833	35.464957	42.937371
287.993105	214.894419	34.931300	42.161286
283.147407	223.100738	34.318124	41.531134
271.224024	226.139223	35.821941	41.728981
257.551440	228.375011	35.360530	42.533002
242.135737	229.761342	35.658493	41.872142
224.116343	231.457605	35.374956	42.021427
208.853191	235.164204	34.857175	41.241950
196.957031	238.505838	35.056804	41.974266
191.170208	242.576542	35.131642	41.375036
188.403834	242.816687	34.487271	42.135802
179.262463	241.358849	35.545540	41.911408
166.661788	237.757380	34.503574	41.911324
157.116888	228.600841	35.118980	42.411977
155.277718	216.543093	36.288435	41.613080
160.979825	204.157119	34.799060	42.192464
170.522153	194.435304	34.441694	41.144383
181.714620	190.399707	34.781658	42.845555
191.960296	192.321927	34.771010	42.001000
202.657125	197.570606	35.563298	41.844688
213.511074	205.683453	35.450695	41.109126
226.290379	216.213744	33.417079	42.206042
237.824196	227.368804	34.547264	43.458640
250.341995	240.485768	34.863644	41.418286
265.783313	249.283488	34.806183	41.736512
279.543956	251.903736	35.197298	41.353250
291.250923	250.702971	34.576315	41.591480
304.350713	246.645664	35.268246	42.960596
319.497894	242.850717	34.060937	41.990927
334.290606	237.072692	35.122158	42.361568
349.165914	232.261158	34.568954	42.051805
360.781396	231.042556	35.156477	41.303092
370.930509	229.750228	35.983448	41.820278
378.035711	228.617053	34.139083	42.480858
375.817219	229.988609	34.621417	41.270216
371.647929	230.217811	34.459737	42.168429
361.888277	232.606993	35.785216	42.215890
347.592568	239.723738	34.315137	41.135773
328.246026	247.901902	34.886449	42.774858
309.689157	255.045599	33.822403	42.774251
288.304104	257.823910	35.229735	40.989257
268.408721	255.900057	34.930527	41.718654
250.616361	250.457156	35.322913	41.589079
235.462817	242.173100	35.547074	42.672671
222.448401	236.301038	35.147973	42.447095
209.029081	230.433543	34.725511	41.929725
198.868649	226.326881	35.219280	41.500633
195.451711	219.989376	35.621965	42.387534
195.073184	215.894436	34.794812	42.020172
198.113032	215.269880	34.709585	42.196877
201.389580	216.112870	34.793117	41.825575
207.377630	216.360892	34.598014	42.214870
213.670198	216.518699	34.951245	42.008599
220.960379	217.625190	34.533315	42.723149
233.898060	218.455288	33.875930	41.397970
248.551611	211.711597	34.805699	41.153227
259.722139	205.156195	35.171696	42.086808
267.208335	197.766003	33.858512	41.760555
274.733147	193.613646	34.796032	42.293997
284.787368	189.591198	34.937295	41.485572
293.444657	186.789110	35.351900	42.440890
300.439113	188.329661	34.948508	42.341356
306.908180	191.518691	34.670758	41.707994
316.912050	196.089753	34.831080	42.612990
324.885927	206.557091	34.318950	40.666324
330.246514	216.497341	35.334118	42.454938
335.719921	226.001387	35.331245	41.924727
341.674212	234.550004	35.243559	42.958581
346.455971	240.008422	35.440505	41.699629
349.785942	238.358365	35.422678	42.933869
353.207998	232.383603	35.097618	43.221759
356.130445	223.889678	34.900293	42.191599
356.929408	216.341065	35.306159	41.926902
354.451413	212.008066	35.974393	41.735847
351.769557	210.896925	35.400113	41.463622
346.661227	208.469901	34.815046	41.643676
339.505055	205.632536	34.763499	42.134244
331.120138	209.217971	34.697074	41.427750
319.997914	216.699494	34.928327	42.723934
307.113398	225.368434	35.414397	42.065745
296.607394	236.097057	34.869042	42.330509
286.302301	243.505674	35.420258	41.891094
274.839009	246.113162	34.773015	41.453024
262.698979	240.600555	35.726959	42.404104
251.226327	232.952932	34.673781	41.753554
241.312569	224.757459	34.664900	42.734452
230.287603	218.945928	34.857348	42.520078
220.371375	214.494022	35.069711	41.890324
209.985442	212.393466	34.657018	42.183548
200.263597	209.172122	34.560464	42.240771
191.941161	207.270439	35.412578	41.918952
187.497034	207.671176	34.027523	41.735569
185.809405	206.740645	34.656182	42.207747
188.736840	203.152664	35.438657	43.025378
192.408971	197.087502	35.679682	41.067000
201.043455	187.288666	35.262319	42.587715
213.474352	177.331687	34.824967	42.700614
227.873907	172.447294	35.492052	41.841766
243.466827	169.541644	35.263877	42.709176
258.553027	171.227644	34.671989	42.120707
272.480627	175.823301	35.030517	41.321626
282.570018	180.841059	34.870481	41.480937
291.126072	186.046208	35.690534	41.392058
297.102613	192.569877	34.470879	42.204029
297.921590	199.158961	35.115296	41.856877
297.740291	203.012049	34.961258	42.192064
295.630202	204.856349	35.190132	42.538296
292.401730	198.915836	34.966912	42.390597
290.003958	190.604534	34.729951	42.105787
286.971635	179.224332	34.901194	42.100706
286.105890	170.062896	35.148925	41.525391
283.310594	164.621745	35.124522	42.070814
277.885587	164.705613	34.977143	41.356673
271.686440	167.486117	34.748511	42.365281
269.727875	172.894539	34.842762	42.116480
269.814609	178.085876	34.867977	42.138007
274.097590	183.407881	34.109688	42.007259
278.045757	191.307193	34.965398	41.940923
281.983615	201.968673	34.710205	42.403815
283.854084	209.527060	34.752462	41.983072
284.983972	213.593656	34.663731	41.966384
285.423893	212.261603	35.165620	41.949551
289.188581	205.812521	34.451348	41.260810
291.520282	193.909451	35.007205	42.455208
294.283996	179.698082	34.953854	42.588449
295.489410	166.983754	34.917720	42.472486
293.556163	157.367772	35.713487	41.975952
291.853399	151.355894	35.014820	41.035363
292.246667	144.749971	34.741099	42.224393
292.007744	138.010501	34.809107	41.843617
288.146348	134.991122	36.228493	42.420254
283.394444	135.025022	34.857527	41.603592
276.231046	137.991970	34.953841	41.704547
267.640027	140.861253	35.298737	42.039625
260.198945	144.532394	35.370922	42.640386
253.481542	147.798049	34.844407	41.979186
250.342805	150.233212	35.077925	41.548885
246.711936	154.804650	35.097843	41.752303
240.544065	161.350885	35.005696	41.679615
232.508590	168.629120	34.843858	41.945399
224.850913	177.345948	35.395696	41.637364
219.751386	185.396625	35.004192	41.988780
218.218321	192.303922	35.187164	41.650965
216.381619	198.229813	36.214438	42.324090
217.467289	200.638190	35.343827	42.058100
220.057829	197.309737	35.418577	42.280069
226.360976	186.793633	35.236997	41.671924
235.292025	172.856527	34.858225	42.570646
240.902506	159.787481	34.947622	42.543998
244.020041	146.845925	34.542625	41.785693
243.601260	136.453384	34.992108	41.822304
240.107081	128.697359	35.095634	41.387696
238.419821	122.565428	35.110466	42.283203
240.164856	119.939895	35.395844	42.188163
239.552607	122.256317	34.636303	41.932930
235.699322	127.694530	35.288959	41.807522
232.674813	134.840635	34.018789	42.185465
230.265150	145.257894	34.631407	41.921548
231.319909	156.553763	34.997086	42.099699
234.220014	168.795775	35.316502	42.032650
235.731884	178.746013	35.782177	42.360228
237.525661	187.142812	34.792538	41.987382
238.664593	191.327905	34.779072	42.376777
235.984911	190.658936	34.350766	41.992344
230.594309	188.106806	35.025977	41.579369
223.906776	181.484566	35.253490	41.986303
217.597902	172.862145	35.512513	41.770836
212.606151	166.318171	35.403408	41.922312
204.966672	166.003821	34.983790	42.061757
199.678946	168.034975	35.025290	42.295470
200.120633	172.262626	34.645363	41.970389
199.815757	175.598973	34.732380	42.116736
198.605256	180.508702	34.896329	41.976498
196.944531	185.914794	35.022952	42.499916
196.098368	191.718541	35.063177	41.874356
196.468568	194.950753	35.489861	42.518555
198.359643	194.821331	34.654537	41.917575
198.153989	189.264893	34.696240	42.472273
199.531104	180.887553	36.615530	42.015536
206.144381	171.437395	34.729535	42.079610
209.939386	163.346368	35.278929	42.428428
213.809653	160.296499	35.601672	42.911937
217.231146	161.147532	34.669931	41.715508
219.673027	162.557632	34.791231	42.253137
224.471432	165.580789	35.165221	42.346748
226.496180	169.193812	35.428071	41.925307
227.738769	176.006734	35.496927	42.040935
229.997725	184.410526	34.899279	42.270452
230.604089	191.666315	34.775476	41.613651
228.844336	200.322700	35.130472	41.522383
226.183225	208.336495	35.433976	41.256397
221.856694	211.500722	34.436842	41.702310
217.942470	212.411113	35.073524	42.116210
214.884059	206.593357	34.458603	42.626529
211.357279	200.062954	35.356704	41.427833
212.239390	188.623431	34.805325	41.862666
213.974792	176.887269	34.872012	41.230128
214.382394	165.006150	34.924912	41.360919
212.035609	155.964011	34.973288	41.830314
208.494047	149.658991	34.800629	41.355485
203.895594	146.959385	34.988846	41.464094
200.172481	145.869300	35.267845	41.438171
197.724024	146.522228	35.084665	42.262653
198.288513	148.614940	35.560613	41.471961
199.159149	152.139265	34.506509	41.800970
199.365403	159.616322	35.327868	41.684183
200.427760	167.302198	35.367994	41.867122
203.900578	174.434124	35.041632	41.971807
208.750978	184.046846	34.706148	42.140643
212.181721	192.464294	35.195371	42.501536
215.643857	197.599327	34.943884	41.415561
217.656054	199.723051	34.878252	41.876839
221.736773	193.770408	35.169286	42.360151
228.879676	182.474623	34.568389	42.893666
233.203535	167.072025	35.112518	41.956082
237.915484	152.848976	35.014517	41.478541
241.641117	140.328250	34.940567	43.077533
251.164775	132.667467	35.165914	41.948893
258.762325	125.223806	35.215713	40.933035
260.580024	116.466406	34.207809	42.230506
264.266809	113.095842	34.388262	40.955685
276.733654	109.439628	34.902803	42.856981
283.435533	109.054020	35.485537	41.713919
283.636088	110.524493	35.274967	42.498849
280.444216	117.847012	35.346735	42.325433
279.384205	126.951569	35.309628	41.947877
278.347205	142.556593	34.788373	41.695581
273.483930	155.769534	34.736863	41.693561
270.402913	169.159057	35.601320	41.942520
268.332317	180.690098	35.844254	41.505381
263.963848	183.762663	36.085204	42.503267
259.445911	179.984798	34.238705	41.697632
256.399889	168.852831	36.122465	42.507389
254.816646	158.883813	35.270811	42.078666
253.870306	148.038179	35.398059	41.407838
256.660724	140.219986	35.084059	42.211219
261.695033	134.034192	34.776056	42.248652
265.603215	128.242837	35.734827	42.087132
269.437905	126.496935	35.576356	42.765691
274.896954	126.715787	35.160886	41.874309
279.082104	128.419340	35.951299	42.180494
