23.000000	88.000000	66.000000	55.000000
24.150477	88.673891	66.084932	55.802285
21.554001	88.873727	66.967943	55.391729
21.842878	88.604960	67.168462	55.784207
21.736497	89.310318	66.440572	54.844588
21.293850	89.990747	66.034019	54.784715
22.512428	89.777405	63.561466	55.464069
21.459864	90.223856	66.075123	54.973615
23.788899	88.743723	66.764440	54.881465
25.196227	87.281002	66.530099	55.434446
22.481409	87.982408	65.354848	55.159015
22.971311	87.077705	65.965234	56.301243
23.969275	86.394968	65.621825	55.554051
22.561322	86.045206	66.316727	55.485744
22.476124	84.289508	64.259886	55.895213
23.912943	83.874350	66.138767	54.698854
22.595052	82.950058	67.412319	54.690736
23.906913	81.661765	65.460162	55.741654
23.715379	82.402088	64.996029	54.849916
23.608808	80.019272	66.669713	54.997980
23.888175	80.512759	65.636089	55.785052
27.042606	83.189029	65.653765	53.344825
26.350916	82.212837	65.470741	54.163499
26.641624	82.004346	65.606143	55.070244
24.771238	81.970372	67.682621	56.138602
24.543731	85.093586	69.364399	54.835008
29.130835	84.743944	64.402211	54.096189
27.541428	82.550214	67.058713	55.757457
30.905869	83.319322	63.697138	57.718878
31.398317	83.745792	63.428480	55.955709
29.432544	83.188496	66.587181	54.638752
31.478232	82.789700	64.696904	54.527320
29.090178	82.370388	65.549187	54.562263
29.415825	84.822597	66.183672	54.707367
33.161949	81.007947	64.651542	55.301131
33.673044	83.006034	65.214594	54.380540
33.451455	81.163458	64.511006	54.859519
32.712679	79.455061	64.683203	55.232853
30.831297	79.407682	66.509967	53.082383
34.377267	79.108201	63.777272	54.588819
33.536137	76.984492	68.341155	54.123727
35.201046	76.698794	64.634531	55.372975
35.646241	75.331657	64.857877	53.924966
36.806677	75.252854	64.940471	53.699706
36.050691	77.619070	64.366330	52.853377
35.247187	78.952155	66.038880	54.485797
38.357789	81.162431	65.518397	53.949715
36.271088	81.692517	67.445733	54.393546
35.200853	81.308982	66.562508	54.674055
34.367018	81.317307	65.197177	55.115602
36.250601	80.206846	65.460085	53.447670
38.111306	80.154186	66.286646	53.375896
34.611356	79.898781	65.121483	54.514414
35.987505	79.538480	65.036977	53.251171
35.468368	78.480402	65.822709	52.320336
36.074998	80.281844	65.537642	52.796512
35.045122	80.392174	64.077386	53.081594
38.815855	80.399511	62.128060	53.691664
38.819332	82.307206	63.545197	51.938722
38.569121	81.359654	63.789266	54.776214
40.460030	81.170437	61.986880	52.861465
40.096873	82.661929	61.387139	54.044024
34.608392	83.492977	67.431294	53.349742
37.841322	82.054475	63.477260	54.390492
33.917569	81.909088	65.291290	52.514187
37.126342	82.128119	61.640529	53.355065
39.382167	83.613778	63.542778	51.495484
43.086514	81.920371	63.378411	52.385172
38.604578	81.755598	59.715270	51.811510
40.201311	80.976670	62.277143	51.840762
40.705499	83.848135	60.347882	50.522108
38.890471	78.057528	63.644072	51.600625
39.659213	75.285874	61.686339	53.370906
35.371023	77.199802	63.701927	52.728601
41.931857	76.529064	59.382690	53.043625
40.198141	79.208056	58.708160	51.768011
37.597289	78.991418	61.379237	51.219429
36.942800	79.429727	63.414921	52.021745
40.609757	82.480493	63.284215	47.892254
42.115382	75.639391	57.485936	51.189188
41.060873	76.316059	62.124158	52.773110
55.058172	76.627877	57.208299	50.621017
44.048964	75.118555	66.063271	53.711908
37.772794	74.037666	67.790734	53.980179
39.600117	72.561677	66.568439	54.296869
40.377070	72.975123	65.414037	54.758961
41.552138	74.122159	65.103121	54.931951
41.458846	74.162131	64.810493	54.818018
40.151233	73.390999	66.094188	54.572495
39.754577	74.654707	66.088616	55.198904
42.647734	74.661042	64.965956	54.014364
41.995556	74.535003	65.645595	54.823765
40.257885	75.167546	65.392008	53.396315
40.423973	74.340384	66.070614	53.679134
40.141462	72.795737	65.503218	53.344480
40.027089	71.793341	65.924753	54.609119
39.462776	74.067782	64.804840	53.145685
39.411720	73.310760	66.377488	53.712173
39.616907	71.631731	65.236434	55.017677
41.844949	70.999157	65.727071	55.225076
40.058063	70.663325	64.543391	56.395942
38.173060	71.655838	64.967276	53.537897
38.387032	70.846417	64.445195	55.567213
41.462071	72.442203	64.350688	53.799931
41.250600	70.679492	64.911877	55.051509
38.885391	70.981314	64.987754	53.160026
38.997956	67.828160	65.546136	54.069336
40.576699	66.519630	65.191161	54.729633
40.622162	64.655373	64.850793	53.546345
42.089638	63.469642	64.803325	53.888638
38.952682	62.420131	65.935030	55.481549
39.504088	63.800468	65.205354	53.470312
41.043944	63.353204	65.238146	52.904188
41.206896	63.220008	64.576632	53.984676
40.466307	63.769450	63.096675	54.815788
37.529419	62.310684	65.615607	54.443299
34.967833	64.797975	62.588153	54.875878
37.630877	65.833526	63.530111	55.325047
37.666314	68.743584	64.271485	52.394614
37.677356	69.070671	64.147280	53.634193
36.988770	70.084002	63.123563	53.701027
35.371253	70.255566	65.642954	53.920240
34.722297	68.328425	64.566190	55.482449
35.826490	72.757539	63.881553	51.869665
35.852440	69.690445	65.904294	52.945723
36.871427	68.056249	62.573396	53.842085
30.988330	68.668991	65.538854	51.095579
33.918353	63.763519	63.762135	56.233714
34.546755	64.651309	63.127251	54.369383
35.226598	63.502986	61.954285	52.469490
31.492509	64.624535	67.020224	52.343024
30.336472	63.815032	64.085182	54.753818
33.110619	66.635080	56.704277	51.070409
28.330149	66.229427	63.437288	52.544546
36.704037	69.166668	60.710982	49.870337
32.603769	66.055359	63.412891	53.022430
31.194422	67.485494	64.548074	51.076485
33.291798	66.041308	62.391729	52.905818
36.702455	64.992765	59.478320	53.078070
27.845892	63.513719	63.528697	52.861248
28.339991	65.761466	65.818955	52.398814
30.852723	67.440530	64.852949	51.604032
27.249058	66.870704	65.887217	50.487237
28.958198	65.665253	63.903444	51.973137
32.206835	64.618968	64.342323	52.927407
31.491869	65.499785	58.360007	52.325797
28.598212	63.892731	62.830380	52.360268
23.867911	70.775667	65.906047	46.406935
27.528880	67.249409	59.474322	48.609841
22.669712	67.677795	63.348465	49.723715
27.905325	71.339701	60.379899	47.385372
25.415409	68.291440	62.738322	51.491300
32.966019	67.805340	56.456759	47.828212
28.780904	66.407509	60.807837	53.114092
22.953321	65.282985	66.343492	55.403707
21.661353	66.358192	64.724241	53.299769
22.060602	63.077388	66.538040	55.646693
19.419941	60.399351	68.365558	55.925442
21.821630	61.253901	64.923520	55.466103
20.577694	60.087700	64.544140	55.685760
21.019827	62.010073	66.401277	55.196533
17.099578	62.801369	66.528807	55.388828
19.596559	62.857000	63.421546	56.513721
17.384962	65.887150	65.571335	51.964998
18.603883	65.101841	66.199087	53.790867
19.045646	66.250975	68.140860	53.088882
18.497367	62.675595	64.644625	54.703293
21.538774	65.682409	63.788889	52.796726
16.479544	65.382834	64.733766	53.666756
18.404012	66.393998	65.318460	52.244454
18.244884	64.819285	62.069366	52.954849
12.083013	65.653422	65.266244	53.678320
11.413741	64.478416	66.462561	53.447347
19.545069	67.636000	57.454286	52.265262
12.423550	65.282449	64.046058	51.565418
13.469543	65.812887	61.257053	52.982886
12.300034	66.547385	62.299058	51.985098
14.681432	65.474963	59.981225	54.884698
14.130742	65.719536	66.130954	53.341421
12.070794	69.377794	63.410874	48.969806
6.932743	68.622132	64.234291	51.208355
16.852965	66.179990	56.211427	52.875655
3.936835	66.382545	60.487728	54.070403
1.284969	66.211682	61.175953	53.686576
7.216318	64.937462	68.838077	56.652418
10.461217	68.528099	66.445844	54.552854
13.144878	65.783510	63.786258	56.293402
11.984868	66.395970	63.807199	55.728072
11.311965	67.103887	68.547966	55.643122
11.694999	66.169187	63.993334	57.070796
11.492243	68.924787	63.385233	54.879244
11.958959	68.342835	63.027442	55.186354
6.577128	68.178109	67.816467	54.522988
9.460785	69.461834	64.103817	54.329769
8.132461	71.136904	64.638988	54.653742
8.095886	70.262223	63.079906	55.744242
6.431350	72.043874	65.531271	54.872299
3.086816	72.348510	67.347254	56.115701
4.491452	71.789537	65.886659	54.471267
7.055163	73.943347	63.342702	52.367379
3.126826	69.996102	63.966463	56.554552
1.424174	73.084356	65.342305	54.892079
3.171255	73.632274	62.550639	54.177969
1.640873	72.955741	64.035250	55.865079
2.643956	73.375844	63.402494	54.975228
1.291532	72.090741	62.903063	57.047457
0.193537	70.561177	63.019417	57.086672
2.147970	70.942444	62.920946	57.945526
1.266637	74.124681	62.495119	57.127281
0.155225	71.299322	62.282432	56.389025
0.745694	71.693527	62.135021	55.005462
0.778323	70.445091	64.369848	56.312082
0.293527	71.843831	60.246508	54.103581
0.015887	70.682926	58.925352	54.324894
-0.058205	68.847578	61.770416	53.802768
0.443350	71.684111	62.759676	54.227643
-0.072077	72.201892	63.189033	56.409885
0.606016	70.872394	63.209405	55.184473
0.411002	73.975872	58.221177	54.344048
0.115138	75.772135	55.471359	53.651901
0.200573	75.641928	57.170312	54.109394
0.084221	74.243349	60.160778	55.926878
0.057079	75.421227	58.603048	54.614046
0.038615	77.199261	58.141068	53.344735
-0.049090	73.483391	59.421771	55.042561
-0.060228	72.341312	56.689233	54.993225
-0.000132	73.283191	57.041179	55.282272
-0.117300	72.869895	57.695137	54.252322
0.034924	68.561432	57.672495	55.233764
-0.071558	66.713698	56.139482	54.312016
0.078529	67.870312	55.953737	53.149993
-0.036822	69.425195	52.712476	52.070400
-0.033548	68.473636	55.949300	53.077908
-0.015750	69.406583	57.810614	52.512548
-0.021090	69.658455	57.852466	53.690095
-0.031002	71.719138	59.422049	53.210099
0.293738	71.591950	58.798631	54.454109
0.328581	72.580655	59.474427	54.679046
0.179953	74.410372	57.200432	54.187332
0.087650	73.379674	56.986035	54.648744
0.676337	71.771301	57.338998	55.776930
0.307562	71.657328	57.482296	54.845433
0.372014	69.698367	56.990895	54.678865
0.060829	68.268297	58.686688	55.520532
0.467037	69.072456	58.012012	55.332643
-0.006382	70.591006	59.937540	53.741959
0.111100	71.322055	59.525862	54.078501
0.180199	72.174466	58.148974	54.611505
0.123181	69.575304	58.993222	54.593734
-0.073097	70.798669	60.689093	54.142328
0.072641	70.843220	58.705541	55.311320
0.163879	68.298958	59.391727	54.424335
0.017811	69.661916	60.163092	52.848005
0.388648	67.862952	58.821190	53.692259
0.410198	66.753022	58.490023	53.943747
0.229821	67.292067	59.502583	55.507004
0.349376	67.486673	59.496884	55.180585
-0.003240	69.577578	56.879500	53.885738
0.185221	70.237867	57.700612	53.417570
0.089702	70.098028	57.246097	54.881326
0.197880	70.413645	58.203688	54.190517
0.635239	70.440721	61.338989	53.712220
1.505877	72.144200	60.783061	54.578190
0.208993	71.960122	59.529980	55.322038
0.923455	72.546766	58.899160	54.677834
1.411629	73.225383	61.003147	53.765747
0.909593	73.292742	59.725832	54.863091
0.174012	71.675027	60.093394	55.398339
0.534195	71.701151	58.421439	54.893208
1.038800	71.534006	60.934164	55.473824
1.352161	74.324072	61.741601	55.294795
0.885518	74.189273	60.439137	55.079662
0.628487	73.010472	60.857671	54.753980
1.023785	72.978822	59.848439	55.394099
0.975383	72.707515	62.889623	55.873160
1.245255	73.023747	60.695615	56.027770
0.934148	73.085667	62.681051	55.436120
0.913594	72.783025	59.690425	53.657924
0.670294	70.518362	60.022645	53.174456
0.889536	67.713492	61.877126	54.059570
0.658354	66.467411	62.688144	55.320409
0.485191	68.980827	57.758185	51.785556
0.986948	70.583047	63.672022	51.301584
1.861385	70.153070	66.397405	51.869350
0.823333	70.638052	63.847918	51.664584
1.993648	72.320016	62.766228	50.947159
0.289981	68.806221	62.506954	54.471999
1.393457	68.129177	65.597213	53.319464
1.843496	71.500179	65.069453	54.184708
3.726476	71.797180	65.584915	54.616188
2.603895	72.740606	64.420608	55.176423
4.097331	69.725356	62.833463	58.136648
3.030240	71.806594	64.976143	55.673805
4.310377	71.688798	64.994964	54.961552
3.113929	71.368904	63.837190	54.873948
1.275665	71.332100	61.799622	55.169880
2.096122	71.458552	64.558444	55.214634
3.854383	70.843809	64.257762	54.030127
2.842460	69.979591	65.177798	54.998479
3.596685	67.881451	63.357608	56.539775
3.206044	70.008667	63.089711	55.080334
1.773905	68.536667	64.032915	56.391755
5.947685	69.452081	62.745379	55.343517
2.487433	70.776640	65.301474	56.043757
3.621217	71.373315	65.012020	55.253904
3.406663	69.544547	63.845809	55.952904
2.275204	69.362877	64.665588	54.969939
2.491183	72.032286	65.353976	53.737767
3.671408	72.808308	66.532903	53.856746
5.045902	68.041065	66.858315	54.351565
5.650789	66.356156	67.891637	56.314017
6.183047	68.049829	66.950559	54.682424
6.083069	69.670775	67.138225	54.957600
5.780430	71.963606	68.497393	53.370417
4.027830	71.057712	70.520564	52.134282
6.599454	70.619269	67.294112	52.330687
5.658792	70.888978	65.818929	52.852159
3.469134	71.774832	66.028129	53.140023
7.269446	71.104302	63.985981	53.968491
8.465722	70.283664	66.950536	55.854393
4.643108	72.125268	68.158677	55.845185
4.455058	73.498841	64.780216	54.137068
5.831834	72.269584	67.833327	54.639232
5.408846	73.440355	62.710974	55.774305
6.679083	72.478658	63.524174	56.993961
3.798531	75.334364	63.821669	58.209760
5.845141	75.624106	65.571519	54.120101
5.827510	75.289298	62.499633	54.629428
5.221897	71.984501	64.187973	58.007732
7.892900	73.697779	63.508240	56.746055
5.437130	74.252838	66.386433	53.591425
4.991491	70.930439	65.876790	56.464629
5.231983	75.030377	66.834604	53.382653
6.166017	74.162451	67.388737	55.826822
8.329400	73.384895	64.322386	58.089323
5.793782	75.011822	65.255950	55.781660
5.305590	76.005424	66.485388	54.770968
5.480049	76.688136	64.886773	53.719718
7.281616	74.355358	64.719534	55.952052
7.632861	75.277875	64.954238	53.858689
5.072206	76.211402	65.054535	54.944175
5.107163	74.688766	66.520203	54.982662
9.390303	74.143418	60.927078	55.383126
5.854292	74.884811	64.776127	54.567785
4.905710	77.389854	64.824366	53.982895
5.554946	75.879850	64.776284	55.402000
7.768716	75.237796	64.068347	57.002253
7.595614	74.023636	62.391823	55.946792
3.746370	78.157876	67.971404	54.704984
8.030497	73.087453	64.706065	56.238675
3.103065	73.404070	67.873344	55.713807
5.928819	74.857186	63.953951	55.027647
5.697231	71.964812	65.200597	55.703173
9.024409	71.334104	63.887163	55.378514
9.202453	72.077029	66.298944	53.358651
9.432409	71.416032	64.802727	55.997443
8.323127	73.812197	66.069414	53.161529
10.530474	71.671157	64.582065	54.104295
9.635173	68.795540	64.300064	55.539344
9.352651	68.352526	68.094022	53.589135
10.038430	70.515415	70.089891	53.098904
9.425626	71.764513	67.625633	52.983784
12.027099	68.626659	63.237116	54.469533
10.082520	66.557022	70.608476	57.308242
13.266041	69.101281	69.195927	53.695929
14.872022	68.282077	64.744401	54.831996
14.555585	67.036538	63.333527	55.564510
11.302831	67.437405	66.648032	55.591277
11.165808	67.901320	65.131637	54.507458
12.578537	67.256226	66.714737	56.830324
12.054320	67.682028	64.464104	55.590634
10.604002	69.357839	65.075427	53.755935
15.213728	67.030518	66.429636	55.550163
18.007253	67.297006	66.351778	54.967271
20.667619	67.464546	65.841031	55.715162
18.324608	67.963972	65.446282	54.573548
16.313751	66.390580	66.490967	54.785908
17.936904	67.396918	66.262249	54.417745
19.717473	66.578276	64.571543	55.041341
22.519876	66.930825	65.459162	54.535636
22.153539	68.145240	65.231129	54.434943
20.656991	67.371616	64.993489	54.532195
16.881684	66.992486	67.637402	55.097914
19.220854	66.050154	64.294604	55.341264
17.305402	66.831020	66.939584	54.806333
20.084316	66.972617	63.414072	53.528319
19.915625	67.116967	66.857571	55.867016
20.871689	67.590162	65.300681	54.715014
23.291756	67.409714	66.667671	56.115406
23.465846	64.618021	65.895985	55.666023
27.276377	65.230355	66.086700	56.338883
25.126271	67.675423	66.663446	55.145547
26.452833	66.047463	67.326152	55.628119
29.983611	66.898731	65.699210	54.225540
30.568384	64.646297	64.171958	57.960771
30.112928	66.965414	66.843748	55.273599
30.436012	68.774760	66.135956	54.930723
31.601451	73.579068	66.853275	50.599460
28.864979	68.286853	68.735319	61.333567
31.607099	71.073488	69.695891	57.656484
34.999171	71.121546	65.059508	55.015495
36.028099	73.251561	66.683327	54.059345
38.510863	69.734829	65.444399	56.677106
38.155127	70.762650	66.280723	55.789468
37.930961	69.440525	68.030916	55.245364
39.799763	68.701335	66.170562	53.958273
40.658826	69.128901	66.453288	53.537372
40.789406	70.955848	67.442027	55.500218
43.468948	69.834999	64.279251	54.700238
43.810591	71.493500	65.204404	53.882877
44.450438	71.816881	67.078789	54.071417
45.704438	70.861710	65.881169	55.200228
47.542398	72.135862	66.208842	55.571537
49.664582	70.308442	67.944468	55.009519
50.523869	67.600073	66.808002	54.308987
54.802833	67.972684	65.421236	56.681425
52.009360	68.045483	68.719065	55.658018
54.842903	66.901670	66.222901	57.228393
52.854947	66.965411	63.502490	54.855931
55.137013	65.885416	63.988281	57.922691
58.110770	66.905003	66.020842	57.925674
56.635840	66.937433	65.999999	54.048156
58.065123	67.134072	66.928294	57.177332
59.411610	68.401968	66.442118	49.838060
59.405392	67.994952	67.713989	54.657324
60.875885	68.823975	66.673596	53.479788
62.969064	66.656125	70.488476	56.013916
62.412501	66.416760	68.364838	54.166951
64.919141	68.031536	68.717303	54.215625
69.772761	68.292790	68.417018	55.570783
73.335690	67.138243	67.299864	55.876026
67.325648	67.456234	69.406840	60.408028
67.072195	66.328511	66.550285	56.153563
67.767869	66.049782	67.180807	55.343679
72.885451	66.909030	66.870952	55.861613
70.757318	67.382460	66.362753	56.361007
70.034796	67.651721	66.252047	54.999882
70.179745	65.766366	65.758605	55.915472
72.087805	66.879935	66.670402	54.132228
75.289443	66.654986	66.275651	56.458604
73.483663	66.046596	67.279471	55.652105
74.291226	66.066300	66.345525	55.167549
74.425236	64.596229	65.300067	56.509490
75.451177	68.576709	66.615598	56.333623
77.046388	65.362745	65.611560	56.590010
77.155520	64.414843	65.217873	54.887809
78.614550	66.980335	65.965092	54.857844
78.641004	66.833991	65.756681	55.194509
77.963114	65.672875	67.662208	56.169217
78.704834	66.111254	65.540074	55.451650
77.921179	65.698105	67.432179	57.480087
82.288964	66.656379	62.908545	53.749545
77.780816	66.387067	67.886847	56.340937
80.928912	65.627722	64.975475	53.994407
78.912620	65.521803	67.172540	58.260859
81.325484	65.583758	65.242406	56.181239
79.219948	66.116018	65.167600	57.890776
77.157697	66.389884	65.358891	56.285510
80.309278	65.594403	67.132685	56.265183
81.284970	66.328627	65.242200	53.459250
77.891914	66.434701	68.678861	53.887528
78.126051	66.786051	67.835528	55.917373
78.992594	68.226074	66.897495	55.587002
82.083419	67.823176	65.827658	54.484546
81.338266	65.998976	64.612843	54.851052
82.171219	65.693192	65.793825	54.673291
79.840765	65.381862	67.454589	55.815822
79.892788	63.859680	65.971477	55.991497
81.155953	64.698193	66.714137	54.684922
81.381909	62.518883	66.482810	56.508542
80.799888	63.471400	64.737139	54.881626
78.746320	63.353979	67.130939	54.815867
81.275065	62.564290	66.203319	56.139266
80.917632	65.321559	65.968907	56.119743
81.621193	64.100804	65.941338	55.053166
81.038775	62.939931	65.876078	55.454818
83.004947	65.198228	65.783599	54.412755
84.195698	65.676139	65.006668	54.846857
81.273239	67.386096	65.413817	54.625179
81.676886	66.326786	64.886528	54.689735
82.960420	66.344356	66.238566	55.772769
81.787074	65.291431	67.719484	54.383703
79.488015	64.714263	67.199257	55.420427
79.873401	66.096911	65.516638	56.044635
77.689766	67.794732	67.047629	53.208716
79.507291	65.676623	66.786269	56.400454
82.237386	64.702544	66.230511	55.527968
81.256675	63.827127	65.110705	56.383374
81.034698	63.930235	65.681218	54.669172
80.349652	67.199127	65.478698	55.054737
78.695850	65.531374	67.134047	56.012216
74.161400	63.307573	66.502520	55.508972
77.845132	64.108721	64.309280	55.471464
79.787390	64.915163	65.461231	54.990353
78.509948	65.175878	66.648983	54.417917
79.888263	64.036394	65.228329	55.161902
79.645338	64.578227	66.496880	54.713603
78.510684	64.497028	66.714602	54.708812
78.146156	64.015812	66.356853	54.995451
78.457681	64.911929	64.972189	54.949461
78.357231	67.014499	64.805456	53.290458
80.593147	66.476173	65.614679	54.006741
78.108872	67.236948	67.208142	55.087600
79.185058	67.678784	65.777587	54.394676
80.431586	67.366712	66.549342	54.822206
78.944993	66.000301	66.280568	56.499774
76.303880	68.986516	66.283025	53.867968
75.797192	69.353039	65.915387	53.724254
78.237761	67.647794	63.577370	54.337644
75.391957	68.184987	65.737812	56.337704
76.804085	68.579595	65.692556	55.791745
77.672730	69.224281	66.462971	55.545205
77.185166	68.310191	65.383635	55.960605
73.001868	69.509492	65.562049	54.551916
73.972955	68.547374	66.277323	56.048487
75.837571	68.938568	64.431373	55.460714
73.480858	66.775303	66.999130	55.158477
74.380048	66.398132	66.202667	56.839763
74.831127	65.220515	67.575069	55.425003
74.722104	65.373303	68.414245	55.751469
79.643299	67.264951	63.389985	55.229956
78.568664	65.419725	65.089503	57.306550
77.276956	66.203795	63.895687	54.204776
79.502048	67.393813	64.509295	54.754893
77.400431	65.457479	66.693908	55.724547
78.122134	66.159513	62.187060	54.904719
77.833587	64.900749	65.066819	56.094863
78.658001	66.176676	63.430006	53.072575
79.497921	65.473036	65.951757	56.185077
78.364132	65.350205	63.442412	52.781827
78.725694	62.657925	67.139840	59.252502
78.166212	65.047716	65.023451	56.337153
77.337252	64.771397	66.344161	55.937049
79.480948	65.520947	65.703982	56.044462
77.406331	67.399484	64.875997	54.532682
77.920789	65.498201	64.347346	55.457247
73.303567	67.623659	66.564436	54.613778
76.761340	66.453766	65.396141	54.895118
78.996780	65.309952	65.313159	55.055250
78.944497	64.947065	65.559459	54.590702
78.871925	64.135991	66.982278	56.026246
79.942512	63.190416	66.529101	55.821196
78.491612	63.663264	65.260433	55.598996
80.885435	66.609008	65.275099	55.567342
79.696636	65.955306	66.510370	54.776188
83.902300	64.294701	64.900980	55.003791
82.218944	63.611989	65.924563	54.755817
82.159478	64.776346	65.241660	55.249946
78.092131	65.461114	65.750647	55.607070
79.441806	64.321464	65.981075	56.068941
77.573625	63.468884	65.089636	55.680327
80.173600	64.659083	65.952033	55.108127
84.562019	64.054854	66.446708	55.297916
83.991259	65.065701	66.564817	54.127859
84.317540	64.971463	65.368606	54.926453
82.790311	65.394175	66.865434	57.130936
83.823476	66.164257	65.370284	54.522044
84.035723	64.503445	66.217373	56.045536
88.411103	63.585225	65.238700	56.756281
87.132329	64.786875	65.228935	55.447232
83.318047	64.934688	66.672798	54.630920
83.023825	65.305350	66.868111	55.471604
83.922403	64.696698	64.994892	56.280017
84.756246	63.693196	64.883668	55.398496
82.393016	65.267737	64.421605	55.250804
81.558069	63.602444	65.631264	56.491620
82.842031	64.216538	64.637059	55.342298
84.604650	63.901088	64.931150	54.793118
84.632236	63.874744	65.674639	55.338637
84.024855	64.620687	65.716751	56.519183
81.320677	65.668391	66.802417	56.354132
84.595378	66.805011	64.951765	55.149020
84.987930	64.977251	65.696115	56.501802
86.851270	65.723861	65.466640	54.475224
84.159185	66.027758	66.731539	53.897421
84.208284	65.698180	69.018895	56.865939
85.729362	65.865401	67.398192	55.681201
82.037029	65.193255	66.695873	55.952403
84.207368	64.211949	65.507612	55.541584
86.074534	63.808512	65.664863	57.626844
86.388248	66.908837	64.616562	55.153194
81.696734	67.484482	67.600484	55.720089
80.846258	67.188977	66.927486	55.700848
85.168709	66.076646	65.496008	56.410960
83.715016	66.503677	68.448590	55.703042
83.832322	66.233543	65.850261	55.468160
83.229833	66.471399	64.453576	56.657334
82.867562	65.213869	65.205709	56.652277
80.278542	65.281171	68.699368	56.602642
83.088168	66.944276	64.750530	55.709193
83.964406	67.258691	64.778255	55.907107
86.664583	64.972539	61.333360	56.373363
85.002975	66.417213	65.424487	55.892053
85.860729	65.531171	64.975777	54.992618
85.556026	65.746148	66.155089	55.994542
84.122949	66.821555	65.065010	55.071715
83.897279	65.407420	67.223250	55.759247
85.690588	67.393742	66.738004	54.115905
86.632112	64.102142	64.325292	56.601798
82.902526	67.058255	64.695289	53.456142
84.245849	66.248934	63.459984	55.626473
84.061289	63.633517	65.835408	56.491221
84.172897	64.814746	66.354226	55.973188
81.915208	66.147218	67.652566	54.913618
82.443653	66.441332	65.174704	54.133070
85.676895	65.131609	63.131645	57.132739
86.250131	65.376500	64.557680	55.722239
85.987717	65.219366	65.099807	54.988337
83.511104	64.402336	66.162148	56.326058
85.050693	66.202208	64.434674	52.261704
83.037098	66.372614	66.805847	54.279961
81.280857	64.737905	66.427238	55.742957
85.608747	69.252067	65.360834	48.543460
83.285697	65.235505	63.307770	56.586326
81.240477	65.794564	65.555845	57.747336
85.558960	68.379262	61.169580	54.069635
80.631606	66.294784	66.804652	54.072623
81.691367	67.870321	63.801517	54.495748
82.248353	67.009505	66.972684	55.906572
84.026870	66.451231	66.123446	55.810009
82.458172	66.598243	65.223447	55.206071
81.318722	65.786077	66.435228	55.794423
81.249108	65.715719	67.069010	54.976963
82.869240	65.867881	66.028297	55.065136
84.100120	67.270129	64.646965	53.573091
81.811559	65.564222	65.200529	55.136605
82.989345	66.750422	65.078159	53.870343
79.352387	66.780546	66.501365	53.177366
82.527787	65.710506	64.229565	53.974988
85.863948	63.555012	65.902585	55.575962
82.259051	65.734412	65.509741	55.199807
85.508385	65.932599	63.367203	52.654486
84.493166	65.719623	66.196633	53.218772
81.434291	65.889602	67.215943	55.293621
80.443291	65.414962	67.845355	56.253097
81.726047	67.306182	68.553721	55.379215
80.813437	68.680032	67.101249	56.622089
82.794590	67.310792	64.819504	55.922209
83.513876	67.061949	66.017081	57.262410
83.211172	68.114819	64.268881	53.558912
81.297322	66.014077	65.321843	57.017699
81.086486	66.344696	67.737240	55.043866
81.987858	66.700689	65.731911	55.024019
81.657435	67.855624	65.930723	55.802781
81.433980	66.783663	65.444368	56.572374
81.391087	66.618135	63.252563	57.178931
78.916537	67.294319	66.846866	56.920950
80.811848	67.168213	62.407767	53.998852
80.446737	66.830537	65.998687	56.605888
79.842027	67.288905	69.354297	54.330997
82.048151	64.330768	63.993584	56.044050
79.370199	67.152648	65.761467	54.849338
79.184032	65.208401	64.919267	55.647185
78.801996	65.609843	67.136613	55.736786
79.028106	68.362871	60.683076	47.881375
77.869720	65.126850	62.812025	56.440970
80.341210	64.680212	60.476118	55.169663
81.320004	63.818773	65.122290	55.849163
80.013107	66.329584	63.182479	59.708160
78.271813	65.995982	64.988095	55.688395
82.979144	64.624095	59.751520	53.955960
81.233187	66.709185	63.063514	56.267245
81.165618	68.740741	62.955242	55.151096
78.837491	67.454412	64.784704	54.334746
80.553826	67.336972	63.354619	53.494454
79.305572	67.670712	67.608366	53.481536
78.754238	67.250022	67.060621	55.056587
79.081760	66.426095	64.717850	54.444817
80.094227	66.264970	64.617972	56.646780
78.983898	66.550493	66.410439	55.503567
80.396498	66.100759	67.482673	54.758942
82.302563	66.283352	65.437332	54.220927
79.785536	65.932925	66.352114	55.084419
79.603739	65.948347	64.953445	56.587399
78.787109	64.833070	65.492044	54.239481
79.867698	65.941273	63.025518	55.674821
80.413832	64.784123	63.383812	55.600025
86.256746	63.507244	64.213223	55.452288
83.570045	64.534327	66.308432	54.164400
81.798313	63.657309	65.222003	54.322398
81.887475	62.937421	64.893958	54.635598
83.416512	61.405870	67.014590	54.979911
84.572309	61.931007	66.458783	53.937203
85.113299	62.008836	64.882217	53.969593
81.561555	62.295802	66.606100	54.957005
81.775226	62.573438	66.016131	54.856575
82.729910	62.027156	66.332043	55.211765
82.996461	64.429293	64.565361	54.072302
82.202816	63.229776	65.480748	54.248569
80.400605	63.834847	66.438814	54.802115
81.272880	64.651388	66.269499	53.645255
85.109887	64.600313	66.233532	54.945625
85.895765	61.272919	65.444638	55.250739
83.729025	63.634986	64.325112	53.816776
84.950702	64.386584	64.597171	54.389709
85.806318	63.490623	66.390443	54.630319
86.379373	64.837584	66.549141	54.736237
89.471298	64.766772	64.876441	55.500934
84.641795	64.943243	63.577075	54.058419
85.476851	64.101358	66.489950	53.314162
83.735904	65.581368	66.619215	53.862636
84.467591	65.221256	65.730337	55.189070
80.488098	64.485734	66.260108	55.121769
79.408732	65.198565	66.527629	54.812276
75.974719	65.039704	65.649278	55.168030
76.987268	64.524847	65.302319	54.184676
78.347733	66.763836	65.173692	54.804538
82.891190	66.070532	65.393994	55.306960
88.828617	64.864836	66.482189	55.504236
88.499167	64.690846	67.327951	55.291249
89.583644	64.105465	67.016623	55.881265
87.949501	64.169915	66.671892	57.274190
90.233612	64.455107	63.036153	57.548382
83.970113	67.235543	66.625589	55.419059
82.545979	66.429742	69.766844	56.354525
88.149453	65.942841	65.154539	54.720550
88.644160	65.653698	65.899245	56.319615
92.498382	65.886981	61.244900	59.850267
97.768284	63.908535	61.142871	59.090566
94.459198	63.294808	64.905942	57.359325
89.717329	63.624264	65.455718	56.247744
90.109250	62.738656	63.649159	53.624275
82.627482	61.308238	63.737147	53.576848
79.408914	59.268825	66.084645	56.148824
79.485551	61.070631	64.936135	55.459342
74.365289	62.281590	66.511650	54.616803
72.636577	62.811961	62.943496	53.416511
76.265565	62.775294	65.039887	52.484790
81.482628	63.627751	63.027643	52.341083
68.226891	63.414947	64.377837	53.564418
70.073910	64.087613	64.089083	54.400000
77.507259	61.932417	64.343954	54.034137
88.408039	62.821535	64.897191	53.725486
99.608582	60.326461	65.519100	56.006377
106.391612	60.073544	66.522355	54.867754
123.137530	62.037853	63.421314	54.696044
124.743896	61.918891	65.854475	54.687105
128.501088	62.208912	65.359198	55.637311
136.225269	63.199991	64.960983	55.518283
142.976103	62.906835	66.216048	55.118092
147.477556	61.291978	70.519569	55.272125
149.577702	61.826736	63.496214	55.438162
139.091186	62.066925	67.308739	54.725635
117.393371	63.540856	65.597191	53.447836
105.552551	62.770536	65.954873	53.378506
101.826908	63.443676	64.567721	54.244905
102.487726	62.617564	64.720358	54.663523
110.437032	63.597757	66.252343	54.456047
121.413323	63.536983	65.913675	53.787957
122.855571	63.505560	63.788568	54.756445
139.076263	62.656149	65.312009	57.637697
145.791721	61.950478	65.357684	57.108782
147.922567	62.584907	63.518918	55.734972
131.400755	61.770890	64.574022	54.213345
125.418082	59.900081	66.020491	54.501925
112.458721	62.711821	66.024239	53.792460
113.116898	61.883278	63.381221	53.659735
110.601968	62.776525	66.936213	53.642696
115.505353	61.697536	66.139145	54.915833
110.743545	60.396015	65.086106	58.273998
97.572013	63.380110	66.993758	54.101120
115.843594	62.681848	63.323303	57.048908
118.289432	62.460445	68.918402	54.218489
123.800497	63.042246	65.365876	52.943961
132.069552	63.836273	64.360141	53.695595
136.713980	63.080119	61.349294	55.274576
140.111146	63.259335	66.878406	54.478301
144.388941	63.833203	67.343713	53.523207
148.075128	64.504095	67.438767	54.252797
152.469709	62.800676	65.654824	57.258961
155.493945	63.444736	66.551808	56.344861
160.274375	63.627747	65.564321	57.045217
165.521348	64.480470	65.842687	56.108314
166.831237	64.177788	64.719674	56.867657
163.961950	64.212648	66.234585	54.790510
158.098157	64.327480	64.723475	55.079936
155.025672	63.877088	65.542071	54.896221
152.352187	63.451150	66.215821	54.392130
153.694680	62.780361	65.251997	55.089919
154.719909	62.655395	63.335179	54.107172
148.270804	63.554729	65.768785	53.212743
147.452170	61.687667	66.433124	54.361649
140.486539	61.497311	64.910989	53.350732
138.532596	61.990682	70.693852	52.928449
133.903033	60.636607	65.895989	53.073511
141.007377	60.774548	65.181436	54.042417
146.635743	60.192931	65.894234	55.298806
148.587485	59.668721	65.911021	55.207309
149.694186	59.801383	66.046682	55.145794
149.542401	59.246943	66.673713	56.546342
151.038373	61.387566	67.772053	56.020041
157.062230	61.732677	64.763186	54.975014
149.495830	61.398515	66.652443	55.639541
149.270444	63.634585	66.169485	53.954026
143.725342	62.614233	66.742273	55.809377
144.769354	65.548840	64.891728	53.710966
148.346992	64.442176	67.432834	54.274192
145.483016	64.812253	66.168898	55.454513
144.479405	64.065673	64.628261	55.873487
144.978046	64.091529	65.601077	56.143625
144.548473	65.820356	66.691223	53.864398
146.236506	63.850466	66.723618	54.905147
139.750553	64.116242	66.824466	55.456702
143.517993	61.017169	65.967349	56.435876
150.530972	64.847913	63.573655	55.280083
146.922587	66.682423	65.494704	53.741973
145.832490	64.396516	65.357528	54.287826
148.382025	63.256294	65.765946	53.564300
144.735447	64.424394	65.576549	52.730622
152.318306	62.155076	64.885885	55.673379
147.996278	61.364234	67.537852	54.836674
149.890490	63.910323	66.909605	54.854324
151.047644	62.912291	65.689164	53.149059
156.554699	61.588839	64.813036	53.833492
152.784454	62.148222	67.680125	55.584116
152.181236	62.988235	66.538328	54.806579
151.394511	62.613182	65.961571	54.504312
147.968814	62.982095	66.707427	53.247503
150.877916	63.301576	64.730038	53.441861
146.883394	62.154793	63.595856	54.316005
147.627534	63.654523	65.162366	51.943636
150.058793	61.921792	66.127482	53.352623
149.908410	61.309903	64.172727	55.579463
146.809139	61.930677	68.003022	54.239292
143.288104	62.662539	67.524911	52.820309
142.383818	63.363408	66.117391	50.725142
124.635447	62.178849	66.899392	54.758903
118.899225	60.750646	64.166175	54.593587
125.641639	61.779779	65.135683	54.366924
130.884366	62.147902	66.010819	55.250273
135.430222	58.986893	66.837519	59.449466
130.140741	61.069222	67.367375	56.064405
130.968911	62.520427	65.838625	53.083637
128.059303	64.773681	67.429495	53.200112
124.710747	61.791693	65.395374	56.574576
124.050026	63.903194	65.804412	54.669036
129.722668	63.022955	66.307725	57.461256
125.003860	63.602963	66.073696	55.564771
122.129052	61.808374	64.891049	60.271890
120.524853	63.942900	67.592625	55.708032
120.377591	62.906923	65.219631	56.692765
120.004948	64.535363	65.119899	55.903430
117.467359	63.912944	65.773431	56.775893
117.134357	64.883270	65.642262	55.209227
116.992846	65.314982	63.988992	55.167065
116.507976	63.349055	64.794569	56.144119
116.885563	63.250299	63.845145	56.154629
110.716855	64.378587	65.580502	54.426754
109.142099	63.011695	66.867450	56.143112
105.105124	62.624439	68.187620	55.057460
107.695427	64.273769	65.498398	55.005908
107.185846	63.053592	65.237756	56.615018
102.843985	63.868487	66.895308	55.322834
100.274374	63.304496	64.969663	54.032898
102.296463	64.591003	65.291193	55.831883
100.158622	63.572197	64.714899	56.882463
102.802137	65.557556	61.623250	55.754717
101.830043	65.492745	64.143265	56.903428
101.178933	61.102952	61.718189	59.480185
92.808494	62.466054	64.817727	55.447139
89.784033	64.261828	67.124262	55.682654
92.754483	64.193827	66.055156	54.424730
93.390061	64.379445	65.408936	54.652876
90.947784	65.032841	64.548882	56.102966
91.009992	64.364880	66.117674	54.619368
89.937704	65.225681	63.974504	54.511165
83.562639	63.648429	65.007923	55.517565
82.881357	65.321826	65.083271	55.571322
80.216344	65.596766	66.714439	55.345890
80.819761	65.289211	66.597336	54.871701
79.749006	65.820116	65.048001	56.126238
79.329907	65.296225	65.438683	55.338688
74.989302	65.444191	65.732027	54.872102
73.820527	64.824328	65.730152	55.982992
69.887726	65.642560	64.744488	55.902230
67.072810	66.547474	66.322608	55.144648
66.976122	66.009529	65.899979	55.380561
71.080953	66.999018	63.750818	53.026913
65.394169	64.078633	65.696043	54.801503
63.836954	66.657165	65.410150	53.749943
64.381899	67.669761	65.143879	53.227865
58.837057	65.999369	67.301757	55.833031
58.381629	64.993056	66.661616	53.044237
61.341928	63.785795	62.360976	55.850878
56.434931	63.728223	65.507921	53.680908
56.154095	61.384899	63.538403	55.205932
51.324645	60.763848	65.862750	54.818779
52.868341	64.206213	64.699539	51.708365
49.956845	61.493195	66.703312	56.060936
52.365280	60.949924	64.918703	55.794192
44.797041	62.911340	66.007918	54.375263
40.042628	62.219224	67.744289	55.385972
40.958021	60.952779	67.786393	55.688100
40.602579	61.528243	66.007749	57.174500
36.274724	63.178557	66.584455	54.854264
33.365806	62.828733	67.050381	54.829794
33.720518	62.360385	66.234563	55.771948
30.394665	63.396959	67.235932	55.260264
30.785251	63.949671	64.510879	54.303101
29.706883	62.443107	65.651419	55.221889
28.150064	64.820942	66.288986	56.191142
27.281439	64.593990	64.711294	53.773608
22.426255	65.175664	65.109432	55.752401
20.223127	63.513464	65.311382	54.950027
19.601468	63.546624	66.452678	56.059527
15.895644	63.023319	66.141114	55.952272
14.976885	63.588132	63.570425	54.883327
14.197105	63.690607	65.234921	54.527347
11.437989	64.955390	65.478374	52.214690
10.010872	62.396160	66.343916	53.929951
9.267123	62.437939	64.085200	54.392149
4.841620	63.236492	65.953618	53.803485
0.831830	63.564915	64.420203	53.578353
0.295543	63.317049	61.903112	55.597535
0.747214	62.889333	58.404002	55.553517
0.817066	65.908625	61.011290	50.992179
2.679013	62.817071	60.677196	56.282334
-0.055458	62.519236	56.841294	55.448050
0.191896	63.410951	55.284202	56.473621
-0.041030	63.971960	50.061811	55.681105
-0.047340	62.375940	47.809251	56.630906
-0.045368	62.397960	43.971243	54.920381
-0.037713	64.091752	49.523653	59.623605
-0.013443	64.802204	44.981366	51.980468
0.000000	66.942509	39.904680	51.978972
-0.087745	70.941324	43.502883	46.269983
171.000000	80.000000	23.000000	19.000000
170.102629	78.777112	23.336700	18.742786
170.413670	77.434338	22.801231	19.489004
170.216792	77.577868	22.920631	19.036289
170.559930	77.529599	23.211880	19.202937
170.089724	77.559674	23.238681	18.913965
169.843840	77.543758	22.983253	18.698139
169.901376	77.018056	23.152473	18.872574
169.581682	77.225936	22.989067	18.906805
169.382220	77.103874	22.474314	18.952485
169.261864	77.551529	22.799132	18.920089
168.844093	77.105365	23.134429	18.918335
168.208063	76.701612	23.534835	19.078870
167.973991	75.775262	22.897372	18.904336
167.442965	76.594582	22.938204	19.015622
168.326050	76.649618	23.120036	18.933818
167.047024	76.490040	22.665969	19.046892
166.547878	75.974820	23.087612	18.858801
167.074465	75.619027	22.989168	18.971521
167.399626	75.778735	23.007301	18.936468
167.085591	76.340171	22.927447	18.840971
166.812269	76.123700	22.848192	18.980046
166.363378	75.758832	22.898373	18.904892
165.465608	74.868185	23.232147	19.554758
165.739294	74.578738	23.164594	19.242029
164.892027	75.132681	23.556494	18.836104
164.389313	74.756163	22.403456	19.088114
163.868135	75.353047	22.953675	19.036436
163.859369	75.603280	23.170964	19.151291
163.361362	76.749841	23.073016	19.042581
163.004745	77.737273	23.115144	19.133174
161.925135	77.340115	23.025913	18.760735
160.479389	76.913034	23.382925	18.737657
162.148422	76.151305	22.942351	19.285177
162.875172	76.788221	22.747809	18.663905
162.104024	77.324654	22.830417	19.056599
162.549861	77.752279	23.002793	19.024983
162.193154	77.439290	23.110421	19.288206
161.377984	76.839144	23.209567	19.059326
161.611250	77.505216	22.919755	19.053941
161.370043	77.267399	22.733077	18.963403
160.986895	76.737252	22.885287	19.231939
159.821743	77.277388	22.792191	18.959932
159.447404	77.209451	23.091917	19.061381
159.166435	78.143857	22.935832	18.876636
158.978522	76.691762	23.375838	18.977396
159.485011	75.786592	22.972588	18.970569
160.121177	75.125484	22.943296	19.420441
160.068391	73.591398	22.526666	19.110532
158.808791	72.444684	23.001941	19.150756
159.792952	71.225926	23.107026	18.905436
158.906663	70.808265	23.179226	18.598975
158.959043	70.641866	22.941139	19.130231
158.943167	70.558473	23.414853	18.933634
157.820838	71.069786	23.263941	19.416137
156.905781	70.515890	22.756414	18.837938
156.505345	72.199664	23.113481	18.854466
156.682856	73.479412	23.135620	18.756449
157.387845	73.323228	22.796549	18.853133
156.998666	72.951947	22.731583	19.004380
157.030943	72.141867	23.012948	19.406708
156.662771	72.809211	23.080520	18.928588
156.154366	72.346306	23.081019	19.448555
157.030572	72.616955	22.734611	19.389349
155.720024	72.768038	23.386647	19.352441
155.530083	72.638743	22.839943	18.740650
155.356392	73.222182	23.063091	18.863369
155.641153	74.026436	23.030569	18.673368
154.579559	73.076182	23.726332	18.992647
154.881016	72.798447	23.332811	19.132612
154.371177	72.588039	23.343986	19.320506
155.205427	72.756456	22.828352	18.850819
154.353296	73.306801	22.849565	19.239137
154.206786	74.089729	22.923465	19.001723
154.827578	74.865130	23.022092	19.008627
155.429126	74.757192	22.953748	19.225472
154.838074	73.477424	22.795921	18.806775
154.312332	73.665338	23.226433	18.885395
154.514278	73.626747	22.595757	19.335803
154.532942	72.772505	23.058527	19.177232
153.515074	72.469496	23.392311	19.303956
153.706340	71.919203	22.688220	18.792261
152.891136	71.913660	23.082764	19.145158
152.622373	72.590011	22.935623	18.744411
153.490369	72.154515	22.641336	18.939288
154.148862	72.036538	22.753898	19.108998
155.561473	72.363829	23.082118	19.210207
155.356591	72.541652	23.005465	19.043056
154.958619	73.391733	23.100959	19.150698
154.764458	73.408346	23.059149	18.903063
154.701776	72.698364	23.278969	18.882546
153.966537	72.102708	23.037697	18.948836
153.726962	71.512257	22.871041	18.770533
153.369693	71.062522	23.088417	19.184402
