76.000000	79.000000	64.000000	52.000000
76.167162	78.393549	63.006441	52.201294
75.094262	76.984981	63.545622	52.164816
77.255054	76.668402	63.519869	52.239516
74.964300	78.052515	67.095000	51.794625
73.741782	77.925183	64.616783	51.688058
71.753840	78.117832	63.750828	50.821632
70.887786	77.691782	63.314175	51.880230
71.939186	76.800092	63.670236	52.490903
71.792573	78.176693	64.797216	51.517358
73.656388	77.742964	62.242013	51.959836
75.056980	76.333779	61.760801	51.817652
72.612800	76.370846	64.965654	52.427568
71.602391	77.421172	64.784257	51.539475
72.067535	76.671294	64.955618	52.091285
72.477874	75.609921	62.932648	53.591118
72.872060	76.033755	63.156954	53.001520
71.692820	75.159730	63.791093	52.373457
71.129520	76.826196	66.008220	51.307754
72.172227	75.871022	65.803773	52.236238
74.162872	74.985882	63.055472	52.023768
72.858959	75.992850	63.126068	51.374885
71.258700	75.201181	63.564480	51.497926
71.249648	73.165969	63.764803	52.541300
74.052726	75.693489	63.089871	52.128791
75.307367	77.295503	62.149834	51.283209
71.153003	76.414371	64.107469	52.294807
72.315388	77.717125	63.653843	51.259566
71.538365	76.597663	64.507417	53.018253
72.638783	76.712553	62.821139	51.723595
72.178011	77.248560	64.370919	52.649256
74.022918	77.468150	63.937965	52.189118
72.087597	76.166578	64.560340	51.153239
71.234964	77.577162	63.739639	52.495287
71.747753	78.520295	64.455914	52.450772
73.938024	75.430378	63.444942	52.503591
72.596368	77.663940	65.638049	53.408991
74.387136	78.515868	63.881385	50.939730
73.522081	77.693289	65.100890	52.440134
73.715723	77.634808	63.444222	52.602599
72.536327	77.873346	63.643724	51.592827
72.811614	77.095158	63.379877	53.287790
73.150415	77.223751	63.293452	52.428297
73.501237	75.262648	63.864239	54.087626
73.833740	75.705334	64.742192	52.162097
72.400236	75.114450	64.345892	52.178147
73.717978	74.782659	62.867266	53.400271
74.170310	76.312040	63.725115	50.781639
71.965371	76.654763	64.913101	50.667623
73.267657	76.214905	63.682112	52.068087
72.011714	77.442128	64.120849	50.982428
71.726773	75.565584	65.072811	52.913902
73.473413	75.346251	64.407559	52.494676
72.946845	76.034333	63.382875	52.446825
71.746129	77.861236	64.587342	52.710736
74.044262	77.024740	64.123872	52.360526
73.010938	75.776379	63.668785	52.393279
73.750030	75.027206	64.141354	52.406802
71.294157	76.535696	64.669787	52.025796
70.230290	77.191841	63.623771	52.446442
73.196271	76.393222	62.969247	51.885131
72.787672	75.436021	64.895015	51.356791
72.625415	75.572950	63.336506	51.867131
70.704499	75.535221	65.435607	51.648425
72.584187	74.892227	64.427967	51.982810
72.707862	76.398462	62.030309	52.156871
72.943885	77.053739	63.110935	50.760948
72.100702	74.860150	64.229595	51.992226
69.833273	75.772722	64.109299	50.231002
71.134644	76.419323	62.979382	50.472033
71.896679	75.851139	60.135010	50.156378
70.419939	74.536420	64.238631	50.357278
73.230665	74.689163	61.211099	51.745113
70.265956	75.585142	62.841678	50.639636
70.129215	74.472297	62.281899	51.903134
73.394559	76.270791	61.218196	49.709293
71.869839	74.825556	61.961498	50.607613
71.859076	74.034593	60.482959	49.887682
71.735803	73.601351	62.885763	52.815899
69.708376	74.239310	64.731085	51.389497
69.129803	73.347303	64.686586	50.997565
70.011012	71.059091	63.152845	52.788844
67.854099	73.415327	65.120394	50.903306
67.785651	72.618752	64.663189	52.464680
70.349953	74.236202	61.571695	50.694946
71.355382	73.511586	59.520393	49.981473
69.808636	74.279424	62.310794	51.187728
68.350989	73.369035	63.135482	52.869682
70.244133	74.501212	62.477428	51.557794
70.433823	74.038093	64.889567	49.788581
69.994394	73.413053	64.354293	51.773816
69.195263	73.313113	64.738682	52.052459
66.727940	74.426256	65.317503	51.233398
68.544963	76.092533	64.258863	50.914025
69.951079	74.203024	63.285019	51.343501
68.472570	75.827996	64.474340	51.914871
69.051261	75.493928	63.920213	51.944702
68.520969	77.746666	63.440319	51.828084
66.336266	76.139538	64.043109	53.496089
68.230828	73.897379	64.023215	52.016244
67.242280	74.558125	64.333467	52.237032
68.879255	74.279185	63.062697	52.154334
68.867709	74.449810	64.159398	51.120874
68.783629	73.498347	64.983339	52.456298
68.373943	74.396865	64.382542	51.212113
66.081587	73.533904	65.066933	50.429439
67.747633	72.002970	64.954688	52.965962
69.480233	71.577116	64.215573	52.992525
67.945887	72.240095	65.052783	53.694005
67.732617	72.459270	65.048769	51.783730
67.142937	72.369769	63.950941	52.337515
67.092155	72.331199	64.974931	52.231006
66.870109	71.322840	64.659240	52.100680
66.149329	72.665398	64.146660	51.509132
67.994500	72.016892	61.848187	50.627163
67.324455	73.494867	63.017721	50.283584
66.596457	71.918384	62.295110	52.246635
69.780841	70.913232	61.301733	51.294333
68.389630	72.256017	64.189269	50.560209
69.918695	72.543017	61.097675	51.336296
67.465551	72.868573	65.376702	51.626613
64.856352	71.592096	64.799447	52.064655
69.595011	72.643647	62.173415	51.273461
70.701875	70.871123	61.361585	53.149187
67.216114	71.373773	63.394369	50.539013
66.898830	73.585882	64.556036	49.842427
66.867750	73.808217	63.942852	48.814090
66.699748	72.487239	64.069624	51.525911
69.009419	73.057511	61.763873	52.233919
67.175988	75.571600	64.412849	51.405711
66.179130	75.455701	64.433424	51.258866
68.314355	73.529109	61.388619	52.205116
69.310483	75.380034	60.530440	50.890861
67.306939	76.600275	62.902453	49.587569
69.204806	72.435915	64.294587	51.149927
68.846322	78.498317	65.314017	46.636039
70.741394	76.311348	61.465180	51.083934
68.906210	76.453646	62.639518	50.576848
70.751444	76.503656	60.623667	52.176942
69.997384	75.670770	63.247389	51.253699
67.948690	74.278108	64.057561	51.678172
67.863158	77.329932	64.750183	50.671136
69.055291	76.902052	63.062139	52.801675
68.992384	77.102485	63.424051	52.145607
66.726472	77.518567	63.746034	51.015031
65.611434	77.793313	64.702326	52.634652
66.487291	78.953828	65.805676	51.804537
69.648451	79.414274	64.215539	50.509841
70.019726	78.301975	63.830373	52.318637
69.474479	77.613754	63.654223	50.976760
69.302950	77.176947	64.544484	51.192050
71.300471	75.345624	63.794511	52.384493
69.599947	74.728189	65.108741	51.286609
70.841990	73.773046	63.543444	52.838364
70.118505	71.599068	65.039444	52.761900
71.693350	73.758927	62.654419	53.641687
70.973107	69.788559	63.800265	54.232391
71.388259	71.144451	63.542226	50.740431
69.421511	70.888579	63.003547	51.799307
70.066374	72.075744	64.124257	51.503195
72.196822	70.786807	63.326836	52.210308
72.513503	70.202318	63.463600	51.206282
70.285374	69.293226	63.447525	52.703108
71.158443	67.282209	62.924578	52.005700
71.400077	69.062303	64.387427	51.341669
72.622776	68.499389	62.536772	52.738945
71.335232	68.425250	64.606449	52.547643
72.026493	70.535539	63.081093	49.992731
71.688264	71.230765	63.426161	50.630446
71.815965	70.248957	64.188661	51.994950
70.503711	70.040945	64.413606	54.003749
71.662618	71.857599	63.348412	52.427424
73.113135	72.183694	64.705466	51.841014
73.133729	71.124742	63.983030	52.364159
72.055706	72.314105	63.359403	52.559867
71.513754	71.513860	63.070508	52.098673
71.338063	71.291582	62.772176	50.983552
72.175686	70.000567	63.616304	52.594930
69.335035	71.072413	66.546558	50.654061
72.802661	69.068308	63.163979	53.370767
72.685947	69.036686	63.618080	52.627755
73.232208	70.459230	63.476564	52.167248
71.587065	69.519663	63.969492	53.159763
70.271808	68.701939	63.858939	52.901522
70.091473	70.009133	65.795210	52.215894
70.450490	71.057308	65.289793	52.476710
70.795021	71.425552	63.641075	51.655055
69.934070	71.861068	64.551803	50.692570
70.296857	73.619653	64.149505	51.455767
72.663909	72.963305	63.758116	51.938257
72.340527	72.565252	63.706994	52.487179
71.050278	73.003379	64.101690	50.684342
69.204109	71.254014	63.743433	50.894024
71.900221	71.076400	63.613663	52.095887
72.510326	70.920887	63.736030	52.183833
71.289148	72.017197	65.172663	51.433641
71.072414	72.058778	62.939757	50.762826
70.241873	72.011966	63.736046	51.527379
67.560059	72.183736	64.541825	51.968470
68.492726	70.678108	64.219702	52.767613
68.206543	68.559415	63.111716	53.094253
70.441054	71.386535	62.071516	51.388423
70.639908	72.230471	64.519565	51.185942
70.155005	70.780737	63.787564	51.908452
70.507107	69.986376	62.987491	51.976239
68.729451	70.693028	63.548940	51.610445
70.442525	67.780668	62.941389	52.528658
71.113052	71.262361	65.071447	51.032212
71.550496	71.502796	63.078321	51.454687
68.788471	70.354531	64.660856	51.968701
69.474678	71.030786	65.419310	51.710577
70.688543	72.703454	63.433915	52.609356
69.913494	73.117149	62.559606	52.719088
67.107095	73.275502	64.282749	52.456413
67.652459	73.690458	63.360402	50.981981
67.816214	73.159044	64.030723	51.116916
69.213181	73.344136	64.850671	52.349389
68.418876	72.956854	65.165765	52.498647
69.290152	72.581707	62.033001	52.609226
67.059187	73.361540	64.862719	51.635267
64.906834	73.397912	64.581022	53.648935
68.806771	74.814215	63.447083	52.076476
67.858480	73.674234	63.435014	51.196260
67.853002	71.677187	63.346322	52.747784
67.575252	72.729261	63.488523	52.378429
66.012351	72.972584	63.922770	51.388555
67.067327	72.168560	62.743369	52.947932
67.658805	73.785271	63.558081	52.652424
67.970953	71.621787	63.932220	52.147945
64.515335	71.884337	65.797355	52.157583
65.240680	73.112629	64.369904	51.212089
65.268917	73.104597	63.107232	51.540970
65.416682	70.982859	64.336825	51.919252
64.940596	69.785000	63.026169	51.950641
65.751003	70.605329	64.369833	51.734254
66.521950	70.796322	64.150810	52.475137
66.095754	69.700071	64.123057	52.181270
63.996630	69.834760	65.957442	51.949334
62.522159	69.141497	64.768440	52.630353
64.139999	69.400024	65.114844	52.133079
64.842622	70.984934	64.245334	51.899492
65.105299	71.447452	63.133093	52.321209
64.106930	69.854473	64.504147	52.070733
63.908302	71.135648	63.299468	52.100230
64.927147	69.518877	64.127904	52.630931
65.026771	69.056897	63.963248	51.314256
61.123099	69.033222	65.330075	52.951792
63.038428	67.858457	63.691051	52.450066
64.381369	67.814236	63.022521	52.663555
62.239314	71.348560	63.402268	51.216166
61.144589	70.359501	63.515423	51.618312
62.866980	68.713130	64.282458	52.718758
61.588591	68.572241	65.097535	50.804897
64.950223	67.351417	63.054149	52.102504
63.531812	68.135711	64.198145	52.062976
63.370713	69.016627	63.970891	51.425843
63.893586	69.685977	64.241178	50.526612
62.054844	66.348238	63.978240	52.461042
62.463577	67.209723	63.205205	52.967790
60.293258	66.960757	65.261508	51.738690
61.444496	68.397082	65.438281	51.657579
59.842701	68.631635	65.720363	51.418097
61.258643	69.038216	63.147562	51.716668
60.353791	69.810620	64.382304	52.604891
61.223584	69.907652	65.099907	51.910137
61.601309	68.837178	63.026416	52.311041
61.261224	67.924164	64.935452	52.819910
62.127728	71.378062	63.806290	51.198105
63.167645	72.358559	64.575123	51.796395
62.364067	71.878421	63.981199	51.925080
63.747215	72.674552	63.510648	51.471680
63.034391	69.273530	64.297735	51.762009
60.908888	69.026284	65.422157	52.259851
63.556406	69.605553	64.591347	52.474785
65.870283	71.712164	65.237425	50.226642
64.843693	70.775967	63.388917	51.571249
63.550864	72.034867	65.095057	51.884326
61.766821	73.388684	64.433868	51.877948
62.142644	73.405391	63.738596	52.077242
63.203777	73.304161	63.466404	52.310098
63.568583	73.687689	63.328566	51.809884
63.544863	75.337265	63.977414	51.528626
62.144728	75.743405	64.612568	51.392664
63.637007	75.266711	63.858046	51.575215
63.555282	73.601999	63.769043	51.026293
64.901842	73.413864	64.008984	51.677731
67.559951	73.249680	62.810198	51.311817
65.356348	70.751657	64.866725	52.468364
66.722554	70.769248	63.499042	52.426201
65.637433	72.608140	64.450741	51.845786
66.349263	72.196454	63.646044	52.257341
68.304126	71.667098	63.677283	52.156039
67.423958	69.327138	64.069935	52.062008
68.569216	70.833840	62.640114	51.852525
66.785471	69.172092	63.681056	51.354088
66.011841	69.365722	64.348164	52.462276
66.519787	69.347180	64.410106	52.155543
68.123565	69.590672	62.742764	51.815565
68.352213	68.937768	63.335282	52.432521
67.463895	69.734845	65.474525	52.867398
66.893777	69.509771	64.329759	51.236707
69.308378	69.387360	65.713232	51.671913
67.721755	70.208366	64.861296	50.850754
69.103418	68.374799	64.426742	54.050101
71.151691	71.073733	62.711067	51.901851
67.429177	73.563995	66.180743	51.049308
70.172127	70.950766	63.377276	52.274985
72.368641	72.382851	64.615794	51.065806
70.588213	73.382647	64.668669	51.308324
71.249267	72.944544	62.539429	51.716444
69.837178	72.461290	65.843159	51.693681
71.212350	71.238310	63.417421	51.598320
72.133982	69.943858	63.917178	52.916979
71.890724	72.025365	64.276954	52.816671
73.532859	69.459020	64.377393	51.788545
73.225280	71.424469	65.457565	50.919514
73.446998	70.669767	63.653523	50.419966
73.154333	70.553200	63.623121	52.093383
72.607171	71.026480	63.932059	51.425025
72.276529	71.071728	63.075415	51.106099
72.505484	72.264626	64.119554	51.484893
73.596436	71.709432	63.842338	51.556499
74.909576	69.990493	62.945530	52.718335
73.457299	72.879081	65.732880	50.195462
73.012701	72.906675	64.068674	51.247978
72.305492	72.413094	64.594032	52.963990
74.204943	74.289335	65.016388	50.541270
75.453634	73.337073	63.896763	51.798003
75.968252	73.566608	62.596570	52.212185
75.419026	72.633686	63.892634	52.751864
74.748327	73.180662	65.066369	50.618075
74.920578	74.178920	61.925593	50.645237
75.113674	73.653025	62.922649	51.337065
74.449742	73.547884	65.326157	52.232869
77.879122	70.986766	64.946109	52.233984
78.517647	72.765939	61.502990	51.044822
77.623307	73.369014	63.154556	51.431778
76.800414	73.717161	63.079244	52.549166
76.803150	73.479554	64.788323	52.226060
77.971377	72.641353	62.665902	51.920584
75.716153	71.047279	65.041622	52.104534
76.361243	70.944233	64.840440	51.976286
76.687289	70.436419	62.731579	52.559780
76.706496	69.780135	64.776126	52.355411
78.765778	68.990535	63.640726	51.901332
76.902969	67.413850	64.272413	52.040847
77.921251	67.633780	62.348752	52.452527
78.746846	66.522850	63.501873	52.471543
79.567286	67.160673	63.042510	51.462968
75.863895	68.826148	65.869988	51.706023
77.320240	69.417680	64.443129	52.090009
77.096296	70.319598	65.942527	51.114520
78.965382	72.239810	63.327924	51.996791
79.496599	71.747773	62.258245	51.470794
78.485336	71.739545	63.037672	52.014843
77.989286	71.540796	63.713798	51.263694
76.541823	72.774160	64.648478	52.896341
80.147542	73.448780	63.797967	49.991175
80.257784	73.357815	63.535431	52.643798
77.905770	75.513808	64.748165	51.794711
78.211787	75.153276	63.086444	52.339380
79.219175	77.051270	64.385993	51.777439
76.908465	76.141016	64.424090	51.859397
77.935083	73.636818	63.870642	52.464791
78.930121	73.532860	64.318118	52.088733
79.231696	70.826939	64.556225	52.647253
76.503887	70.625309	64.026686	51.722147
78.331770	72.881829	63.731287	50.845430
77.627372	73.623219	62.942072	51.368514
77.793677	73.141618	64.032126	50.788842
79.086245	72.640364	63.228162	52.149981
78.368002	73.084673	65.233586	51.449815
78.824275	72.649258	63.575420	52.646614
76.008115	71.322063	63.711802	52.017420
78.822174	71.104495	62.631970	52.424476
79.015325	73.439547	64.849064	50.632566
80.102832	72.473164	63.337840	52.975083
77.498091	71.706490	63.788556	52.533393
75.263947	74.120772	66.131490	50.508523
78.620808	73.466662	63.879475	51.893091
79.235954	72.660237	63.193957	51.848988
82.235795	73.928315	59.080033	49.245832
77.699437	74.597830	58.362594	49.408443
76.664869	75.024676	62.591394	49.653336
79.572610	74.069536	58.540287	49.975302
79.312040	73.375850	60.316552	48.269086
79.050206	77.259534	62.009140	47.163716
81.281984	74.339420	58.264307	51.059290
79.066710	80.003527	59.289176	42.497644
79.693097	76.934984	63.022575	49.696907
79.464631	77.378812	61.894497	50.568143
78.775501	74.745902	63.371074	50.976968
78.961445	74.184032	64.827720	52.710610
78.242470	74.918551	63.862909	49.955913
78.684773	73.534258	64.124164	51.809150
79.381873	70.611538	62.177007	52.393496
79.173533	70.604812	64.747630	51.163050
82.957402	73.051836	59.655057	50.333696
81.628632	73.202331	63.210971	51.042083
81.805722	73.827856	61.830698	48.922138
81.282504	72.253735	63.284185	52.262955
79.297951	75.042519	63.897007	49.346406
79.776287	72.651544	63.072475	51.962437
78.859719	75.244809	61.105990	49.467416
80.546077	75.298128	60.708047	52.448353
78.247912	74.875038	64.192400	51.837687
79.864809	73.879782	61.784570	52.553064
79.930168	74.389238	63.781180	50.841733
78.474629	75.260576	63.706956	51.872104
78.613235	74.523489	65.000778	53.476314
78.498579	76.300144	62.675550	50.500239
78.547244	74.916922	63.961495	53.174967
77.204644	73.566380	64.689633	52.423531
77.683469	73.626168	63.918661	52.858596
79.693362	75.748282	63.542335	53.041862
79.206178	74.363328	61.630381	51.514067
75.542865	74.069703	64.285805	52.450489
79.255432	69.702889	60.030777	52.652928
77.986076	71.652011	60.829720	54.580490
74.016792	74.980106	63.351886	48.484446
76.823882	73.503625	62.294002	50.009376
76.218515	75.301698	64.010817	49.014284
76.322178	72.274323	62.614192	52.462379
77.327352	71.139311	62.860321	52.914027
77.675211	76.823890	61.118043	48.645979
79.142526	75.728383	63.684037	51.764297
81.921324	75.509434	55.427151	48.181619
78.838868	72.257643	58.896757	52.950369
75.448381	71.424733	60.427023	49.232113
76.919668	69.917781	59.350101	50.985166
79.439618	73.550496	58.058259	51.232746
80.406976	71.702445	59.894382	53.389318
79.578295	68.233912	58.171116	53.977214
75.800282	74.135023	60.183880	48.532877
75.896807	70.694062	63.723945	50.874830
76.730439	71.720251	64.256399	50.831616
74.269995	71.842877	65.327028	51.266327
76.272306	72.998674	63.978315	51.586720
76.801873	73.578273	64.333601	51.950912
77.349130	71.022715	63.672532	52.363028
76.635928	71.130273	64.161907	52.090938
75.948721	72.695515	63.588598	52.167146
79.900444	72.848727	63.210370	50.951796
77.527541	73.314133	64.463064	51.615869
78.672034	71.366177	63.506814	52.827216
78.078044	72.406633	64.995880	51.677085
78.334333	72.718471	64.744638	51.813910
80.141554	71.995195	65.710578	51.586842
78.612120	70.880020	63.548152	53.299976
77.832878	70.108938	65.446247	53.045353
80.197680	69.675076	63.020312	51.884774
81.360060	70.386803	63.288067	51.716863
81.400004	69.125940	64.249555	52.400874
82.051453	67.662448	63.886460	52.711845
81.796063	67.443868	63.400551	50.871406
82.772009	67.876786	63.085530	52.235880
83.833937	68.861067	63.414682	51.237871
84.334270	67.923536	63.382569	52.496156
83.671947	66.613773	63.526189	52.261237
84.815879	67.172784	63.760875	53.103129
83.319836	69.411640	64.453098	51.122947
84.733766	68.784836	62.041056	52.631522
83.930805	68.543646	61.892353	51.312829
84.156024	68.803047	64.170937	53.635302
86.596040	69.946365	63.660864	52.140553
84.457382	69.337328	64.675902	53.061967
86.197498	69.265674	64.554932	52.264219
85.630366	69.902176	64.238035	52.128091
84.967168	69.532729	65.058132	50.944125
85.983366	67.794560	65.499321	52.945764
88.712359	69.104887	64.398054	51.727786
88.391003	70.039557	63.333393	52.078575
88.880246	70.585699	64.780038	52.524824
89.757493	71.218098	64.168641	51.296920
88.503699	68.362670	64.023478	53.279628
93.208924	69.762525	63.418739	51.607047
90.171835	69.233806	63.726608	52.628612
90.738523	69.490077	63.821710	52.417020
90.878886	70.889028	63.933749	53.045753
90.949423	69.596831	63.860678	52.243196
91.028297	69.970014	64.257233	52.938638
90.771754	69.289866	62.669345	51.698493
92.002556	68.339073	63.451736	51.809229
92.361653	69.369651	61.886073	51.748688
92.805538	70.998910	63.194214	51.884709
92.939849	72.231462	64.352485	51.538602
93.672079	72.768450	64.772729	52.025454
92.235811	71.944162	63.991690	52.271717
94.762240	73.329612	63.021866	52.313767
94.905272	72.961683	63.063031	52.180902
92.503941	74.300012	63.611289	50.672884
94.038414	71.936450	64.107038	52.732111
95.513018	73.078549	64.602705	52.153822
95.722525	72.655894	64.332900	52.765087
94.124810	72.183040	65.976897	52.129587
94.062827	72.208656	64.885719	51.730740
95.870578	74.324744	64.883453	51.357088
97.370457	73.422656	63.592740	51.341911
98.094134	70.738906	62.657885	52.433730
98.174060	70.642863	63.505276	52.372763
99.262413	71.407493	64.345179	52.256785
100.292166	71.022858	64.229908	51.507776
100.536399	71.322668	63.367815	51.481874
99.863265	70.881456	63.419113	51.335888
101.649735	70.706532	63.580426	51.710554
103.718939	69.881855	63.713795	52.750837
103.719415	66.630628	63.174542	53.419140
105.625615	68.266694	63.996956	51.994704
107.166340	68.708118	64.534787	52.681747
106.904216	69.666170	63.698344	52.546192
106.107379	68.381567	65.121951	51.885021
107.453265	67.765990	64.350419	51.416030
106.866096	68.055787	65.234393	52.530048
109.359115	67.850795	63.233402	52.140277
111.238515	70.113362	63.693247	52.140391
111.144396	69.975699	64.067891	53.133224
111.046876	69.940974	65.058593	50.886327
113.119601	68.634668	64.674136	52.619379
113.081864	69.995612	64.564005	52.404040
116.405262	69.739545	63.409815	52.990965
115.880073	69.427193	63.299206	52.709560
118.150911	68.974796	64.289021	52.009595
121.136003	67.126336	64.489433	51.611157
121.248282	68.616300	63.184197	52.542973
121.283450	66.754558	63.435650	52.103474
122.827431	67.775468	64.008088	52.028057
125.054650	66.502858	64.401257	52.100701
125.269695	65.486894	62.595526	51.564697
127.806506	64.941291	63.964267	53.429951
128.889109	66.141598	64.177954	51.744258
129.849692	66.880077	63.323198	51.709483
130.114250	68.572400	63.523927	52.469435
130.678468	65.499025	65.397450	53.314745
131.322283	66.781526	62.933571	52.600254
132.643497	67.497926	62.111535	52.250290
133.146955	68.867426	62.379495	50.478621
135.790714	67.483526	63.108418	52.426995
136.662449	66.817705	64.243595	51.825557
136.832002	67.482008	64.924327	53.524711
139.038627	69.269949	61.560636	51.168332
140.848489	68.787412	63.092550	51.695933
140.337447	69.221231	65.411323	51.809790
139.449006	68.701288	66.424673	52.362965
144.693127	67.194554	61.815101	52.265002
145.106563	66.341202	63.021701	52.660911
145.027682	69.283084	63.323518	51.354133
145.344348	68.248521	63.952530	51.694584
148.089255	68.018121	63.678437	50.928132
148.495079	69.017891	64.092556	51.204913
148.872165	70.511703	65.296062	51.001711
149.068670	71.738429	64.727741	50.601911
152.560201	69.883657	63.202419	52.818296
152.451549	71.252157	63.867932	52.193092
153.271034	72.587246	63.012709	52.249962
153.384691	71.961672	62.750329	52.573604
154.783068	73.281473	63.366971	51.883731
156.032147	72.862873	62.162675	52.568203
157.060118	74.338630	62.444890	50.957613
160.676272	73.734072	62.862609	51.086851
158.898719	75.085617	64.142978	50.485589
162.053139	73.425854	61.836711	51.028930
161.869533	71.144240	63.767150	52.392839
163.225904	72.599255	63.360098	51.133043
165.361181	71.610886	62.210410	51.730630
166.614272	71.786701	63.167924	51.794235
166.874630	74.207484	63.077614	51.089788
169.407463	73.580882	62.520174	48.825888
167.000829	69.771633	62.897063	52.868236
167.162085	69.922189	63.393258	50.975050
170.184261	70.543382	63.453290	51.637481
170.268637	69.306038	65.093750	52.912254
170.261840	70.688961	64.143973	51.564339
168.999405	70.537009	64.126897	51.396529
172.212955	69.659773	63.145348	50.713296
172.710963	69.813203	64.653162	51.210808
171.906507	70.111462	63.379716	51.665197
171.708560	70.605974	63.109738	51.538364
174.251015	68.916085	63.274658	51.872705
175.319075	69.536678	63.654712	52.195013
175.410606	70.166678	63.780045	51.439431
176.096677	70.347525	63.900613	51.282871
176.024050	69.860433	62.982587	52.018296
175.918807	67.590065	63.195874	51.845494
176.470082	68.611845	62.682235	51.596738
176.137135	71.525978	63.720715	49.805493
178.700030	69.944646	63.388149	51.029299
177.669016	69.732459	64.251801	50.761082
179.987584	69.006853	63.772774	52.644515
178.030294	68.490790	63.955282	51.702900
180.754148	69.649353	63.928405	52.777976
180.048742	69.346552	63.433600	51.679648
180.720475	69.256720	64.030711	50.312949
182.023847	67.301889	60.863450	52.788840
182.176694	68.029212	64.146868	52.046549
182.616009	67.424041	62.886178	52.594673
184.937254	68.462201	63.095194	51.581185
182.797786	67.220892	64.156489	52.778595
182.429741	68.978385	64.308829	51.850575
180.616672	69.172504	64.835783	52.532532
181.860787	69.467673	64.272550	51.467094
186.059889	69.313410	63.028721	51.465543
183.390754	69.946388	63.358973	52.662166
186.481830	68.940964	62.971061	52.617819
186.274666	68.728529	62.344328	51.522912
186.066111	68.270458	65.312259	50.812236
186.071530	69.003243	64.007554	50.559587
185.893019	69.273077	63.643007	51.425513
188.595752	68.582722	62.158706	53.581348
187.861306	67.800822	62.571356	52.708377
187.802543	66.374050	62.353115	53.006560
189.652802	69.032489	60.952451	52.154432
188.911213	70.867899	63.961360	50.830882
189.522040	69.511830	66.073601	53.028129
188.677957	71.329506	60.560955	51.585232
187.502311	67.980956	64.273124	53.875485
189.249138	68.939377	63.542740	51.423289
189.926996	66.270741	64.927413	53.323139
192.123070	67.360772	62.927926	52.177787
191.166796	67.636391	64.525472	49.921616
191.028828	67.239838	65.238377	51.739079
193.024031	66.896631	62.663722	51.241421
192.626420	67.332846	63.550156	51.521680
193.945607	67.059082	62.718398	52.280839
191.641066	64.326198	66.625366	52.357105
193.375920	67.625527	63.706940	52.916694
192.749617	65.401242	64.125464	53.404060
193.316752	68.222122	63.552391	50.371163
194.650654	67.434072	63.221164	52.507404
194.957230	65.509726	62.354386	51.798143
193.394592	64.629564	63.938219	52.455574
192.371380	64.868690	63.784950	51.855935
193.192294	65.781260	64.209699	50.859439
194.705205	66.305465	62.843525	52.650868
193.430953	63.937372	62.424096	52.724266
192.124006	66.234693	64.053231	51.679783
193.236588	62.906563	64.880617	52.029232
193.398877	63.938782	64.002532	51.457834
193.303036	63.603558	62.292563	50.860507
191.134248	64.407468	62.441258	50.840487
190.899165	65.086379	64.266806	51.704045
190.056957	65.813172	64.608025	50.509279
190.366209	61.753505	64.163979	53.711778
189.431146	61.737332	63.490060	52.127232
187.603369	64.413129	62.801188	52.065535
186.274046	65.151525	64.065947	50.770673
189.197431	64.695237	63.176791	52.297790
188.059566	64.879702	63.616620	52.932346
186.439456	65.620103	62.763957	51.658973
187.057544	64.943258	63.228849	52.954236
185.499799	64.485695	64.181382	51.060023
185.639181	65.040886	63.335934	52.846754
186.056144	63.987388	63.306828	52.299377
186.203200	63.899594	63.134347	53.099054
187.164515	65.989456	63.135119	50.597070
186.500434	64.011584	63.471357	51.963953
185.020574	65.073376	63.369529	51.438697
182.034085	65.909602	63.336848	52.186051
180.879725	67.031723	64.587103	51.124956
180.064975	66.105140	63.512088	51.513415
182.981119	63.954653	62.718088	52.688336
182.405521	65.539142	63.645480	51.502456
181.706799	65.646351	63.448029	51.523024
181.572793	66.071693	64.808827	52.916142
184.696145	64.088876	61.514212	53.065534
182.756791	64.094331	63.682188	52.894511
182.260221	65.466820	62.327056	50.844890
182.217176	65.452245	63.125593	49.982991
180.961645	65.121590	63.742138	51.164969
180.588469	61.874659	64.264528	52.483169
178.184602	61.702990	63.348754	53.363755
180.045970	64.300609	64.039323	50.867335
178.443046	66.511989	66.411119	50.616624
179.627766	67.507630	62.746176	49.726669
180.139881	65.656740	62.564240	51.226287
181.588330	64.718034	63.001361	50.951055
179.670139	65.180765	63.792722	50.337068
179.752764	65.878068	62.219875	50.812104
177.645695	64.059081	62.300401	50.963668
175.238017	61.690472	63.957361	53.227037
176.708483	63.615783	64.945952	50.948370
177.407455	63.316191	63.659714	53.197056
177.957308	62.408180	64.261669	50.880890
179.635923	63.435564	62.700690	52.269387
178.664594	65.521975	64.644730	51.762972
179.689793	64.113600	64.971336	52.047387
179.107989	65.334964	64.033411	51.156964
178.283911	65.250385	63.668189	52.041174
175.429905	66.074848	63.766108	53.141472
176.865526	65.611968	62.453949	52.858213
177.283026	65.365955	63.354560	51.973955
176.896474	64.498712	62.662380	52.934547
177.515378	63.977950	63.763849	53.041943
178.727313	64.237850	64.042109	51.371687
178.225872	63.034874	64.052848	51.976451
179.875792	64.519713	63.324980	51.901120
177.920435	62.433987	64.377344	52.587287
176.727012	62.949196	64.582408	51.520165
178.893659	64.146629	63.317488	51.247203
177.936775	62.401374	61.893953	52.242984
176.632079	62.511199	63.691316	51.576793
177.215729	64.812075	63.052016	52.019993
177.341213	63.291435	65.353863	52.210043
178.673496	63.885682	63.972316	52.053356
177.440522	61.828947	64.424044	52.589764
176.856881	61.466806	65.147948	52.567177
180.093999	63.355254	62.340045	52.102898
178.332601	63.025764	63.103816	50.894527
177.668533	62.940875	63.162354	52.189708
178.591168	63.722367	64.041847	51.056591
179.955986	63.706520	64.382413	51.827380
179.378150	64.691256	63.738888	51.129919
177.948919	64.455986	64.781753	51.928391
179.539892	63.450295	65.077228	51.929302
180.710672	63.338477	63.184009	52.420458
179.499281	60.444645	63.236236	52.953922
177.758844	61.532246	64.900549	51.606082
180.603374	60.651745	63.615178	50.599021
179.781522	59.719822	63.672159	52.288614
181.515494	59.271317	64.436375	52.514603
179.908447	59.836436	63.936878	50.677657
181.498834	61.341409	64.015930	50.594298
179.218844	58.837871	64.371734	52.614602
178.979190	59.495034	63.273515	51.061172
179.768532	59.042963	63.271426	52.688396
179.953415	59.721328	61.835806	52.560500
177.248527	60.849617	63.997677	51.937808
178.812988	60.640684	64.465428	51.880751
182.040431	63.448208	62.485262	52.618437
180.831494	62.297511	65.273576	51.579762
180.949965	61.916251	64.171895	52.452772
181.036262	63.610029	62.975581	51.587739
180.472662	62.011244	63.531331	51.864551
180.480944	60.580545	63.473100	52.911818
181.083658	61.114674	63.947434	50.324300
182.944201	61.460365	61.848475	50.558552
183.050324	59.796014	63.681099	52.445983
180.855750	62.369261	62.586879	51.607379
180.583934	61.441044	65.078044	52.317812
182.886425	60.859070	62.674233	51.358900
182.610014	61.535464	63.567266	52.289864
182.369881	61.976815	64.200224	52.719732
181.241585	61.676257	64.221976	50.599435
181.985474	60.551175	63.001544	53.292589
183.866331	62.151060	61.681424	52.269228
185.013490	60.969008	64.674141	49.940452
184.529558	57.492160	62.724491	53.280369
182.780247	59.665318	65.411323	50.596320
181.263142	57.606328	62.135650	52.455430
181.639852	58.139318	63.029486	51.291549
181.865385	57.049299	64.170505	51.994033
184.226204	57.907842	63.068246	50.211906
183.143971	57.178463	62.861302	50.510082
182.051756	56.350453	63.357578	50.339685
184.919959	54.151682	62.472787	50.822338
187.033644	54.685854	62.091855	51.004381
184.295561	56.566900	64.267035	49.957335
184.809698	54.978851	62.217870	51.882483
182.712374	54.441664	61.952186	51.560976
182.104385	55.687513	64.450125	52.479272
182.589095	56.779601	62.804852	51.370513
183.863594	55.644711	61.759281	51.980069
184.162121	55.881219	63.406576	51.926577
180.925819	57.276043	64.091476	49.097708
182.507451	56.598893	64.420823	52.849045
183.366388	56.789916	64.299723	50.999490
182.449941	57.947404	64.333911	52.224876
182.316871	58.846410	63.828246	51.148410
182.185296	57.692818	61.075841	51.541978
181.362357	57.741182	62.205323	52.651274
180.652274	59.499859	63.850531	50.590549
181.653399	57.811465	63.213040	52.412665
182.205129	59.079360	62.413233	52.962048
181.664158	59.934929	66.169919	50.668588
182.863578	58.807564	61.487038	51.918222
181.551498	58.672639	63.545431	51.866069
180.743719	59.075482	62.903059	53.442312
179.695000	61.001317	62.916589	49.444966
180.393537	58.107694	63.245384	52.319728
181.572848	58.529012	63.748963	52.220496
180.100366	57.117242	64.042787	51.885246
179.362058	58.484386	65.550778	51.214365
180.681995	59.316559	63.064381	52.000423
180.259325	58.700993	63.955077	50.666242
178.247611	57.002722	64.365104	53.161294
181.601125	57.920958	62.939474	51.843306
181.034834	58.867569	65.080449	50.621230
180.910859	58.291437	63.736918	50.575022
182.763954	57.999520	61.848304	50.062405
178.975775	58.006294	64.405761	50.553101
178.813060	58.053957	63.051346	50.649223
178.583185	58.248397	63.530942	51.406902
180.853842	56.057711	61.745047	53.428901
179.520694	58.996678	62.088477	50.613365
180.919042	57.886175	62.155001	51.170038
179.133105	56.845483	64.219464	52.241778
177.996096	58.875001	65.215106	51.117753
178.721245	59.773321	63.748592	51.698877
178.534649	59.986576	62.844853	50.764384
178.971066	60.206853	63.043601	52.893925
180.688897	60.468149	63.170771	51.650317
180.569113	61.716184	62.509419	51.536502
179.320969	63.669488	64.402137	51.404273
179.986482	63.887840	63.841221	51.488225
179.288808	61.430318	63.190775	53.245304
178.712810	61.733289	62.004468	51.443574
177.889678	63.141477	62.860862	51.495222
178.223138	62.449961	63.984348	52.060283
176.268263	62.020095	65.349684	53.290909
178.916350	64.369527	62.180225	50.563407
178.758635	63.856601	64.172071	51.070920
180.723285	62.918961	62.764305	51.748739
177.932091	63.945179	65.172205	51.931548
178.255247	64.494438	64.388132	52.318103
179.922555	64.350258	65.293639	52.118419
178.556965	63.475164	64.346238	53.403223
178.982971	65.129993	64.151775	51.164848
177.315587	64.982502	64.953009	50.267220
178.694937	66.497520	62.430036	50.287051
177.698990	66.926786	63.728378	52.089783
179.820609	67.306524	63.746737	50.819872
180.248166	66.049426	61.917158	50.456641
180.673928	65.849379	60.478039	52.311067
177.004820	64.223993	65.552571	51.368041
177.630799	63.570275	62.453815	50.782500
178.639369	62.040053	62.558652	51.814463
176.649331	62.241217	63.349471	52.363459
178.959686	61.479042	63.494469	51.423570
178.716154	62.843771	64.496461	50.629967
178.028346	64.064437	63.907929	52.144730
177.856136	65.137157	63.373934	50.423545
177.683724	66.753931	64.102923	52.348987
178.182896	66.407671	64.482931	52.966297
177.512783	66.603579	63.360878	52.307260
178.223701	67.076525	63.436119	50.879547
178.288462	64.250583	64.462854	51.847236
177.653911	65.190101	64.669678	51.258375
177.440913	62.887098	63.120070	53.034042
178.266606	65.737920	64.143324	51.256229
180.077965	63.636352	63.003282	53.080737
178.753918	64.851391	63.459349	51.944344
178.515086	66.023699	63.818730	51.273746
177.203247	65.322851	64.527240	50.898198
178.847782	64.322078	61.739101	52.564554
177.097842	64.159803	63.616655	51.978581
177.165505	63.275540	62.841150	51.540291
181.460101	62.864626	62.413105	51.698473
182.399135	63.861683	62.960689	50.613251
181.639592	63.943560	62.717990	50.973177
180.320126	66.441774	64.678397	50.489888
179.664735	65.785235	63.278412	51.117981
179.274842	65.587952	63.428441	51.996131
177.933093	65.041650	65.084336	51.648460
179.778849	64.282561	63.882100	52.107396
181.856945	66.319633	62.679043	50.327109
181.145373	66.481952	63.803295	51.392518
182.742656	64.057932	63.234880	53.250561
183.417914	65.047144	63.355141	51.989196
182.472033	63.041296	63.904806	53.110679
180.787281	66.029059	63.559360	51.249534
181.941490	65.315466	64.256213	53.082027
182.726106	64.414520	63.812823	51.624235
182.982111	64.410578	63.070709	51.468332
184.541348	63.525792	62.834927	51.618225
184.222349	65.103889	63.377349	50.882430
183.302336	65.389555	65.842581	50.935138
184.149166	63.706662	64.230307	52.958752
184.533418	63.671235	62.438219	51.574990
185.084881	64.121253	64.001274	51.753956
184.498340	63.001078	63.569553	52.354582
187.252719	63.217259	62.481110	52.420960
186.091026	63.273808	65.495796	52.099842
184.287615	60.661903	65.703527	52.300001
185.901136	62.017163	65.892203	51.031075
185.700293	63.606094	64.327631	50.050260
184.844688	62.891568	62.980708	51.573663
185.916857	60.786508	63.762152	52.631138
187.045502	61.513616	62.883946	51.826688
186.410175	63.146034	65.454062	51.621136
187.954760	62.958291	63.726381	51.196347
189.098370	63.176015	63.792489	51.726067
188.607753	63.119892	64.701762	51.448297
188.487636	62.111335	64.456222	53.331700
186.904934	63.743201	65.201875	51.682890
190.275281	63.569870	62.982789	51.049582
191.754550	61.782515	63.024248	52.694413
192.175976	64.277725	62.830201	51.625954
188.371080	65.259568	64.809752	51.337301
188.874241	64.446847	64.042663	51.757296
192.078846	65.053998	64.383309	52.376577
190.679595	65.572787	64.125955	53.309246
190.337690	65.596494	63.012983	51.935530
193.010986	67.050676	62.925315	51.278267
192.279457	66.949524	63.225452	51.278405
193.205899	64.811221	62.353650	52.091118
191.773897	64.530345	62.074924	52.225759
194.540834	65.558476	63.770841	51.371813
196.310006	65.772258	64.454167	52.364267
195.803599	67.775296	63.679588	51.220281
194.069090	67.343419	64.114701	51.318378
193.899332	66.958498	63.212064	51.881856
195.318807	68.661446	63.757310	51.044188
196.067204	67.549509	63.633765	51.361243
194.027106	68.209943	63.865680	51.167387
198.025426	68.683460	63.531180	50.976528
199.201669	68.462165	64.388372	51.125633
196.314697	66.476938	62.851624	52.181690
197.064573	65.705757	63.908546	51.917430
198.838113	66.333789	65.201130	52.019075
199.096995	66.351157	63.575787	52.312855
200.949587	67.458496	62.712947	51.872733
201.699107	67.706389	61.984266	51.753727
202.151009	67.885354	65.359437	52.183917
203.247199	67.790126	62.599054	52.102006
