70.000000	51.000000	107.000000	87.000000
70.532600	49.660998	105.820061	88.870299
68.661941	51.286917	105.443723	86.510776
67.967958	51.821275	108.472637	85.700776
69.035490	50.579286	105.595118	87.450849
70.985211	52.756382	105.724916	85.695502
67.178998	51.178511	108.372837	86.395232
68.899306	51.934554	103.524849	87.151875
64.889831	53.468789	108.950754	85.445789
67.305137	52.322551	106.415489	89.296574
67.651850	49.260514	107.696716	87.762368
66.098294	51.247409	104.695724	85.413072
62.883693	52.349292	108.718658	86.393736
64.472587	50.042733	106.389193	87.466612
64.059897	53.025602	106.003647	86.992407
65.056560	51.791082	107.392597	86.437305
64.414367	49.344435	108.934675	87.434775
62.145509	51.550314	107.483218	86.637692
63.600421	51.358799	105.618431	87.827517
61.254913	51.816566	105.998467	85.880576
62.426790	49.352486	105.979783	88.004978
62.407870	51.053707	106.442309	86.415601
58.585217	50.776279	107.347167	87.031916
59.591110	50.219213	107.388810	86.674659
59.233781	51.231541	106.872985	86.505317
58.771026	51.621628	106.799463	89.010476
59.207969	50.398105	107.095135	86.238767
59.376255	51.705137	107.171405	84.562553
56.190712	51.997378	110.411917	86.806326
58.011129	52.829037	107.499570	85.770927
58.461576	47.877947	105.989244	86.914927
61.163995	48.308262	105.754786	87.124887
59.987890	48.994574	107.398586	87.992517
58.826727	50.526970	107.999397	87.115110
60.004916	51.312240	105.951015	87.850309
58.398299	49.582665	108.792763	87.388164
54.626442	50.696398	108.320322	85.532337
56.614838	50.105750	104.327366	86.222930
57.074260	48.939359	106.966974	86.888187
59.441244	49.794214	104.777651	85.488204
61.086289	51.892109	105.589838	86.264027
62.101517	51.380080	107.572438	84.880191
60.616195	47.521898	108.718581	87.918631
57.163261	50.007834	109.602098	87.011731
59.922221	47.869251	105.887578	88.997350
60.924568	52.224473	106.454571	87.174598
60.311692	52.817345	104.052840	83.534175
59.973088	50.627364	104.823657	86.432594
58.131643	51.174645	108.733087	85.376307
62.979043	47.791419	103.656191	89.860625
65.480726	53.025089	107.082895	82.472372
62.604462	50.015712	108.415223	87.960357
60.471194	52.207073	106.571874	84.071838
59.677950	53.447039	106.262085	87.033624
58.753371	52.883840	105.996610	89.147204
65.702600	58.167356	102.703619	82.827287
61.493833	54.698541	110.181545	84.589743
61.108843	51.382434	104.317730	87.301790
62.742037	52.808197	110.607044	87.970352
63.737231	51.732754	108.673846	88.892517
64.832783	54.463374	107.939506	87.505780
61.814185	54.319032	106.393035	84.600747
63.020782	53.681148	106.463521	86.681328
64.158285	54.499875	105.070231	86.553700
65.503657	53.161955	103.973836	87.261896
65.254789	54.903758	107.152623	85.915698
65.371260	52.606955	106.464609	84.979406
62.994374	49.478700	103.516055	89.830296
61.867768	51.736807	106.902538	86.830641
63.248327	51.199021	108.078547	86.323658
61.188910	51.095393	111.832256	88.149263
65.518379	49.987279	106.747103	88.474067
63.196823	53.592577	111.626375	84.306486
64.739657	49.347291	107.439308	85.911257
62.338941	48.154917	107.959664	86.998769
62.173374	47.634673	108.715424	87.151673
60.794684	49.931138	105.033149	84.726878
60.596581	49.148258	106.287734	86.789540
59.406099	51.602768	109.168957	84.008408
59.202071	50.894116	108.638783	86.268099
62.787535	53.225772	105.327771	86.341641
60.012746	52.046695	105.912914	85.487673
60.052404	50.361209	106.245139	88.826768
61.344238	52.714302	105.516405	85.925266
61.561377	49.225489	105.888334	88.250929
58.139917	50.278434	110.857494	86.885102
53.324265	51.907752	110.225759	87.182563
57.581102	50.935996	108.460817	88.750291
60.908724	53.899743	108.097583	85.428969
61.088171	55.500003	106.700235	84.733479
61.052260	55.632049	105.885432	83.324252
61.695595	51.513115	107.506964	87.185951
63.479077	55.596828	106.399003	84.604723
63.260483	51.428736	103.131013	88.635640
60.916051	51.271858	108.252370	86.553594
61.804431	52.685293	107.330530	86.072582
61.059166	51.590440	107.589801	86.416386
60.773881	53.959858	106.167115	83.858864
62.062142	52.643752	106.556185	85.896410
71.161112	54.347015	103.504120	83.741127
63.914936	47.314420	109.556228	91.593640
64.978654	52.639433	106.594449	85.282380
62.950289	53.797785	107.277422	86.233505
64.138247	53.495734	105.208610	83.852580
62.555112	47.945694	106.845305	87.413059
64.438144	49.692146	105.482133	86.449525
63.868880	48.589831	107.178553	85.810623
67.119540	48.976774	107.069772	87.189321
63.763393	51.488504	106.265097	82.295535
66.707861	49.308043	105.921620	84.351089
67.232826	51.596087	107.267753	83.702422
67.870319	49.622711	104.797010	86.266282
68.824729	50.519916	106.604659	87.900523
69.263436	51.693773	105.208663	84.088685
68.801816	51.633237	103.072328	85.272744
66.552080	54.554542	105.752100	82.818788
67.617351	51.139234	109.496284	87.927378
68.404029	56.444952	107.367355	86.109334
71.057324	56.217456	101.363312	83.556474
74.093094	52.944408	105.645470	88.158441
71.343037	52.530244	104.442017	90.429833
68.546444	57.404389	104.236283	85.007378
73.300628	56.912983	105.143555	86.023899
71.142247	55.499819	106.747932	85.270482
70.943219	55.381538	105.107828	86.328945
71.181729	54.532212	105.623509	85.198961
69.765349	53.642235	105.607460	85.075527
73.687188	54.937776	103.984860	85.818185
71.792871	57.874855	104.404240	86.615596
70.016886	61.085357	108.194996	82.746954
71.441125	58.296435	108.945870	86.194437
71.732063	58.957094	106.652366	84.862628
69.219869	56.739971	106.479546	87.992929
73.410265	58.112843	110.851217	83.468916
79.355089	58.624017	104.300717	81.891257
71.597424	54.996137	111.044483	84.810543
76.031587	54.093126	100.229232	87.113718
74.246362	53.879418	106.054152	84.092567
75.427590	53.249869	109.470655	85.574143
79.080072	52.192983	103.363912	84.904425
77.927661	51.403702	104.225320	85.361535
78.050072	52.095485	103.083297	84.379109
76.094407	49.070326	106.190050	84.652697
76.265621	48.622813	106.974174	85.197470
83.632216	47.113702	100.988819	86.155699
80.546486	49.570194	103.498037	84.054676
80.100290	49.252094	103.456484	81.989963
77.222083	45.777102	105.917793	82.010893
78.245463	44.077663	108.401577	85.314823
87.180567	49.028776	101.435264	82.834531
89.518555	45.971351	98.171289	88.816981
78.713601	44.269811	109.060127	81.990670
86.898147	46.629962	100.531219	84.308973
88.865243	46.546052	100.375918	89.506976
81.983416	52.950186	103.825480	79.988657
86.393753	52.403655	102.771143	79.500307
86.752273	47.865826	94.778968	82.244191
88.822398	51.245180	105.695354	80.130400
92.674009	49.976390	99.008245	86.131155
90.709811	50.321780	102.700388	84.341610
93.916945	47.638246	101.041151	83.348190
92.287038	51.414247	96.322975	83.011671
89.048041	51.036053	108.368839	85.542891
98.086434	49.371710	97.203526	83.769781
87.141649	52.295448	100.986140	80.892583
91.378022	50.273838	102.117957	86.499956
100.641389	49.271362	97.463889	82.172126
96.787278	53.688158	96.205516	80.679288
89.990720	50.096778	99.916278	85.018394
89.265517	54.033650	110.919975	80.153923
90.622520	54.752466	103.045832	81.430086
97.847236	57.822871	97.728269	75.378794
100.111232	54.500204	92.487878	82.862110
99.983078	59.271443	100.612012	76.937008
97.092702	62.323370	96.126875	75.974593
93.321472	53.449948	101.189692	78.316773
101.517563	51.743492	102.010862	83.310731
88.516285	48.789875	106.192279	80.423801
90.238968	51.445589	109.749240	83.834213
94.911520	51.159529	109.867258	85.697548
100.390340	48.602446	105.662143	87.253207
99.279362	48.490687	102.347080	86.420205
96.533587	49.469310	107.397778	86.664870
95.135500	52.715570	107.417081	85.961258
100.557339	49.779672	104.995767	85.489531
105.973814	54.095471	101.336039	81.495578
99.670098	48.707864	105.573210	85.833762
108.441136	50.954321	97.674131	87.196828
104.189503	51.559958	104.350743	84.754385
107.702077	57.747564	101.780739	80.802290
110.746635	49.989191	99.861536	89.442165
110.610057	51.870234	103.008691	84.621682
112.508280	50.611027	101.854652	90.062624
115.734286	50.381681	104.118087	87.188078
115.339710	52.496648	99.973168	89.170490
121.574065	50.958550	87.703393	92.864295
119.003172	53.062317	96.954085	89.290597
116.556441	52.985285	98.788538	86.534709
119.336375	56.046226	96.568281	81.700890
121.428225	54.297473	97.417408	82.277108
120.981656	54.612826	95.506324	96.824428
123.899371	56.816504	99.816640	86.842070
118.450199	54.502609	107.346332	88.617756
117.187430	55.852663	106.146875	88.523384
118.230666	56.841043	104.670698	88.585589
117.871743	54.046756	106.897450	87.495010
121.606737	60.100014	103.484012	86.050903
118.110017	59.131969	107.665951	86.204522
126.102492	59.308089	102.610857	84.591247
122.087390	57.967097	107.475684	86.101516
124.481251	57.127186	102.733937	85.260833
125.242242	57.857921	104.108348	83.360347
128.076445	58.271263	97.380533	81.627330
129.620199	55.207284	102.982651	86.090390
131.216612	55.759783	105.648156	85.563222
129.281304	58.276510	103.502392	87.037428
128.540414	59.183688	103.108124	84.596604
131.786040	56.390303	100.706151	88.950399
134.431392	61.722735	102.094659	82.263390
133.311343	57.321363	102.170835	86.407398
132.218501	55.538313	103.413091	83.585031
136.570346	57.239005	101.316560	83.025898
138.153580	60.075584	101.231627	84.890487
138.252319	54.233429	101.767849	87.031182
137.452087	58.938958	104.150157	85.517027
136.813848	56.632756	103.405820	84.878768
141.924417	60.159120	97.124986	82.370663
140.471060	59.040364	97.487557	86.139809
139.078885	57.693561	102.470891	84.181899
145.352901	54.017608	97.770359	79.264165
144.811492	54.383404	101.220063	77.766958
146.079986	54.565688	92.804972	80.119913
134.396567	55.750077	106.418210	84.094056
136.433545	51.319006	99.084283	83.805176
139.741631	53.367817	99.037772	83.958162
137.933703	55.181942	104.623790	83.474334
139.408237	52.933709	96.808647	85.549931
142.137408	55.520661	100.330300	82.407619
142.264447	51.792514	97.976944	84.100206
144.764286	58.011129	100.684586	79.929741
139.185313	57.261787	106.062334	85.860329
139.718567	57.066563	104.825609	82.691757
144.680976	58.829052	101.435286	83.565612
142.757824	57.167479	103.466251	82.989781
145.580439	56.091162	102.951313	83.729058
150.345525	55.037587	101.462583	85.710305
153.312964	55.659927	92.211285	80.719954
155.022253	59.501662	94.718248	87.865158
157.369978	56.812395	90.707446	77.636790
146.800757	56.475459	99.619518	78.109033
149.965187	49.605173	100.946754	78.728311
157.021431	51.192724	97.871227	79.098552
149.994826	56.222207	102.314290	79.067517
153.673748	50.649953	99.226994	85.308681
152.668863	50.993586	102.679917	80.058962
154.485127	47.090083	94.856607	81.252588
152.887817	45.574555	101.637363	85.224967
151.608753	45.458227	103.618426	87.436255
155.830551	46.500791	102.987318	84.522006
158.271824	46.649353	99.691999	84.142126
152.916640	45.438370	101.084484	84.013178
155.931810	48.198857	99.502187	81.962302
150.111720	40.934101	106.280002	88.537348
157.301243	49.653760	100.827945	79.428703
158.133478	46.806716	101.867469	87.029306
162.871819	51.820478	105.394842	80.236416
162.991505	50.705397	101.206780	83.561871
162.384879	48.011503	97.729519	83.535843
163.903585	51.600603	103.282946	81.552242
170.161629	52.645481	100.112948	83.047687
165.166016	51.235542	102.588864	78.123860
161.076629	51.880989	106.893944	84.189875
163.736961	52.525046	99.216570	82.635657
164.562935	51.402845	101.648631	83.144633
163.149617	49.846551	103.306596	82.612732
167.654280	49.314434	98.286661	80.861148
159.110209	48.114111	105.922196	85.042644
164.656803	49.015945	102.798113	82.638640
168.911168	49.791991	103.801126	84.992991
170.298616	50.077188	105.432332	82.439969
166.534353	50.492990	103.695568	79.041040
169.409791	48.801263	102.421946	79.901864
166.829755	52.613722	101.436976	82.491782
172.258288	55.012812	101.333311	79.538197
173.967809	55.781358	101.999360	79.946750
173.680523	50.406625	98.107904	86.001283
173.528851	51.414465	98.985122	86.658914
170.016427	48.940730	98.578218	84.304774
181.447164	54.321692	87.089490	84.585346
178.126461	55.271746	100.075960	76.531597
174.191810	51.404115	94.619500	81.694038
170.417603	53.890067	100.892738	81.872592
170.643036	51.543914	101.532047	82.258061
169.962530	48.795047	101.259174	87.828887
173.495233	53.604452	101.472037	82.528886
174.231544	55.582596	103.254401	84.184230
184.882950	58.657192	91.067757	86.856012
178.646677	54.294149	94.878903	82.194533
176.952386	54.870694	103.721543	80.422913
175.412317	55.444101	105.967486	87.584027
169.187626	47.603351	102.394357	83.873106
171.635324	50.350281	103.319445	79.824177
176.988907	53.440240	106.146870	82.825086
184.975728	54.135422	100.579304	83.560947
187.670067	64.132557	92.074524	77.477515
187.454121	53.439951	99.845676	84.779934
178.729686	48.976762	106.286465	86.510584
170.269563	47.102375	110.938959	85.633721
172.555483	49.496515	106.655700	88.354873
174.042325	51.074921	109.016195	87.507004
173.837786	51.232125	105.937333	87.398438
174.262280	50.849689	106.448874	86.485255
181.353200	54.102448	105.358519	87.411731
181.213794	54.188224	105.066792	87.103832
179.691248	54.454690	104.628011	86.205510
180.151557	51.657878	106.265262	85.989240
176.996022	52.929214	106.496224	86.337792
181.886755	51.789906	106.096307	86.641196
183.154067	54.826138	107.557923	86.317773
181.735779	53.823051	106.212707	86.011114
183.130047	52.508857	106.630271	86.771014
184.956542	51.448367	108.281612	85.025424
182.964812	53.386824	106.916269	87.593181
182.475711	52.515975	106.333905	85.736763
182.677054	51.238508	104.709450	87.359150
185.216210	50.496395	104.916007	88.263690
185.940671	50.954578	107.977630	88.167717
186.181997	51.699435	106.134521	87.414328
189.631558	53.408035	104.096165	87.258884
189.111104	51.982139	105.301229	89.791416
186.145724	51.630428	106.283978	87.286370
186.105316	53.660204	106.736940	86.828767
185.062801	55.544361	108.784909	87.194444
186.867481	53.446327	107.995448	86.344577
184.949465	51.765054	106.304414	87.436815
186.250793	50.646509	104.310935	87.893541
185.267780	52.618155	108.365817	85.769092
186.008368	52.199938	107.421610	86.099395
186.977125	54.630737	107.233806	88.011071
187.536324	54.626833	108.371613	85.881179
189.466835	55.145738	105.528976	87.038213
187.296306	51.634478	107.530351	88.625215
190.764534	54.916759	105.171823	84.677562
191.826904	52.692820	105.741372	85.818639
193.077538	51.237907	104.307883	87.927779
190.446641	50.278194	108.144682	89.737626
191.295631	51.065168	108.397513	86.891850
189.974597	50.589825	108.253481	86.658760
193.120689	55.702838	105.583300	86.880691
189.648717	59.186106	106.314466	88.203647
187.601156	61.440394	107.699791	87.918081
190.106343	60.081420	108.437618	86.213087
191.124691	62.712580	107.820622	83.620161
191.373997	59.922194	109.814654	87.681361
192.235632	56.255352	106.299446	87.664221
193.278597	50.878116	106.492616	88.379091
196.600725	47.295646	106.371619	87.093713
195.003013	44.325934	107.937899	86.143117
192.664122	39.364483	106.365284	89.950945
196.350376	40.173126	104.297950	88.032517
198.350727	41.019204	105.934892	87.335360
200.617677	46.603851	105.427423	87.310179
196.081218	45.798151	106.981002	89.218268
196.004358	49.785607	109.437111	86.719157
198.157853	50.465928	106.244618	87.177232
194.599710	53.076860	107.131089	88.529792
201.160366	53.198407	104.097394	86.704254
197.840466	53.199572	105.660300	87.762878
195.994681	52.566420	106.634815	86.657869
199.314205	55.789241	107.973533	87.966518
197.106844	53.529491	106.468475	88.563741
195.963807	52.332842	106.354400	87.524288
198.321548	49.582962	107.639098	88.444318
199.674445	51.822344	104.611175	87.032174
201.459803	54.044722	108.648920	87.422610
201.484786	53.663034	107.750525	86.921147
198.674691	51.441285	108.080375	87.238184
200.419280	46.273488	106.473453	86.642958
202.431144	51.863629	107.832057	84.198101
199.656978	49.103925	108.775952	87.978307
200.237701	50.619950	106.856269	84.823813
202.251369	53.829350	107.851819	85.174699
202.417964	51.950620	110.090833	88.983365
203.366766	52.262808	105.770611	88.214094
203.971543	52.309362	108.697555	88.561351
203.139288	57.039375	106.081824	87.133769
202.912519	56.329358	109.073979	87.329784
204.270134	56.385796	107.053846	87.330410
203.294576	58.298671	106.751491	84.823884
202.385405	60.059455	109.320843	87.094296
202.556134	59.245812	108.031988	86.410434
200.306165	57.463822	108.359609	87.660011
205.634213	58.440032	105.558077	84.751708
208.583694	54.478485	106.824623	86.285952
206.445953	54.263482	107.290321	87.575489
204.115861	54.454071	106.991498	85.855361
200.574494	54.432249	107.436701	87.229842
200.261426	54.571739	107.296338	88.168437
199.381506	55.643074	105.638003	88.427649
204.474033	61.015694	105.386910	86.440541
199.206231	59.051747	106.222036	87.151486
199.754167	53.952458	105.380729	87.974732
200.729526	54.249019	105.509157	86.459404
199.386195	53.370302	104.899656	83.966654
200.593992	52.717364	108.664501	87.458446
199.717105	50.663574	107.729001	87.054153
202.294055	50.450409	107.156963	85.829469
201.651072	49.481892	108.361601	88.448902
202.062874	51.032568	106.091838	84.966565
202.353691	48.978387	104.987149	86.369352
201.785291	51.816176	107.026682	85.303306
201.381594	52.583496	105.528168	87.131500
201.199547	54.580503	107.360470	85.378931
199.204944	52.036543	105.894155	85.853251
201.950087	54.560191	107.437972	88.617451
203.494924	56.862077	105.417665	85.016639
202.305148	51.701976	107.611688	87.744918
196.573368	54.326123	108.234705	86.813312
200.623592	52.185043	104.150532	87.209010
201.436115	51.211083	105.941705	85.768332
198.983182	54.365097	105.490450	85.172063
193.956794	50.595101	108.440726	87.384769
198.777655	49.930198	104.790779	87.738430
197.126625	53.876100	106.480258	86.794283
197.588241	55.190345	106.572722	84.977712
195.845819	53.640272	108.401533	85.564623
196.504887	52.166641	105.485071	86.669256
195.816371	52.829343	107.948302	87.902343
196.888600	52.285940	103.841917	88.359765
195.467382	53.154414	106.359128	87.104480
198.297809	54.215193	106.146736	86.430836
197.498133	53.698106	106.697218	83.606598
200.677026	54.570348	106.598157	85.584937
196.961341	53.736266	108.230876	87.243457
197.554542	54.623856	104.777832	85.485976
195.689598	53.950638	109.056282	85.612442
196.274316	55.102517	104.208874	85.683733
194.004516	51.751981	105.912350	86.298177
193.521298	53.442056	105.864449	86.460963
191.933571	53.027123	107.631883	87.259204
192.672080	54.153927	104.901625	86.255056
183.366717	52.855889	108.237941	86.016410
184.941541	53.147174	106.682928	83.468640
186.091988	50.952763	104.554465	85.971045
189.328531	52.399605	104.582879	85.827029
190.208851	53.358839	107.043315	85.763350
186.263480	54.445295	107.929241	85.884305
188.585687	54.573469	106.459038	86.840756
190.940403	55.247332	109.358859	85.859846
188.317525	55.260507	108.423354	87.872560
187.390124	52.367124	108.632912	86.472483
186.288958	51.457403	105.036606	87.307920
184.472278	51.825728	104.427908	88.889288
182.197348	50.598750	107.730284	85.215100
183.889262	52.711425	108.592804	86.250692
186.996198	53.671879	105.930335	86.047664
183.977755	52.511379	106.652799	87.414864
183.235066	49.153959	107.004575	87.053739
184.869909	51.220238	107.952913	87.576417
182.598875	49.312462	107.581273	86.729812
180.563528	48.353052	107.373351	86.962613
185.161628	48.872690	105.828136	88.487074
186.348361	52.409896	105.428940	87.604669
183.479547	49.836871	107.799067	88.487431
186.324823	51.483998	106.419559	89.520012
183.271567	50.645644	109.307009	87.466988
185.724884	54.079152	105.781275	85.901154
179.937836	50.538560	107.018224	87.309590
177.880907	52.465506	110.310200	86.877201
181.830307	51.552966	106.560452	86.742693
179.258828	48.240726	110.685444	88.583988
176.212044	48.073126	109.241166	87.275114
180.978993	49.467940	107.621686	87.089503
181.624982	50.973488	106.377814	85.811704
179.007612	51.114564	105.612519	87.101550
178.492733	51.946185	107.818661	86.128546
182.332399	51.409723	108.759852	88.590188
181.011772	53.146401	107.552480	86.028019
180.952554	51.458687	107.365727	88.717398
183.815098	53.173844	106.064959	86.033390
183.421800	52.576049	105.783721	87.865648
182.330701	52.329227	106.161849	85.483990
179.129271	54.398482	106.774302	84.927917
181.233086	52.009911	105.399613	86.315782
184.824005	52.563906	105.575020	87.481449
186.340551	56.703095	109.350093	84.637335
185.338468	53.620295	105.310189	85.726910
180.706172	53.546524	107.147529	83.606454
177.123452	51.270501	108.891705	86.149722
181.197705	48.846574	108.668522	87.565340
179.836618	49.798505	107.684489	87.900175
174.799314	48.711179	109.410815	87.447285
179.394718	52.599818	104.403054	86.071673
179.328677	52.420461	110.730782	85.977915
179.565459	52.374482	103.785667	85.379631
175.195086	51.832895	106.403280	86.466103
176.454179	52.340418	108.992953	87.326260
179.328959	54.124916	106.579858	86.049398
180.351999	52.541021	105.814500	87.755771
179.931466	53.539042	106.532436	85.625705
181.104503	53.489789	106.485674	86.338011
181.203714	54.580195	107.060732	86.761575
178.853142	51.647760	106.858548	87.184146
179.216529	50.261957	104.726180	88.407188
177.352491	53.013488	107.266053	84.547845
176.537289	53.325412	107.824928	87.182471
177.378159	53.255212	103.827076	86.217219
175.808608	49.741243	108.223312	87.105261
173.358225	48.275123	107.617097	84.994840
177.875994	49.531182	106.914401	87.673387
175.247342	50.474955	108.871476	86.946564
177.986705	49.138706	104.884122	86.137150
176.259421	50.155682	107.189348	87.881232
174.812196	50.862977	109.370536	85.020864
173.941752	47.539481	106.390108	88.410340
176.750447	45.861889	105.162796	87.814392
171.581347	48.107236	108.580808	87.070068
176.018728	50.812912	106.301322	86.239357
176.140691	50.521809	109.320710	86.281285
172.452184	49.598474	108.176412	84.840247
178.113687	50.237561	107.762734	86.551509
176.365798	51.712765	107.201685	87.151941
173.305982	51.163324	107.727043	86.533388
173.949207	48.418210	106.780663	87.976802
177.888534	46.393811	107.840600	89.331494
179.145530	51.210606	106.513508	86.058050
177.679530	49.014235	108.012474	86.160971
178.650639	48.857234	106.580039	87.730920
179.000119	51.424912	108.675258	87.036812
179.388442	50.979795	106.404786	85.804244
177.416160	50.279442	105.097875	86.529640
177.949744	52.283589	105.561135	84.412176
173.294062	49.451049	105.602934	90.045356
172.007928	52.302369	107.122259	85.909734
175.823761	51.670983	105.844929	85.336221
182.010927	50.047187	105.277710	87.407006
179.228825	51.167909	107.857422	87.013119
179.989267	51.468560	104.359390	87.664261
173.577379	54.903237	107.995839	85.727570
176.747034	52.426808	105.645782	88.361938
177.875489	52.993171	107.059821	87.097358
177.452891	53.576840	106.472477	87.907734
175.438598	52.508479	110.005721	86.360530
176.217892	53.136432	108.640347	87.398864
176.250583	52.140386	107.113930	87.934185
179.644245	51.913758	106.634809	86.516723
177.322069	51.540350	108.556799	86.427283
177.823718	55.109636	107.680573	86.816325
176.267974	53.628346	108.131239	86.126093
178.493932	55.552913	108.037130	84.406720
179.519371	52.710860	106.250622	88.090609
179.829097	51.680682	106.941826	85.439714
174.585969	50.727033	107.992383	87.291227
177.854737	50.851625	107.975955	86.252822
183.536524	54.387463	108.298791	86.680391
180.241522	52.825632	106.340530	85.315912
175.237244	52.867478	109.761458	86.846814
175.892129	52.302576	105.593503	87.176945
182.135744	54.021613	107.153170	85.280966
182.818712	53.928323	109.609517	86.372528
184.331744	50.917554	105.458554	87.668823
182.747318	52.417307	106.687586	87.391691
187.552276	53.483867	105.629667	83.165479
187.043528	50.943561	106.982744	88.813828
183.431527	52.909323	108.424919	86.453684
185.440663	52.296187	108.209275	84.994561
185.776980	51.760742	108.420456	86.358780
187.854684	52.953610	107.607082	84.998407
189.826728	52.119350	106.129269	85.807271
183.989957	50.114739	108.143507	87.054089
186.460707	55.603987	108.176073	83.703948
187.051564	51.219449	105.132527	86.550834
188.570928	50.891270	105.750033	87.772804
189.090965	52.893909	105.489800	86.196221
190.439942	51.678903	105.610323	87.399261
193.840811	54.164357	108.232578	86.743291
190.406169	51.754269	110.629913	85.824820
191.432197	53.159730	107.154514	88.422389
192.466106	53.710665	107.878740	86.717894
197.446933	52.766114	107.040018	88.372339
196.167258	51.329507	104.382135	89.715742
196.129581	50.023265	106.838521	88.328648
199.294510	52.682342	105.794556	84.963503
195.001627	53.494296	108.710157	86.006911
197.321247	57.746053	106.464614	84.003194
197.097628	58.891430	109.648462	85.915606
200.766434	56.448104	106.260777	87.376217
200.234733	55.720546	106.699401	86.296715
204.606444	55.591892	104.893848	86.655663
203.167722	55.049901	106.783595	88.328898
206.226385	54.772742	110.410441	90.617750
206.159532	55.069358	106.474059	86.169632
204.851413	56.944870	108.267025	86.511664
206.979859	56.203478	106.044743	85.201274
208.646001	55.865601	107.290905	84.569390
206.909694	54.566595	107.324077	85.928038
204.805101	54.858533	106.844058	87.281795
210.747912	56.771606	105.323232	87.719546
208.787709	58.677562	109.250468	85.690867
211.179129	58.848538	110.293664	86.142155
211.464750	58.513956	106.911556	87.447539
211.915138	58.011121	109.194726	86.544031
215.576250	56.383826	106.572843	87.246267
217.209619	56.547787	105.795493	87.206126
215.931718	54.652059	106.604054	87.518691
216.453553	57.086747	107.108097	85.601468
218.912983	56.456876	107.371873	85.185056
222.846768	57.038357	105.432728	87.586226
223.632003	56.748951	105.714800	86.473007
224.702305	52.529468	105.733550	87.324421
224.323518	53.282375	108.278226	86.473425
225.811074	53.029260	105.524127	87.243370
223.640100	53.405866	105.614746	86.471509
227.375661	53.630799	107.029358	86.900956
228.308452	51.610467	105.942983	88.721885
228.141202	52.402023	108.224948	87.393632
229.848293	53.125692	106.825006	86.387643
230.563886	53.703109	105.770685	88.673955
228.758325	58.283671	108.961107	85.158146
231.161838	56.088908	106.878491	87.769076
232.867202	54.796248	109.306834	85.802616
234.823674	54.703489	107.118086	86.241703
237.145116	53.811419	108.058849	89.682067
238.900555	55.424201	105.148506	88.620371
238.953343	56.238173	107.715089	86.443903
241.715919	58.141378	105.647523	85.706352
237.456916	60.223892	107.934714	86.386799
240.578836	58.517330	107.307072	87.328680
241.951073	58.020869	105.250813	86.174894
244.344811	61.061461	104.792142	85.541551
246.109743	56.647250	104.443604	87.334317
244.507284	60.666056	107.370367	85.242986
246.645274	59.628309	104.284852	86.152703
247.793550	56.834797	102.483536	86.381265
250.667135	58.387270	100.921570	86.027476
250.658403	59.952290	103.922275	84.950671
253.707107	58.041281	102.122517	88.556268
250.146740	55.794429	104.134385	88.983493
252.077836	53.732168	102.935871	88.550724
250.622482	55.158219	104.256322	85.675600
255.051461	54.818462	100.196492	86.266063
253.834159	55.914719	103.359184	88.325399
255.819921	58.581726	100.562161	87.160183
257.289976	55.555136	99.205960	87.467884
255.468633	53.891200	100.752459	87.220131
254.657576	57.318442	100.505509	86.445733
260.786492	56.408056	96.640919	84.792146
261.093739	54.662902	96.170380	86.415667
266.029300	53.398568	92.574079	86.628461
264.961650	56.236058	94.220856	85.206115
266.666492	56.544400	92.602982	85.493629
264.852070	52.650350	93.965917	88.478319
265.517319	55.355718	93.066152	84.483321
264.782212	53.582053	94.803984	87.342233
267.706290	57.145669	91.718912	86.579487
265.981704	57.611682	94.020693	88.195143
272.703585	54.950891	87.023072	89.015132
269.693815	56.760170	90.065820	87.057879
269.997595	55.009809	89.479176	86.345439
