6.000000	166.000000	42.000000	26.000000
6.477992	164.876195	41.869034	26.307847
9.769425	165.977598	42.040419	26.231467
10.388568	165.564107	42.394094	26.000545
10.069880	165.368114	42.231583	26.011204
12.747718	166.083685	41.819370	26.338375
15.957454	167.398563	42.448375	26.074291
18.723755	169.428848	41.788683	25.941372
18.828854	169.683717	42.481424	26.024443
19.950923	168.764615	41.954103	25.728283
21.547387	168.356100	41.458915	25.940676
21.540884	168.727715	42.177517	25.670142
24.881161	169.059139	41.855611	26.544594
26.152351	168.571552	42.748953	26.310958
26.694265	169.025661	42.322805	26.217630
28.315832	168.536356	41.938166	25.908619
28.594438	168.341078	41.832099	25.914907
29.614166	169.467745	41.736399	25.431688
31.880029	170.655368	42.684163	25.693109
33.753892	171.587730	42.278773	26.102905
35.212467	171.726741	41.943570	25.702851
35.488177	170.678256	42.995771	26.359557
39.594167	170.750909	41.365435	26.160830
41.569350	170.882794	41.479792	26.283856
43.512140	170.778887	41.542635	26.355423
43.666382	169.587578	41.736584	26.258579
44.203607	170.757699	42.354860	25.410858
46.856499	172.022246	41.685154	26.339247
48.388338	173.703388	42.085757	25.446471
49.712435	173.198282	41.445100	25.852682
51.046497	172.616022	41.527638	25.355693
49.982705	170.861267	42.362931	26.444543
51.987294	171.875898	41.874423	26.081926
53.671014	172.462941	42.141280	25.543962
53.286213	172.295326	42.292693	25.611493
54.066279	171.956881	42.507835	26.046571
55.350387	172.212537	41.349166	26.159681
57.056695	173.542714	42.352853	26.188735
58.570828	173.048276	41.576843	25.762425
59.177181	174.545576	42.049478	25.809942
60.773398	173.799456	41.942414	26.246367
62.193010	174.094903	41.267734	26.127018
62.305454	174.002145	41.967673	26.389110
62.404816	172.847471	42.630998	26.444639
65.145053	172.571027	42.464881	25.777771
66.969625	173.782072	42.483954	26.258911
68.452922	173.542997	42.160877	26.466218
69.960619	174.294820	42.598795	25.871693
70.411199	173.170895	43.084142	26.166492
72.559812	171.618089	41.649259	25.595442
73.860012	171.059468	41.801903	26.169755
73.930838	171.406780	42.677941	25.932431
75.824765	172.686525	41.983166	25.977183
76.709691	172.048058	42.216942	26.186123
77.556891	171.494719	42.250359	25.897705
78.664959	172.268738	42.339061	25.910549
80.141659	173.323129	42.582095	25.915505
82.033806	173.476522	41.795972	26.062705
83.958639	172.640791	41.161417	25.922483
83.610203	172.997481	41.939994	25.691701
84.539047	172.334508	43.229170	25.797048
84.726920	171.914101	41.656657	26.421689
84.474898	172.203393	42.802045	26.600836
86.699115	173.229509	41.806975	26.033460
88.253055	172.992251	41.890073	25.979630
87.534566	173.010872	41.859410	25.620304
86.730344	173.438034	42.337651	26.227134
88.135892	174.381883	42.403296	26.284506
88.311388	173.482714	41.722019	26.555309
88.661665	174.722320	42.719556	25.677409
88.900604	174.753510	42.438358	25.964124
88.833949	173.882925	42.099712	25.809715
88.304367	173.733262	42.255632	25.657931
88.349584	173.605310	41.623419	25.727488
88.684759	174.607456	41.543560	26.561028
89.655344	175.729237	42.268964	26.473943
92.247898	176.968772	41.956973	26.119038
92.735761	175.510099	41.402826	26.247404
91.492581	175.436003	42.603048	26.443894
91.563505	175.189375	41.993634	26.269405
90.303437	176.390851	42.045910	26.080120
91.860944	176.609304	42.472550	25.856255
93.579996	178.316851	42.116261	26.308624
92.796261	180.364350	42.268402	26.406278
94.677839	180.962093	41.995959	26.092119
93.309825	181.064585	42.343366	26.170711
92.856616	180.396391	42.540798	25.568353
92.516564	178.294109	41.351602	26.677958
93.003279	177.639321	41.756366	26.384979
92.649103	178.448030	41.240546	25.438290
93.106432	179.582797	41.457291	26.206697
92.370343	179.430020	42.693203	25.591821
92.163807	180.141791	43.202486	25.616045
92.933266	180.508821	42.283870	26.133611
93.716632	180.631527	42.224583	25.736948
93.484546	180.243994	42.137417	25.648151
94.011586	179.539008	41.415286	25.861502
94.537653	180.605634	42.011013	25.805326
94.128640	180.718265	42.623688	25.919650
94.873382	180.106851	41.797188	26.122338
96.477840	179.703101	41.882549	25.995801
95.695856	179.387009	41.224600	26.097191
95.487930	179.912101	42.020157	26.050240
97.413050	180.764570	41.996807	26.034592
96.759609	180.494057	43.391431	25.675488
96.836350	180.696338	41.321828	25.730063
96.049848	179.493786	42.960951	25.951092
96.267004	180.260065	42.795245	25.820952
98.963554	181.448753	41.920750	26.089702
99.682778	182.954078	42.782230	26.060611
101.400279	181.245653	42.492070	26.716261
100.816775	180.697983	42.456571	26.046186
101.294222	179.991835	42.919079	25.871114
101.828385	180.446794	42.435547	25.673029
102.255204	180.211536	42.759878	26.049608
103.056870	180.414685	42.555888	26.451622
105.622197	182.604811	42.809391	25.743899
106.066690	183.177454	42.298124	26.143116
105.518682	182.508792	42.744102	26.090393
107.150785	181.471051	41.178821	25.464220
107.394705	181.270950	42.222634	25.566143
107.418352	179.881287	42.175064	25.615336
107.329230	180.343434	42.137084	25.928638
109.383695	181.141696	41.835721	26.471475
111.415746	182.582716	41.807207	25.705749
112.690277	182.546356	41.710095	26.221208
113.252978	182.433736	41.975589	26.084130
115.843194	181.958978	41.587134	26.054864
115.354128	181.337894	43.199907	25.688520
117.746599	181.680106	41.695875	25.701116
119.331426	181.214609	41.646137	26.653016
120.056776	180.620125	44.212001	26.382314
121.789776	181.813076	43.409308	25.269176
123.292897	182.317070	42.805225	26.217167
123.457484	182.057723	43.125645	25.787496
126.594494	181.306667	42.004872	26.007271
126.970132	182.600171	43.798731	26.595501
128.893458	183.868266	44.058563	26.370862
131.640933	182.780904	42.355490	26.101169
133.471933	183.749381	42.087747	25.811023
135.226597	183.803219	42.485716	25.793750
136.742086	183.159092	41.909582	26.554334
136.443113	182.334688	43.500810	26.035622
137.604388	183.569238	43.888155	26.705365
142.525641	182.940821	42.709212	25.646690
145.065060	182.094065	42.710852	26.217974
147.542804	183.699515	42.333583	25.602819
146.782655	183.739662	43.930887	25.679109
148.588264	186.479268	45.338339	23.547337
153.152792	182.579339	42.368426	26.440561
152.336070	181.761613	45.130392	25.492800
149.039928	173.196376	45.847071	27.650704
153.729790	166.933702	41.776834	24.185206
162.609285	153.931463	38.850790	25.217722
166.729933	147.523152	41.733577	26.490774
182.131617	148.302309	39.844182	26.260615
118.000000	165.000000	92.000000	50.000000
123.396898	161.879852	90.997166	49.694509
126.978566	163.860372	92.040736	48.228260
122.037340	164.754020	96.057104	50.267540
125.017525	165.714214	90.185513	49.873886
125.320933	168.459106	95.737097	49.640130
141.739510	169.491091	90.112139	47.480902
137.873589	167.731801	91.279976	47.408839
137.640196	162.302867	91.111357	48.998984
138.151097	160.561077	91.011568	49.743160
136.967950	162.128582	91.028870	49.704453
135.520379	163.135990	92.116522	49.809115
134.304409	162.645336	94.062090	50.849551
142.889459	164.321685	92.717619	49.506164
150.134187	164.879637	90.847054	49.572418
144.509899	163.410172	95.362515	50.457682
148.469624	163.387729	95.270445	50.668850
155.855514	163.855457	91.172385	50.810093
156.813136	164.470248	90.901472	50.201971
155.590562	161.911640	91.889432	49.513506
154.244350	162.275442	92.639802	49.748277
156.857298	164.113011	92.229871	50.005917
163.200005	164.501348	91.164375	50.183620
163.271336	162.833043	88.829214	49.706666
161.127416	164.332294	92.743449	48.687666
162.506844	164.352624	93.376612	51.231178
164.474699	165.085877	92.758089	49.826829
168.842958	163.931700	91.975135	50.885734
173.490985	163.835819	90.255464	50.200742
175.520002	164.383813	91.539972	50.198752
176.685164	164.770357	90.358773	49.755639
179.204978	164.508418	92.234211	50.394145
186.538625	163.274469	92.843518	50.511875
197.969398	163.528014	92.824331	50.619968
201.458880	160.959201	93.610804	49.663113
209.069962	162.128436	91.568421	49.725939
214.602827	161.211062	89.306588	49.992920
221.201616	158.614869	91.528983	50.547689
226.920263	160.083466	89.046947	49.452255
226.596751	160.147463	91.061642	49.731231
226.501207	159.207611	93.577565	49.785001
228.958416	156.568305	91.600413	50.560954
229.824216	159.142596	91.804970	49.027387
232.497883	158.321755	88.904687	51.191174
228.723856	156.452256	92.267577	49.306493
231.348565	156.094106	91.178987	47.466621
228.978967	154.907398	88.215125	49.573444
219.102862	152.810171	93.163636	49.576572
215.087947	152.275863	92.998973	48.471012
210.463418	151.815541	91.910745	50.618838
208.672145	149.548813	92.332300	49.617831
216.404980	151.163272	83.357657	47.550609
209.791104	148.111002	87.907067	49.046540
208.763954	148.332872	90.825205	49.112041
213.962701	147.443730	90.396476	49.748071
217.950831	147.439853	91.602425	48.867654
232.421796	146.240396	82.796290	43.285371
240.800282	145.757555	84.999617	45.355565
246.593651	145.657466	86.900664	47.798444
249.304441	145.184316	93.821945	49.194497
261.257148	146.412556	87.666547	49.971400
263.568946	144.883195	92.283384	49.767070
270.385247	147.698164	92.743764	49.748285
276.854206	146.980000	89.216534	49.842401
283.764009	145.461794	91.497845	50.269009
296.714568	145.519913	88.130031	48.467184
303.156785	143.616461	86.413631	47.988384
304.205142	141.850556	92.013519	48.854102
313.000523	141.648045	89.166937	49.364687
317.374532	138.343819	89.215591	49.701295
324.125739	137.340786	88.695966	49.168849
327.402157	137.571274	89.726310	45.820770
333.767355	132.702020	87.167271	47.900403
331.634197	133.747399	96.712933	46.444896
337.389936	133.777379	91.857746	47.657361
340.635833	133.105707	91.714094	47.153262
343.639325	133.012975	92.635544	45.681964
354.449839	131.861429	85.685202	48.475235
360.815333	132.408018	88.976655	50.921979
365.749612	133.919256	87.095826	47.610744
378.441087	132.636333	82.652643	48.706379
372.676386	132.374175	93.332881	49.539544
378.728493	131.441526	85.559011	50.764473
384.386132	131.203218	80.079427	49.554057
381.177180	129.672596	82.900651	47.092838
394.692456	130.325428	85.473172	49.036766
398.211752	129.348206	92.600337	49.017796
401.580392	126.942537	90.594055	51.082599
404.990513	126.452821	90.879154	49.814143
416.130922	127.005311	89.872643	48.602119
430.930690	127.548980	88.241672	49.831469
446.096376	128.443956	91.907863	49.053533
465.191546	128.039220	89.076899	49.256552
478.207337	127.509072	90.402020	49.653945
492.823484	124.257472	91.034651	49.214075
515.964913	122.922373	89.034564	49.688269
