143.000000	125.000000	30.000000	54.000000
142.476389	124.790411	30.119056	54.382955
142.146371	124.684488	30.461709	54.225533
142.491404	125.137432	30.146892	54.273377
144.051325	124.518435	29.778887	53.461654
143.760781	124.322125	29.184715	54.608712
143.161005	126.620335	29.863727	53.855726
143.668356	126.737291	29.540518	54.071684
143.972206	126.569150	29.614430	54.145367
144.131304	125.981011	29.757373	54.040475
143.437502	125.281006	29.951316	53.708764
142.474800	126.793544	30.057527	54.012653
143.211506	126.475376	29.737130	54.811019
143.757275	125.297948	29.426380	54.635299
143.630755	125.676716	29.596306	54.612868
142.700585	124.365512	30.051100	53.947810
141.990540	122.047112	29.364045	52.920346
140.628304	121.674046	30.401767	53.988751
140.842253	123.543224	30.032733	54.392252
141.247473	125.436866	30.518053	54.619301
140.714734	126.948207	30.090311	54.315448
142.179489	126.567123	30.656383	53.583905
142.990511	125.568396	30.148146	54.355096
143.130378	125.701220	30.080498	54.275364
142.124361	127.735306	29.729793	54.471129
141.284744	127.700349	29.729294	53.868688
140.319711	128.872710	30.488504	53.109111
140.420294	130.442321	29.690090	53.827020
140.202713	129.488168	30.395199	54.636875
141.424616	128.119713	29.899670	54.693979
142.185205	128.063318	29.746563	54.521599
141.776378	129.503579	30.721753	54.371491
142.566239	133.413653	29.401306	54.601285
142.235255	132.801057	30.015413	54.813846
142.454240	130.610387	29.765967	56.266103
142.661888	133.059480	30.532036	53.720294
142.196323	134.085468	30.233633	53.379583
140.971741	134.916658	29.720969	54.824998
139.323227	135.316899	29.818066	54.597943
138.125964	136.130210	30.517037	53.687503
137.398960	136.314651	29.997638	53.899148
135.958350	135.140459	29.612341	55.096040
134.109463	133.673603	29.942561	53.205186
132.011133	133.281679	30.120766	53.525452
131.498450	131.232763	29.574492	52.798928
130.340484	127.484787	29.706648	55.151632
131.187457	129.308684	29.972602	53.477159
134.217348	128.385535	30.116673	54.154024
137.936147	127.528265	30.099582	54.543763
140.950828	128.387833	30.230334	54.556259
143.349949	128.466565	30.412732	54.840221
146.792970	128.041163	29.322249	54.942039
151.683892	127.725933	30.143102	55.141935
152.065617	130.608951	29.876819	53.708754
149.963520	133.016550	30.312054	52.937515
146.998576	130.997266	30.471367	54.349837
144.865590	132.293608	29.873875	53.230313
143.491001	131.761227	30.235197	54.335946
142.389051	133.890525	30.081239	54.162557
139.247728	138.687411	30.265442	54.133415
137.280620	140.870054	29.772809	54.562510
138.406068	141.356410	29.229732	52.529407
141.759092	141.948558	30.231006	53.510809
143.156162	140.501559	30.446898	54.690279
143.325011	140.412655	29.612434	54.649088
142.546852	137.716901	29.540439	53.875075
140.850323	137.239637	30.083092	53.163750
137.715601	136.156853	30.209365	55.254074
136.102349	132.260726	30.582526	55.121682
138.183777	124.680962	29.871948	58.120458
138.620575	120.278207	31.440268	57.111920
140.808228	108.831362	30.311374	54.581973
142.148452	98.348653	30.486583	56.110665
141.659619	95.618485	30.341561	56.158201
141.491429	90.193977	30.026940	55.117682
138.702901	88.291555	30.849451	53.465403
132.570803	87.890482	32.484069	56.159817
125.233312	87.291550	29.676102	56.994088
113.321851	101.843899	28.975303	59.937462
102.179512	114.757226	29.931261	54.967121
96.473418	132.113077	28.115302	52.895358
91.000000	124.000000	50.000000	97.000000
94.886797	129.886988	50.595652	97.092466
105.279507	145.417157	48.613189	93.402271
116.245344	164.797291	49.618356	74.867036
129.462613	171.670992	48.961179	68.097531
141.972845	176.961855	50.204169	62.758867
150.573328	173.835260	50.584418	65.741652
156.657345	168.194238	50.042510	71.672890
158.639728	161.564608	49.147258	78.232398
158.894776	156.185768	48.825608	83.583634
160.046845	138.420791	46.584414	91.331282
152.775154	130.647935	47.217779	91.190198
146.047387	121.755734	46.907542	88.921648
138.430223	108.292588	48.561299	96.646365
135.371611	107.928245	47.459439	94.789602
127.988621	107.514302	47.802514	94.019111
118.582305	102.903650	50.206535	96.383851
111.961444	104.943071	50.662934	95.029833
107.769571	106.146254	49.109092	98.417409
104.953651	108.096795	50.775117	98.115278
107.512994	107.364827	49.090109	96.956016
110.783345	109.360398	49.882473	96.706905
114.771396	107.614239	48.229274	95.116701
119.669307	106.456053	49.835523	93.742578
124.300170	104.665067	49.554963	97.157916
131.650144	104.957089	48.466662	95.794901
133.687429	104.469111	48.977039	96.227102
132.837984	108.160698	50.333689	93.093643
132.645666	107.206391	51.531260	94.218302
128.630035	105.971565	50.116539	93.174319
121.816833	103.438336	48.480655	94.496037
133.069722	102.465717	47.183756	99.854273
134.662817	102.719463	48.882998	93.911398
132.807570	104.840114	48.713371	97.003420
130.100810	104.679440	49.675558	95.394436
125.441985	103.563628	50.517485	94.380200
122.787577	105.968508	50.264820	94.098284
121.144427	107.645533	49.473536	94.774157
121.362679	107.755928	50.676445	96.383786
122.454245	108.404011	49.830099	96.819143
123.055132	108.603880	50.079975	96.424803
122.766969	106.735825	49.560991	97.098567
121.937185	105.020422	49.987527	98.152009
123.983807	110.340179	49.842837	95.126064
123.424844	107.901302	49.275417	96.572000
119.016284	104.107563	50.371224	98.583018
122.310117	103.137279	50.813508	96.880337
123.397985	102.421385	49.014682	96.210545
123.766968	102.112162	48.311150	95.555708
123.825709	104.618762	51.139041	96.263549
125.359401	105.494112	49.145513	95.041330
122.930079	104.507825	51.157372	95.821227
124.990590	104.231826	48.779675	93.944105
123.883137	101.884851	49.086398	96.140336
124.059928	100.697364	49.816311	95.412036
125.213871	96.678738	52.354226	102.735330
123.992667	96.420205	49.542745	88.242696
120.551845	98.787485	43.872040	78.578780
118.149638	99.734211	45.802174	87.121810
115.205251	104.577874	47.311389	83.688980
121.384156	98.329716	50.312365	99.319648
124.601702	99.032527	49.129453	96.433036
125.252405	100.093944	50.829757	100.767013
129.765329	94.569813	44.747106	106.093248
124.955913	104.248716	49.360642	96.239310
122.491994	107.122734	50.451238	95.899434
124.292143	103.898765	49.673234	98.645788
123.257846	105.736043	50.074918	98.342975
121.407221	105.542340	50.491244	96.061424
120.068867	108.308932	50.230139	96.778756
118.374152	107.539901	49.504287	96.616211
117.039050	102.473197	50.395761	97.614988
117.511377	105.073784	50.630068	95.861372
118.938961	103.738161	50.186306	98.056658
119.626854	100.991464	49.894527	97.040115
119.138262	106.789690	50.738871	96.256522
120.081655	109.964759	48.986029	99.046620
117.619105	110.344199	49.523517	97.815438
117.930571	112.255683	49.778548	98.201050
117.272433	109.088369	51.480639	96.992623
118.092470	106.903744	49.610084	96.287115
117.598239	106.821854	50.360312	99.319242
119.348641	109.605896	48.951401	96.641373
118.907050	109.393896	49.674630	97.914852
119.468326	114.597238	50.647830	95.291948
119.830554	116.987973	51.271194	98.367310
119.962180	116.369066	50.370791	98.784314
123.812159	119.936639	50.335266	96.507416
124.574449	125.197208	48.550428	95.742595
124.304527	126.658068	49.974637	96.137743
120.123990	125.580034	49.946585	96.841757
119.969642	128.771803	49.379028	95.824851
117.635907	131.121209	50.417408	95.319461
115.557364	130.115645	50.086660	96.838574
114.722735	133.261558	49.936926	96.835002
115.331804	137.847398	50.151927	95.646755
116.690450	139.884864	51.108816	95.878032
117.312576	140.711804	49.617365	94.512615
115.186750	139.323366	50.349969	95.858667
115.684922	138.347063	50.113493	95.004826
116.313636	134.753943	50.218307	95.606304
119.094372	133.112853	51.996704	98.037005
122.559676	131.610340	50.180005	97.020443
126.043281	127.714457	49.932657	97.890577
126.816225	127.706241	47.709813	97.857707
123.263056	124.989101	49.863832	99.199838
123.617243	127.110340	50.351008	96.434132
123.306271	125.714482	50.572272	98.104241
122.514078	122.843016	51.210053	99.637727
122.107075	122.940080	50.376085	95.593558
122.063247	117.926181	50.252989	98.353478
122.805741	122.921717	49.458609	96.368531
118.577738	121.990608	48.317069	96.820645
112.989539	120.430727	48.524928	97.758039
110.136333	126.991124	48.823837	92.484859
108.900083	123.468912	46.197394	96.389588
99.491327	125.339404	50.805104	94.661954
96.124180	124.712045	50.766867	95.047221
90.532710	125.870948	49.966973	92.489485
82.928622	124.689361	48.429910	91.738442
77.570492	117.110386	49.794930	96.638708
74.356691	110.750331	49.032614	96.256763
74.674719	107.281601	49.805172	96.390031
76.410477	108.233373	48.807423	95.890370
79.562485	110.669430	49.516557	95.126225
81.174113	109.900670	49.899066	96.482566
82.142436	109.387462	48.956202	95.694438
82.136963	110.184428	49.995536	96.195316
84.158765	109.100960	49.886265	96.870509
86.652319	107.590196	50.139554	96.145341
86.158693	108.742648	50.590461	95.521515
87.259233	109.167409	49.920954	96.765426
88.916476	112.321547	49.912004	96.551437
88.801054	109.671574	51.165739	96.243803
86.417344	110.006905	49.710819	94.402765
88.353190	109.175587	50.281618	96.371835
91.773600	110.732388	50.243931	95.968764
91.781106	111.264415	49.717643	98.386460
91.677831	111.663206	49.808887	97.097663
91.544462	112.035028	49.212910	96.213705
92.374613	111.183810	49.790822	98.295863
90.442293	111.335082	50.084862	97.044487
92.369386	115.506609	50.617304	95.686881
97.007510	113.725207	49.010965	97.729911
97.996413	115.243618	48.374828	94.634528
99.008568	118.364401	48.696550	93.961243
101.138047	110.197194	48.117245	99.978882
99.994447	114.016498	49.908832	95.810509
99.049140	111.008746	49.015465	99.208007
99.323854	113.643621	50.379703	97.514166
98.694754	109.212005	49.990813	97.931573
99.211464	111.870500	49.654135	96.083664
100.162153	110.670267	49.732242	96.846941
100.891046	109.100454	48.198666	96.438360
101.123686	109.711570	49.048507	97.947776
101.503002	111.676936	48.628076	94.270787
100.431668	107.930304	50.163244	100.182865
99.349242	108.420725	51.329246	96.463820
99.892569	107.450346	48.535121	98.145867
97.813229	106.157677	50.268445	99.738683
98.021569	110.133475	49.254245	96.338584
96.555157	112.125839	50.688706	96.992302
97.828754	110.602001	50.833477	98.636881
97.605502	112.133176	49.017920	96.610005
96.692814	113.434342	50.972309	95.440993
98.959131	110.221424	47.731113	95.979574
106.258523	104.702252	48.352864	95.717383
109.653908	100.681104	48.672411	96.385248
106.360171	104.011522	50.252309	91.060934
106.302350	103.819630	49.782580	92.707812
107.569599	99.278786	48.103970	91.337870
106.765230	106.170179	51.694740	87.359752
111.030830	110.865720	46.900752	79.420417
108.645122	101.588993	48.393435	84.958013
109.389173	88.701992	46.018695	88.071571
109.101179	89.985191	48.805207	90.762151
107.538023	86.168924	49.642824	93.621635
105.111938	83.097322	49.852461	90.658253
108.461539	79.535970	49.007240	94.613312
109.439571	79.750396	48.928100	95.163723
112.279510	77.186873	48.964499	96.713314
112.595604	78.115256	46.919728	93.294418
114.702142	78.959561	48.937130	88.049570
116.870153	79.401168	48.526284	91.921373
115.258312	76.018926	49.075555	91.829776
116.696242	73.976045	48.366840	89.957364
117.469357	75.926013	47.708928	91.756826
119.827923	78.067669	47.292919	89.051010
119.469212	80.320080	47.079986	92.955738
113.398776	76.227420	48.866462	90.575954
118.690440	78.209265	47.468038	91.662165
119.297564	77.672618	49.114941	90.364564
117.057092	76.020385	48.594788	94.322300
116.731712	73.437743	47.076257	90.536870
113.943804	75.390312	48.833986	92.343789
114.382772	75.445784	47.408520	94.050739
114.353270	78.704776	50.246243	92.437554
113.733201	73.452376	49.070429	97.002773
111.545572	77.271691	49.116523	95.091891
110.263952	75.358872	50.545502	96.262692
112.540278	82.797289	49.672117	93.682099
113.874843	88.668559	49.081539	90.887552
116.854538	89.374183	48.922524	86.745256
116.177212	87.734730	50.699515	96.714570
117.604457	95.657123	48.169505	96.325235
116.380101	99.075940	49.138567	95.005883
115.346861	103.915515	50.869954	97.083422
116.878735	106.410354	50.661663	99.659535
117.014761	111.327846	49.415361	96.140184
116.859423	110.841558	49.737666	98.299672
118.299749	114.073132	49.439334	96.669396
120.082125	115.398187	50.022170	96.052493
121.371545	118.257027	49.968911	97.313590
119.956388	118.041809	50.475811	96.129319
119.822387	120.435984	49.888875	96.926090
119.685291	118.282417	49.440075	96.845431
118.135873	119.117722	50.841281	96.732178
119.040987	120.559414	50.198701	96.759961
120.794328	121.951631	49.086329	95.371848
121.553865	122.576441	50.518506	95.332060
122.200442	123.465785	50.743377	96.466355
123.126087	121.671614	50.121369	97.103123
121.864396	125.348541	49.793578	96.796060
121.973210	131.301704	50.167375	96.400455
121.661503	140.577644	49.752280	92.351591
123.694579	146.848414	50.533919	86.772312
124.596391	150.767612	51.382893	85.184053
123.039074	152.747450	51.765581	83.480461
121.796366	149.602679	51.118253	86.919224
121.124999	153.904679	51.060359	83.611901
120.519237	149.317365	50.432656	87.429233
120.788299	145.448241	50.235798	88.830648
121.941355	144.632554	50.648988	87.946122
124.555567	141.140272	51.011093	90.280270
130.845314	137.544174	50.533884	93.728658
135.266264	138.900646	48.994621	90.402197
135.651372	140.371301	49.380340	91.243810
137.443014	142.877158	50.024865	91.768931
140.315084	145.804594	49.916919	89.573227
142.693906	150.514518	49.852703	86.154135
140.633987	149.511986	50.869123	85.263544
140.166783	145.590750	50.323386	90.565912
139.097636	146.031608	50.028642	89.966410
138.901516	147.847619	50.551950	87.965416
140.781224	149.647135	50.075144	86.170788
142.542168	148.609389	50.111008	86.645389
142.735796	148.041027	50.521603	86.483009
142.724401	146.076461	50.517248	88.325626
164.205308	154.001663	56.486665	85.998337
188.683585	187.779868	49.766296	50.764003
172.474378	166.049070	46.390455	73.368784
154.042815	108.439523	44.933226	96.985749
157.608914	105.833971	48.072211	104.852461
165.000000	127.000000	31.000000	57.000000
164.047445	128.314459	31.844063	56.815620
163.292177	128.155095	30.752307	58.496099
158.973301	127.358656	30.886637	58.349357
155.125634	128.490413	31.938889	56.237849
151.059062	124.117434	31.774390	58.185236
147.229484	122.998411	30.336679	58.406348
143.630468	122.532597	30.000676	55.291414
141.058911	118.729445	30.465621	55.028861
139.026227	114.552238	32.278368	54.639557
138.843632	112.729382	31.263059	55.234038
136.927138	109.175028	31.614272	56.127800
137.694812	105.041657	30.771424	56.950815
137.462375	103.706449	29.930963	55.113935
135.341000	103.369826	31.132471	55.997021
131.650973	100.675246	32.490900	55.103665
132.717308	101.617565	30.132913	52.795116
130.783890	99.820128	31.193196	55.130686
130.320383	99.525392	31.157423	55.208064
128.295025	97.523842	31.582391	55.684456
128.038412	97.626566	30.713641	55.966116
127.443575	98.403763	31.928492	54.241492
128.684471	98.798179	30.382979	55.630362
129.302836	102.137106	30.478638	54.713954
131.188144	102.992724	30.680541	50.806361
131.720765	106.405010	30.758710	53.959891
131.160907	106.769667	31.552337	55.239408
133.151690	111.220386	31.548715	53.379284
133.269155	109.546806	32.196640	59.235668
133.675212	114.034710	32.374097	57.615150
134.850704	118.548566	31.136235	55.014791
135.553832	120.105613	31.100474	55.703520
134.264417	122.591722	30.681303	56.532656
134.968063	126.824819	30.199995	55.345429
135.335903	125.582213	30.819113	57.121628
133.966539	127.351248	31.467876	56.897382
131.961024	127.185093	31.243596	57.777990
131.668731	125.867144	31.395814	57.129869
130.404447	123.994154	30.484503	59.031841
128.766142	125.027443	31.802459	56.064379
129.679974	124.103335	30.840971	57.072512
130.926270	123.315515	31.056388	56.495806
131.099079	124.692596	31.311715	57.745949
133.385756	127.084348	30.323285	58.653843
136.370704	130.681494	30.626218	58.767636
139.770745	131.602032	31.347689	58.919605
141.440377	138.478395	31.639727	56.142403
141.544135	141.402849	30.509709	57.504279
142.868760	139.727767	31.155487	57.922350
142.280707	137.560115	31.052122	59.389833
138.610200	132.787285	29.233199	60.497165
130.486494	132.920525	31.007721	58.976933
128.001505	131.661569	30.843584	57.923946
125.738147	131.708428	31.369707	59.269149
123.553428	136.505769	31.607831	58.514272
120.877668	137.017067	30.650661	56.977039
121.417419	136.009383	31.349855	60.765018
122.274344	139.772583	29.292542	59.497488
120.277731	141.904659	31.492904	60.376910
120.630232	147.091459	31.634375	58.771007
125.525686	145.317877	30.748581	60.385086
131.357577	149.960445	31.139546	59.197269
138.366436	150.702943	30.328712	57.225048
146.463842	151.433307	33.403108	57.884822
154.044962	147.304496	30.343653	54.934274
159.541854	138.133347	29.581627	58.544911
158.764055	134.618708	30.339739	56.019169
158.098269	129.662083	30.627093	55.399347
158.027066	123.765192	29.708326	57.322082
154.137482	121.247603	30.969057	56.075737
149.102975	118.271670	31.679708	57.689892
143.860331	118.587508	30.928760	56.399312
140.375602	116.692103	30.805545	55.889662
134.010362	119.356842	30.591070	57.420347
125.691707	120.278202	31.393560	56.799836
120.039349	122.216900	31.459726	57.129751
120.251808	122.178172	30.528292	56.157573
119.803350	124.049201	30.906320	56.908338
119.550160	125.493554	31.073792	57.839595
120.373251	123.228571	31.124674	56.616576
124.410599	123.251889	30.564195	56.476885
129.484301	120.753543	32.221771	56.926424
139.030533	115.687826	30.961614	59.337105
146.987872	118.187498	30.246131	57.684283
155.534313	117.094861	31.035534	57.639498
162.684867	112.595243	30.475720	56.812154
168.603527	110.045247	31.023393	55.528576
172.627862	105.127076	30.417569	57.772351
177.869356	100.869633	29.967830	54.276091
180.759287	96.522609	30.519263	54.769903
184.176504	94.796279	30.841083	57.610822
187.363127	95.469752	30.304716	56.133546
191.418121	95.933902	31.096757	56.048468
194.916303	94.711898	31.073712	55.619137
196.431218	94.986053	31.615637	56.078692
197.955800	94.069106	31.698936	56.473271
196.159390	94.667096	28.947045	61.249989
190.423282	102.686890	31.365350	58.743955
189.977751	108.256108	30.668098	57.109314
190.069676	115.011751	30.156259	56.101969
186.990510	118.895729	30.562006	56.600793
185.222861	119.926597	30.194199	57.056107
182.848299	117.532164	31.301736	56.621376
182.141854	113.994004	30.455392	57.135946
180.215256	111.089039	29.866848	57.481733
175.507307	110.294080	30.881475	58.380609
169.844256	107.572089	30.613403	58.906156
167.014979	107.439062	30.579531	58.048840
163.145863	112.433534	30.443647	57.940684
154.971913	118.154089	31.036890	57.256511
147.574343	119.423354	30.914796	58.029892
143.602724	126.443962	31.080805	56.512602
140.912830	126.251496	31.829354	56.876530
142.440074	126.631162	31.138388	56.849651
146.576728	128.207968	30.616888	56.864555
150.287763	128.014273	31.438636	56.732216
154.297815	127.756906	31.262948	56.837500
157.463685	128.367591	31.772138	57.992666
156.535272	126.654229	31.205397	56.859620
155.252714	127.336633	30.430885	56.825609
155.752067	123.808881	32.219945	57.863322
155.307822	121.382342	31.253355	56.726058
152.641966	118.216486	30.624874	57.431689
150.749942	114.129999	30.745875	58.471957
150.409871	112.140989	30.865649	57.456128
148.504600	112.440982	31.122721	58.212444
147.260839	118.759543	31.512047	55.926558
147.788793	122.658701	31.233159	57.242137
146.615734	125.047522	30.833098	58.701332
148.470319	129.590043	31.158833	56.851305
152.382381	131.488045	31.070494	56.116379
154.213712	132.627995	31.661581	56.971869
155.415884	129.597541	31.841735	57.613677
157.016177	130.004382	31.539790	57.128950
158.186048	130.931684	30.857700	57.739057
159.922924	135.667894	31.094440	57.800661
162.443391	135.223421	30.829798	57.407131
161.797878	135.605900	31.160597	57.978967
