298.000000	160.000000	48.000000	80.000000
297.540888	161.073256	48.514392	79.580987
298.136468	162.616210	48.021794	80.291698
299.252712	168.553669	46.893876	78.946206
300.060915	172.872077	48.580013	79.291067
302.672858	176.670184	48.071986	79.648687
306.086926	179.081025	47.555204	81.496861
309.434703	179.975307	47.993808	80.080487
314.416601	182.517557	47.779840	78.469751
318.124636	183.266933	47.049861	80.544986
319.502271	183.658232	48.480489	78.391989
321.916048	185.106274	46.734486	77.287815
318.868653	183.688888	48.680934	76.993510
319.996368	181.850483	47.121979	77.429372
320.795608	181.044854	48.521018	80.052797
318.313809	181.474408	47.265785	77.966186
317.369458	181.769277	46.652450	78.913729
315.169152	181.906238	47.735091	77.488592
313.963005	182.570026	48.080498	80.186382
313.277744	182.559544	46.648730	79.805156
312.344112	181.323592	47.523640	78.681875
307.357057	181.867480	48.051452	80.471555
304.141550	179.062410	46.929942	80.656002
298.391613	182.171354	47.690064	80.263966
296.478129	185.900500	48.578098	78.939407
295.823042	185.788498	47.408386	80.268725
297.640916	189.162199	47.866410	80.576084
304.897124	190.469232	46.589204	79.806886
313.558421	187.588084	45.801163	79.212944
320.138426	189.933541	49.925010	82.036857
331.435828	197.228002	45.331502	82.927149
336.038913	198.997126	49.407251	79.050134
341.872921	203.524536	48.152949	80.197770
346.480649	210.106373	48.675269	80.229631
346.714857	216.649633	49.280644	81.110858
347.630237	225.340583	46.572811	80.313940
340.216341	229.669417	46.896681	81.450470
327.669494	230.286753	46.801854	81.012467
310.412313	226.563475	49.703087	80.386662
303.176834	225.297631	48.743329	75.264585
286.096535	223.792050	48.264669	81.291557
273.855002	226.231012	48.223989	80.509446
263.752890	216.969046	49.510508	81.283596
255.517645	209.973919	48.022488	80.304699
246.228092	200.317825	47.971197	80.070243
242.595838	194.343098	48.317423	80.020824
242.411566	184.975614	48.378855	79.713130
247.325223	181.602743	48.280527	78.503988
257.613978	173.532148	47.406804	79.751380
270.569241	171.479830	47.947016	80.195281
285.705495	169.800971	48.144820	80.333220
300.369828	173.600951	47.684945	80.122578
312.361804	173.147045	48.889441	80.248154
323.435214	171.907294	47.483827	79.836557
334.602471	168.898959	48.159267	79.323869
347.814507	168.071920	47.689164	80.307551
359.247046	166.066409	49.146568	78.864096
372.741228	166.230422	48.153631	79.626592
388.501271	169.240455	46.542922	81.974723
402.924882	174.514359	47.118242	80.659860
416.543320	179.640652	46.254831	78.485074
425.958622	187.464185	47.467852	77.779667
436.700242	190.417607	48.204337	79.439667
441.028135	197.299569	48.146763	79.520639
436.314240	203.562436	48.855969	79.994552
430.127036	208.603268	47.552406	80.375572
417.506542	208.229661	48.580245	80.783674
400.213665	209.085844	49.397383	78.038775
382.070805	207.719077	48.190788	80.180427
366.548192	209.285573	47.297231	78.701457
352.203814	208.139757	47.791679	79.692578
340.025910	209.158251	48.809847	79.474607
331.420525	207.400755	47.524457	80.080548
319.509662	204.164897	47.976899	81.079653
308.190570	198.632147	47.740250	78.537019
300.061276	194.225237	48.067502	79.128732
293.889605	192.539627	47.697899	79.378587
286.135394	189.635432	48.012997	78.934197
279.062620	186.610060	48.833730	80.673388
275.914833	183.947628	47.690270	80.468838
271.345218	179.873299	49.423449	79.690421
267.216376	182.941104	48.095369	78.919742
266.318522	183.249575	47.227670	79.177192
261.344479	184.142670	47.360963	82.155242
257.092973	183.021917	47.362615	79.182845
253.606423	184.408396	47.851558	81.782425
249.881909	183.158658	48.447483	79.583770
250.599872	181.961592	47.670954	80.289006
247.788622	181.262772	48.000852	78.827632
244.963310	179.898978	48.115097	80.295722
241.611193	178.852578	46.899570	77.012784
237.697523	174.701872	48.316875	78.808050
236.842389	171.345051	47.369384	80.070106
232.948067	172.933112	46.138721	78.883756
229.284749	171.142228	46.228745	82.394020
228.399513	168.066701	46.964607	82.624691
258.344521	178.648079	47.250074	78.655327
260.209760	174.256336	46.850441	81.843146
260.302753	171.350901	49.002871	79.869109
260.531111	169.997947	48.717593	79.517023
259.624291	168.826123	48.947019	80.504305
257.562605	170.092924	47.869015	80.069686
255.921120	170.894373	48.092890	78.967186
255.232534	172.984301	48.693854	80.524103
257.128298	174.515648	46.908775	80.740071
255.896100	174.890041	47.922177	80.216160
259.707202	173.635416	48.084632	79.528310
265.626255	173.072013	48.012032	80.586345
267.749409	172.876343	48.214265	82.714907
248.555247	172.733806	46.086663	88.249110
243.654927	176.183136	48.846315	81.324970
247.821077	174.863936	48.512270	80.286858
255.839384	172.380547	48.208021	79.520652
262.910516	171.041860	47.873973	79.838451
265.530845	172.623237	48.094542	78.706555
270.620919	174.261060	48.675857	78.637813
274.254524	171.055178	47.663051	80.500314
276.730617	167.482138	49.258201	81.439480
279.922088	168.875434	48.478443	80.776685
281.322554	170.022428	46.941439	79.007335
282.304872	171.725642	48.817984	79.329410
282.799502	167.369080	48.014673	79.751528
283.341203	162.874471	48.621780	78.794961
286.714560	160.443504	48.571931	79.310941
288.134092	159.449486	48.315816	79.394384
287.431959	158.966960	47.065837	79.299729
288.654942	157.621298	47.319029	79.737617
289.013660	153.151986	48.965051	79.114728
289.773232	147.144236	47.187975	81.282151
288.024060	146.329949	46.991993	79.654276
287.021386	144.877827	47.338549	79.466501
283.932395	139.243339	48.361897	79.185343
284.692292	133.456938	48.063720	79.370812
286.007019	133.206776	47.997474	79.970848
286.537932	132.992133	47.845209	79.606405
287.935286	134.828040	46.744512	80.590332
289.153550	132.563797	47.559962	80.311094
289.733493	131.793778	47.651387	79.792890
293.899192	133.402189	48.535533	78.052717
293.433941	133.165619	47.478191	80.259413
295.051374	134.734499	48.240058	78.738617
295.484751	134.339245	47.694258	81.215101
295.316709	132.914715	48.033772	81.050521
296.035122	132.802337	46.794674	79.333664
294.203609	135.910394	48.613128	79.317769
291.502399	135.004976	48.729797	80.229044
288.180596	133.910719	47.776971	79.430261
285.177994	134.533489	47.933972	78.748471
282.153578	134.780922	48.027936	79.777185
277.639376	136.624147	48.363652	79.521301
277.098615	139.458914	47.083441	79.599631
273.241707	143.138628	46.944154	79.118215
269.827673	147.340699	48.372234	80.086575
263.708289	149.462831	48.857338	81.825115
263.803511	153.812979	47.691130	81.629648
265.799477	157.065262	47.502154	78.104558
266.366356	158.766504	48.598348	79.764402
271.400933	162.809114	47.690285	81.561551
276.466062	166.209910	48.461681	80.351108
284.488416	169.795792	48.075529	80.593466
292.582918	176.539045	48.136020	78.042773
301.585761	178.924142	49.000091	80.981807
310.356606	188.410815	46.577842	79.510924
318.335784	193.718503	48.921644	79.862542
331.412118	196.393844	49.290905	80.148487
340.888148	198.236781	48.207314	82.444385
353.048675	201.318665	45.812277	77.369111
362.401402	197.199419	47.999022	79.548479
369.065759	189.362846	45.692620	75.492211
370.293105	178.787115	48.063059	81.543063
370.387559	168.543944	48.574022	81.629134
367.065522	156.395152	46.054124	83.059002
358.657565	148.451716	46.837598	79.805641
346.129481	141.645910	47.176370	79.995989
329.055861	135.346419	48.775376	80.533960
313.433505	136.452597	47.026289	80.134387
295.278652	138.306810	49.690818	82.988403
283.959072	151.193270	47.594477	82.714961
272.784831	165.627018	48.420475	80.215229
266.792926	178.455550	48.562281	78.755666
262.876862	190.429277	48.737627	82.164541
262.672235	199.296962	47.959841	80.840718
264.294068	208.187336	47.279456	80.149173
270.476087	214.103302	48.385504	80.996131
279.680845	225.063457	47.677227	77.361572
284.654212	230.491934	46.776479	78.009367
293.226911	235.010789	48.014156	85.128503
314.854695	224.913464	48.810096	84.680173
327.223753	227.429702	49.141190	77.972445
336.074155	235.196475	48.851658	80.123613
347.753134	234.519252	48.536020	79.001862
360.941066	230.720209	48.280512	79.677375
369.664743	221.141258	49.098411	81.425177
370.781649	214.272584	48.435745	78.972969
366.077312	204.143113	48.511466	81.332730
358.995689	195.485424	47.486323	79.496518
346.397666	190.717901	47.599997	79.530804
332.071263	188.897735	48.055375	79.773988
321.541391	184.397789	47.731623	79.970449
306.988354	177.816509	48.079850	78.499989
293.156917	176.727153	48.085856	79.362130
274.299348	177.245772	48.133124	80.391606
262.506326	172.519508	47.272828	79.847833
250.522691	170.711786	48.237291	78.462361
240.855382	172.634749	47.234357	78.903690
229.670159	175.144315	48.170311	80.224479
221.798911	174.061162	48.005199	79.112890
213.130692	177.324091	47.635615	78.908802
207.372920	177.766212	47.745983	79.315505
203.389758	174.480476	47.478678	79.555585
200.669027	176.618969	48.119644	79.129258
201.901676	181.438051	48.119945	80.604857
207.160671	184.872391	48.324248	79.546389
215.755065	190.171831	47.780332	81.564269
228.426338	197.938705	48.246616	78.827344
243.483020	202.557271	48.692851	79.489984
258.934831	207.743010	48.881838	80.233470
276.848731	209.979859	48.058905	79.326410
291.528869	209.625097	47.009421	79.977875
308.360912	202.191363	47.517627	76.405183
319.502370	197.425646	45.476543	78.449452
325.857882	193.746730	47.808395	79.808395
326.900513	185.022139	48.753016	79.706500
324.339179	180.414717	49.386554	78.664497
317.035275	173.189173	49.169351	80.585408
311.556326	172.439977	47.074096	79.513006
303.643004	174.240475	47.971596	78.276589
298.912090	171.865627	47.816625	79.542627
293.638215	170.545096	47.244668	80.598994
290.576434	172.530454	48.724066	78.901559
290.554398	171.562482	46.609671	79.514816
289.478099	171.339313	48.551170	79.724477
294.468974	171.462719	48.518170	79.786446
298.688081	175.227423	48.579771	79.567824
305.745210	172.076381	48.229142	79.311108
312.397590	169.846751	48.097279	79.899556
317.698463	171.639457	47.401729	78.315085
322.499325	167.143644	46.213587	81.027667
326.097133	158.052022	46.677115	80.386464
326.184078	154.214398	48.004577	80.696225
326.974242	151.421825	47.359372	78.987985
328.061671	146.628817	47.396956	79.960575
326.243004	137.790199	47.793346	79.982500
325.888732	135.043956	48.247092	80.612292
327.303728	136.215545	48.073451	82.000715
327.298054	141.513331	48.145239	78.301855
330.355574	144.177436	47.839896	79.562774
333.260686	153.609747	47.072244	81.817950
330.236600	162.394969	47.276768	79.790835
324.340840	174.302125	47.859887	79.577272
320.566558	189.117730	47.974897	78.539960
315.681638	202.927631	47.809117	79.418891
308.518861	222.228215	49.607021	77.670415
314.363342	232.654872	48.725969	79.763155
329.564155	236.657380	44.498053	73.348928
327.327452	241.826263	47.485068	83.891209
324.169897	243.756577	46.970215	79.837604
321.045921	253.171796	49.458249	77.522084
306.000000	292.000000	48.000000	80.000000
306.336426	290.763211	47.726691	80.488935
306.182589	291.822604	49.058349	80.585684
306.394881	291.319990	47.680974	77.117200
306.369448	291.633090	48.414404	78.962699
306.136195	290.825726	47.609390	79.256791
304.970171	291.726829	48.955074	78.765766
306.326667	290.510597	47.628291	81.817369
306.635864	293.434229	48.491514	78.831432
304.951609	289.863521	49.227321	80.668361
305.355932	290.907792	47.549014	78.610343
305.942652	291.436829	48.529547	78.975205
307.478327	290.477281	47.650114	81.103402
306.944464	292.694197	48.566723	78.724849
306.886209	290.795118	48.732375	82.768714
306.075459	292.208737	48.314206	78.360767
306.975875	289.614878	47.827218	81.653076
307.463773	292.117756	46.872503	79.562386
304.774998	290.023264	49.390162	80.318056
307.140526	290.257348	47.534275	79.674541
307.421751	290.614088	47.321293	80.069754
306.096670	289.969510	47.467425	82.409275
306.528737	293.102176	49.175072	80.859425
307.325086	295.440544	47.821913	82.403031
305.830730	293.262202	47.472033	80.700690
307.388659	293.221338	47.073867	80.362978
306.226582	290.763697	49.133015	79.546345
306.319803	291.250693	47.774588	81.358085
306.102010	295.318299	48.487389	79.315338
307.173704	293.972337	47.651328	78.412417
305.593537	290.907207	48.071151	80.564094
308.136435	289.526712	47.452841	81.279530
307.078831	293.674205	47.624619	79.518809
