144.000000	63.000000	57.000000	89.000000
143.030947	64.037448	56.791216	86.706403
144.678443	61.645583	55.671323	90.125631
143.420872	61.097549	55.826878	88.306576
142.908521	65.013427	57.838123	86.412821
142.384133	64.866378	57.550189	91.095187
143.610524	65.396432	57.467965	86.857024
144.754880	60.699216	56.513832	89.109886
142.330318	63.784333	58.111029	88.524886
143.549981	65.748692	56.154581	88.045520
142.921269	67.847304	56.122929	87.247670
143.004086	62.782110	57.606857	89.764455
143.913120	59.871805	56.529992	90.423486
142.200778	62.524096	58.530345	90.005701
144.762344	63.301158	56.174560	90.913488
144.439086	63.816909	57.179584	87.668080
144.502937	62.638995	55.778278	88.501456
141.469779	61.456045	58.094192	90.767068
142.514694	61.533884	56.738475	89.370379
143.705921	62.455136	57.206287	88.946810
142.899605	62.601255	57.031371	87.364727
144.051670	65.122502	56.620746	89.322444
145.497094	65.336896	57.144200	87.925781
142.829029	60.313609	58.663251	89.095150
143.945766	64.811068	56.700563	88.987557
143.137144	65.102935	56.984592	86.866533
143.661887	59.946327	56.036790	89.793677
144.057318	59.985847	56.731367	92.395329
144.489885	63.900834	56.334631	88.850608
142.475456	62.666180	57.435428	90.013797
143.360387	63.856383	56.503269	88.930202
144.528297	63.345277	56.846195	90.305971
144.041182	63.228546	56.688532	88.956530
142.692404	60.314806	57.443578	89.585698
143.845284	62.592619	58.205273	88.030130
143.925273	63.629243	57.214340	86.204947
145.067620	61.834988	57.195490	89.279721
143.120660	63.382729	56.911070	88.635042
140.912562	62.435389	55.759307	88.282036
141.479841	58.639156	58.494815	90.711952
142.039727	63.084357	57.020961	90.005505
142.156649	64.363019	56.719112	87.730353
141.807598	61.028902	57.117303	87.368427
141.678452	59.076812	56.445595	88.284450
142.833372	60.537452	58.367161	86.962129
142.488819	62.835870	58.718211	87.029374
143.695026	61.805885	55.948358	90.540184
140.641986	64.004975	57.279459	87.564220
141.520156	65.662484	57.843020	89.232720
142.922985	65.019698	56.918499	91.958956
139.464294	62.164690	58.229439	92.657819
142.580124	62.953031	56.478818	88.214110
142.655525	62.322628	57.094161	86.458536
144.662322	62.660291	57.878206	90.826095
144.858998	62.725085	54.535720	87.953048
142.543127	59.850882	54.928129	89.162397
143.352103	60.248088	55.643024	92.815966
140.475619	61.407635	58.154097	88.523742
142.566010	62.404990	57.937257	86.956118
142.070700	60.872173	57.170286	91.469058
139.741582	61.543773	57.226386	89.128449
141.406724	59.032618	56.420639	91.940720
143.800155	59.712921	54.783676	91.086240
143.204257	63.732737	57.340421	90.692272
144.975099	63.649945	54.287222	89.296220
141.942705	62.607566	56.312945	90.683206
142.125538	60.669415	56.972128	90.427867
140.996892	61.723667	55.892798	88.595910
141.460768	59.684577	57.353522	90.471190
139.411493	59.724591	58.304664	89.528723
141.003397	60.683465	58.611394	86.414307
143.226559	60.785390	56.952431	90.256562
144.661050	61.698044	55.051707	88.944048
140.118665	60.551720	58.293939	90.422464
140.348286	62.396753	58.467749	86.988480
142.523507	64.358891	56.870956	88.888317
141.762572	60.402423	57.436697	91.412855
143.015056	61.805308	55.579993	88.600777
143.065399	59.872125	56.259359	89.313871
143.842453	61.949769	57.990614	88.118597
144.412629	60.851341	55.174887	93.169341
140.569117	61.330082	56.880531	90.905796
141.783295	62.134851	55.874973	85.072986
139.862721	59.221488	58.703709	89.365813
141.427281	62.113382	58.269396	90.403767
143.660065	64.149993	55.580196	88.875934
142.597651	61.281535	57.092951	89.285429
140.502676	62.390319	55.995689	88.729909
142.063873	65.055345	56.556031	90.750773
142.400641	64.932884	57.193828	88.989890
143.047496	63.314756	57.721267	89.824157
140.881000	62.089291	58.650028	88.430010
143.402877	60.810664	56.576399	92.558535
144.132156	62.744289	53.678417	88.734867
143.222037	63.868811	55.794126	87.993835
143.658472	61.058174	54.659334	89.406391
142.424289	59.996139	56.652605	89.373816
142.218279	62.143971	57.293136	90.583646
140.623205	63.775481	57.304389	86.370237
143.786985	60.784467	56.066324	91.753489
142.409601	61.560017	57.542459	91.883864
142.551384	62.680056	57.206839	88.452009
143.248725	60.089453	57.728869	89.164452
142.212277	61.974165	57.952660	90.449442
141.305282	60.666540	60.049113	88.129325
141.352228	61.161378	56.885788	88.453665
141.984710	62.185582	57.310386	87.538936
142.935091	58.026087	56.312652	86.338309
141.800647	58.563517	57.830570	89.773826
141.450513	56.670208	56.501172	86.523657
142.780835	60.931513	56.908201	85.361032
141.403474	61.234506	56.017569	89.817742
141.858198	61.904302	57.401715	85.979476
143.059467	59.571318	55.510992	87.672207
139.952614	58.644888	58.539494	89.524402
138.446804	59.206019	57.263313	87.997018
141.564256	59.688284	56.924150	89.954943
142.312670	61.544716	54.212834	88.490613
141.252904	63.650501	57.492142	89.100254
142.033481	64.323045	57.829320	88.918909
140.260218	62.862821	57.655956	89.591756
138.542293	62.415435	59.041692	85.331414
139.835622	60.264567	58.260066	88.213581
141.650574	62.410747	55.971104	88.789153
139.442996	61.679211	59.134500	88.303662
136.177743	61.504151	56.691800	90.612255
136.297690	62.955508	57.795564	92.591454
145.698251	62.429392	58.696093	93.285544
149.960310	68.799432	57.623073	85.724915
155.583914	68.329302	56.324311	88.320109
159.687642	67.790022	55.553280	88.994491
163.281479	69.589533	56.038378	88.607880
167.021193	71.048092	57.130613	88.732326
168.271718	74.700448	57.354712	87.752180
167.584382	73.224294	57.645248	88.387188
166.073284	75.026052	56.713889	89.085104
166.774762	72.402806	57.498750	89.300708
167.074937	72.489741	57.197472	89.745735
167.600621	72.382790	56.495611	90.155471
167.007743	73.035154	55.632658	87.910284
166.199572	72.346897	57.168206	89.150128
166.999636	68.158481	57.473927	91.311004
168.994647	70.653890	57.536249	89.436698
168.535257	71.774910	55.995622	89.436896
166.396429	75.793815	56.979161	86.594714
167.037446	76.072478	56.187902	88.393504
168.890439	75.316516	57.211729	87.493090
167.389064	70.697806	57.687401	89.527044
166.415992	71.344604	56.870700	89.479883
167.654540	72.007526	57.944925	89.008000
167.179349	73.907945	56.832891	90.157803
168.101205	72.577200	55.965235	89.716282
166.088361	71.505305	58.525945	91.554200
166.745972	71.831498	56.189593	89.768663
168.375326	73.756901	57.156486	89.609466
168.320713	73.352774	58.298556	90.115205
167.658287	77.309306	55.396604	88.563971
166.024260	72.890581	56.728983	90.269663
168.108354	74.741907	56.585244	87.976912
168.504073	74.295398	57.310045	90.018180
166.074159	74.929466	57.666207	88.816106
168.211497	69.604443	57.258764	90.809687
167.899542	73.012461	56.462999	89.144545
166.478744	75.100710	57.710091	88.008684
167.424521	75.035750	57.050637	89.635204
166.672221	73.464396	58.040131	89.575229
167.106176	73.405129	57.107168	88.019988
168.030967	72.820766	55.737784	89.927004
168.556996	74.428350	56.274386	87.275602
167.569817	73.936943	55.902905	90.397865
167.967998	73.802899	56.800771	88.792455
165.290902	72.729584	58.406631	87.585109
166.602681	69.913205	56.611122	87.830231
168.579032	70.943747	57.171004	89.647560
167.945969	72.290799	56.141310	90.373918
167.805501	72.708799	57.628190	88.512471
168.314926	68.405185	57.426308	91.803618
167.908925	73.653684	56.898917	87.407436
168.048212	70.593615	57.087871	90.439567
167.980752	72.881531	56.414482	89.972589
168.121823	74.656241	55.970313	89.022429
167.403597	75.558364	57.451331	87.367939
166.619322	73.172906	57.488349	87.201161
165.778300	72.098850	57.786368	89.673556
168.931066	73.751312	56.112619	89.905542
166.690793	72.031426	56.354062	91.466687
167.327342	74.081102	56.685351	87.265126
168.230029	73.635189	56.200767	87.928132
170.346656	75.657230	56.922572	90.394427
170.103947	74.907810	56.445979	88.381468
168.064390	73.856015	59.165306	89.391259
172.715835	75.398082	58.308944	87.716840
175.402379	74.116807	58.062631	91.250865
176.164463	80.538961	56.128085	85.980005
176.896205	77.610311	57.528307	87.892717
176.956629	76.432037	57.464278	85.813526
179.362067	80.313731	57.077029	87.780070
181.047054	78.727446	57.127805	88.192508
182.182518	78.209489	55.194075	85.128899
182.150493	77.600859	56.795752	89.104019
182.268079	77.726496	57.308457	90.783462
183.064843	78.640253	57.041162	89.959029
181.062334	79.537875	57.529363	87.947952
182.644257	79.812060	56.732955	89.566567
182.234446	78.808531	57.412394	88.589584
180.149613	78.242099	58.751847	88.855824
181.129052	78.572665	56.946387	89.390202
182.367458	75.868008	56.654461	92.462118
185.403769	79.479482	56.347637	88.397240
189.920198	80.409866	57.676325	88.027811
191.469909	80.741391	57.985001	87.792440
195.383439	80.248662	56.841360	89.564214
200.796025	84.153507	55.740573	89.920790
203.995342	83.638657	57.362224	88.495636
205.520933	85.473033	56.254642	89.260828
207.150229	86.238813	56.941126	89.284592
209.867209	89.047402	55.916905	88.857661
212.530664	87.055580	56.556780	89.551640
211.977289	87.369558	57.824814	90.667235
213.769397	91.120992	55.055871	88.422934
211.718159	90.068166	57.410830	88.332043
213.977185	91.529759	55.776215	89.371377
212.524390	90.204705	57.060104	90.272725
215.668561	90.714602	56.666375	88.583636
214.567952	94.908829	58.236746	89.168519
217.002739	95.996192	55.504737	88.108902
217.930873	89.609742	55.529214	91.341871
215.703888	86.121845	59.494574	88.842875
215.358657	81.126369	58.706214	89.321515
215.968304	80.200523	56.657354	88.639713
218.644942	80.394120	55.665045	87.903282
219.611525	80.729879	57.539635	90.211043
219.279556	81.041650	55.993506	87.980695
219.859012	78.737848	56.074116	89.213924
216.614657	79.865519	56.432867	88.559190
213.653723	81.009500	58.838070	89.288778
212.888096	80.746291	55.694056	87.404036
206.682399	82.487333	57.348786	89.061266
202.110950	81.587154	56.949641	87.552876
196.221175	81.544833	58.176515	86.530574
191.155955	79.920417	57.162326	89.399138
189.586309	82.465831	57.106995	88.581392
184.451340	80.791653	57.641012	90.274412
179.410284	79.927783	57.331444	89.736114
176.321258	79.095271	57.426546	89.715243
175.012278	76.811267	56.627389	90.413423
170.791143	77.957795	58.255327	88.714208
168.333449	78.337679	54.962573	88.592572
163.515154	77.677364	58.872806	90.282174
165.198459	75.387086	56.765791	89.762080
163.724783	76.344559	58.007973	88.603911
163.679071	76.308209	56.554427	90.141761
163.161411	76.779400	57.894755	88.122505
163.171077	72.899432	58.527411	90.932159
164.169403	79.435792	55.945065	88.211968
161.728120	80.419553	56.771797	85.990160
163.559692	74.031157	56.231683	93.693871
164.348570	76.511942	56.431069	87.696504
165.002273	74.151365	59.129987	90.245985
170.972054	78.868245	56.299357	90.424638
173.182874	79.158747	57.574919	89.445639
178.173009	81.396536	56.647891	90.108498
182.016097	83.749598	56.825535	87.815419
187.037851	82.299420	57.105140	88.234489
188.318052	85.274232	56.655305	87.532868
194.252958	84.340375	57.533793	90.515387
199.530962	88.638605	57.229718	87.535482
204.287884	87.840171	56.290744	91.321092
205.973743	86.948591	57.541691	89.977802
206.068920	87.214191	56.082564	88.224228
204.081613	86.681582	57.901935	89.874649
206.494227	88.147990	56.794606	89.635148
205.366727	89.586324	58.318848	88.111707
204.002853	88.955977	57.099452	87.503445
201.771144	86.716166	56.402614	89.625418
197.597416	84.608716	57.797550	91.560330
192.742977	85.763572	56.078672	88.982889
186.789224	84.401953	55.371905	88.873094
181.351497	87.624996	56.615967	87.985415
179.562940	84.966970	55.649306	89.698485
175.125326	82.695262	56.517640	88.890624
172.007690	78.053967	56.068884	90.748314
165.354095	80.568438	57.918100	88.663433
165.846355	83.225025	56.254404	89.593936
166.810545	85.116525	56.787263	88.534309
165.596182	83.475600	57.309703	89.624382
166.248757	80.901146	57.018421	89.664182
165.593000	80.296530	57.395933	89.397713
167.227413	81.239839	56.740649	87.806217
166.560984	81.694433	57.128743	89.529066
167.627730	82.547132	56.866979	90.001291
169.632358	83.207014	55.823017	89.030467
173.415985	82.200900	56.638792	90.740411
175.331564	82.752268	56.785764	90.289153
176.891330	83.879964	59.124261	90.004624
183.367239	85.800760	57.148397	86.723383
189.318609	86.650528	57.295763	87.768953
192.417139	87.894984	58.609349	87.704524
195.133203	88.726951	58.426455	89.332732
199.481281	91.816216	56.605986	88.072402
200.217375	89.202985	56.640116	88.717716
199.513717	88.411995	58.842908	88.294032
200.893883	87.835750	57.932474	88.392215
201.748531	88.784551	56.823953	90.379225
202.006021	89.270880	58.126955	87.954145
200.654034	90.731788	57.387283	88.458936
202.954620	88.251404	57.018202	88.253123
203.528656	89.256247	57.324461	88.290272
202.849157	87.492836	56.616701	90.997087
202.577729	91.786583	58.208993	87.337631
204.631831	88.450926	57.298839	89.557628
204.443721	88.552692	57.162178	88.298077
203.446442	88.379920	57.545851	86.584223
203.694030	87.287736	56.550605	88.703413
203.093868	87.427853	57.733875	90.227634
202.805372	85.873942	58.663624	90.496099
202.833669	87.710433	57.371233	88.999488
203.082883	91.108948	57.620322	88.145683
204.090623	89.790948	56.655778	89.905850
203.994924	90.593167	56.145028	86.305639
202.227973	89.265272	58.395909	86.820523
202.862205	88.429325	57.336188	88.941521
204.420254	87.891675	56.221816	88.750512
203.600693	87.569369	56.473964	88.673326
203.638242	85.651351	57.716016	89.419441
203.069171	85.802825	57.614850	90.330800
204.053436	86.031397	57.873316	90.651504
