561.000000	311.000000	22.000000	51.000000
557.561381	309.251494	22.168878	51.737871
553.324698	309.658102	21.648913	50.348391
549.938666	310.588916	22.193688	50.859865
546.248017	312.411414	21.995429	50.704026
540.837511	313.712869	22.307678	49.734494
538.551811	314.412080	23.213565	51.358491
533.281261	314.981689	22.389253	50.649991
528.191676	314.862980	22.183608	50.472655
526.208166	314.379107	21.582754	50.360739
520.923059	315.709075	22.543132	50.929692
515.944851	317.181501	22.083933	49.013404
513.674349	316.731616	21.549528	49.785721
510.381494	318.785159	22.076434	49.588045
505.988015	316.837377	21.883771	51.228261
503.569336	317.062358	22.070969	49.626723
500.839849	315.192548	21.804780	51.113224
498.337993	314.967344	21.033693	49.664023
495.236535	313.730325	21.838638	50.069472
492.909296	315.647056	21.706418	50.224834
488.673769	316.550659	21.971573	51.057694
486.158989	317.497901	21.798885	50.493525
481.892686	318.398620	20.979961	50.839615
479.325699	319.511039	21.248939	50.864765
477.014886	318.172385	21.030411	51.551968
472.650800	317.862870	22.904578	50.080002
469.671390	318.238798	21.795131	50.116736
468.403561	318.646116	22.031216	51.361293
464.828228	318.564783	21.450483	51.180444
461.802106	317.286574	20.230116	48.868186
459.371924	316.933917	20.296636	48.745547
454.905523	316.311411	21.505739	49.463517
452.675551	317.102822	20.747186	47.141542
451.249276	315.527205	20.785845	47.084771
448.663550	314.163890	22.280551	51.527497
445.393293	313.617063	22.550638	52.731478
444.386175	315.004609	22.158123	48.577156
442.683233	316.412322	21.627627	50.169253
437.753799	317.485923	21.733819	52.380466
435.538776	317.313466	22.047178	51.799990
432.006591	318.052200	21.561279	51.019141
429.850516	317.080310	20.417740	49.896081
425.194716	314.065451	21.672385	49.036101
422.876727	314.092125	20.066468	49.678012
420.224863	318.872779	20.720658	47.572864
416.723360	317.518050	21.366432	48.633611
414.298972	318.662002	22.409509	49.629528
410.586229	319.499672	22.097723	51.826577
408.952312	321.496236	22.086312	51.395792
405.790277	322.598518	21.431467	49.356637
400.967980	322.954748	21.535142	50.488757
399.085827	324.409270	21.361740	50.297269
396.073624	325.196068	22.384128	48.206512
391.909438	326.398736	21.923448	48.903358
389.935862	326.482302	21.500494	51.609634
386.405116	327.337743	21.675167	49.090230
382.002478	326.891201	21.485119	52.491100
379.076013	329.163982	21.516173	50.819396
374.372738	331.460629	22.823632	47.313621
370.598534	329.485944	21.589490	52.567423
366.653619	330.167894	21.224208	52.590480
363.132197	330.758975	22.297253	51.880516
360.285542	331.189718	20.973964	51.160309
357.252721	330.847786	22.054134	51.196091
352.584850	330.418160	22.427066	51.030517
347.113595	331.825299	21.826107	51.102260
345.134727	332.704084	21.840939	49.825509
341.744767	331.036905	21.334530	51.320822
337.442738	331.045876	22.018851	50.623403
335.546406	331.206560	22.179138	48.955673
332.683500	330.683827	21.327024	51.157051
329.482607	330.348752	22.069002	51.808404
326.542969	330.427225	21.764797	50.713260
322.625068	330.785311	21.619911	49.404536
318.090170	329.733976	21.460602	51.342833
315.728088	331.522249	21.931577	50.601011
312.339196	330.666739	22.213514	49.558394
307.745199	328.684760	22.308486	50.660620
305.645112	328.834390	21.420275	49.022890
303.733920	327.425261	21.759337	49.052151
299.822986	327.178181	22.107144	49.724857
298.756054	327.601335	20.966342	49.906819
295.398762	327.528145	21.609775	50.910746
290.947832	327.555061	22.705674	49.848271
289.515282	326.632898	22.000188	48.621891
285.664576	325.389763	21.256152	52.349940
281.875763	326.304722	22.361211	50.721390
281.681741	323.643857	21.510830	52.010265
278.350884	324.600644	20.788963	49.371997
275.399115	322.482255	21.935488	49.309597
274.254983	324.030815	21.481025	50.544950
270.582918	323.768615	22.387020	51.233663
267.707984	324.989504	21.982208	50.134314
265.783052	325.796158	21.894744	49.824899
261.043581	325.128039	22.486348	51.166452
257.681142	326.036314	21.766196	50.549578
255.587857	324.834558	21.144518	50.407256
252.289403	324.607884	21.851137	53.688686
247.871973	324.020130	22.501705	51.897564
245.125157	326.260909	22.825798	50.397734
243.087212	325.640392	21.937406	50.224050
238.527618	324.264869	21.824560	51.209711
235.936536	325.690488	22.307176	50.566604
232.040644	325.036086	21.472093	50.087301
228.204990	323.739273	22.030189	50.457532
225.344849	323.250634	22.553742	49.559821
222.546626	323.542009	22.009551	49.770542
219.720523	324.130904	21.471180	50.636817
216.645466	324.596008	21.740549	50.916087
214.703110	325.373195	21.987804	48.715628
210.670948	325.139155	21.458694	50.951913
208.065458	326.911049	21.718488	48.442893
203.264416	326.120532	22.265575	49.937211
198.661548	324.747376	22.092472	51.666715
197.178335	324.022436	21.874879	52.454740
193.016862	325.864501	21.931663	49.935999
189.038167	325.334380	22.207342	50.298678
187.270325	324.953105	21.753637	51.707561
185.083795	325.504583	21.888612	50.853427
181.025615	323.855432	21.340162	49.589966
177.746495	323.406877	22.396582	50.664656
174.773231	324.559246	21.620629	50.880508
171.010066	322.679926	21.621446	49.903547
169.018900	321.691954	22.044176	51.112688
166.963755	322.851119	22.470978	51.279822
163.067039	324.001613	21.967597	50.686764
160.577554	324.088779	21.705625	50.708501
156.795655	325.116934	22.030874	49.283292
151.859548	323.930957	21.894325	51.029494
149.352420	324.637251	21.566879	50.087515
145.328774	323.458103	22.027086	51.036757
142.146015	322.858976	21.992200	49.796919
142.294498	325.089806	21.006421	49.537962
137.946343	325.847057	21.345362	49.495256
131.961744	324.924956	22.602435	50.049262
131.151553	323.839705	21.842493	50.433937
126.579248	323.891835	22.252818	51.361523
123.043762	321.810569	21.637407	51.210333
120.357994	321.961921	21.896295	50.166841
116.368292	321.857401	22.002529	51.708195
113.292864	322.294800	21.760312	50.974258
111.884125	322.995103	22.170824	50.134363
109.328163	323.019202	21.222510	49.640690
103.940222	323.958050	22.320167	50.485632
100.885516	323.199785	22.566950	51.345315
97.388444	321.553509	21.555355	51.487284
92.980905	321.059715	21.708306	50.649851
89.560465	320.968063	22.773414	49.672964
87.977233	320.362826	22.247535	50.849744
85.422702	320.327176	21.442793	50.360824
84.194482	320.023583	22.218928	50.352433
81.124791	319.883159	21.598068	50.284677
77.523374	320.579072	22.106300	50.152672
75.973516	320.406595	21.983257	47.647283
73.518054	317.405040	21.869298	50.904586
70.879273	316.709884	21.654916	51.133895
69.826005	316.489922	21.733172	50.332576
67.915162	316.198052	21.884225	49.935342
66.075336	317.107824	21.609811	48.671375
63.930302	316.105703	21.869628	50.381702
61.262722	315.360211	22.571361	49.343194
58.044940	315.444614	20.731756	48.400956
56.770030	315.958375	21.973145	50.215934
54.077416	316.890809	22.195187	50.915309
51.464657	316.623524	22.120646	48.915604
49.248828	315.490807	21.385274	49.550560
45.079171	314.446029	22.397504	49.400243
42.239502	315.098628	22.282221	50.718261
42.514205	315.530286	21.686996	52.343981
40.771737	315.194839	21.747459	51.703837
39.584357	315.262313	21.905142	50.661580
37.677981	313.873812	22.464710	50.971015
37.693359	314.479750	21.696403	51.058886
37.460420	317.179885	21.824915	50.688318
37.222858	316.308383	22.023700	51.684235
36.274153	318.816593	21.807498	51.136606
34.963653	317.053378	22.094842	51.401960
35.033487	315.349630	21.838982	51.634116
34.520871	315.212068	22.044554	51.063643
34.178406	316.762391	21.814155	50.890791
34.603932	316.528951	21.999677	52.952504
34.067667	316.954187	22.017446	50.140847
34.038639	317.060762	21.954444	50.306259
33.402294	315.375933	22.040386	50.384886
33.596987	316.324632	21.978726	49.879466
34.751678	316.457101	21.993166	51.581233
34.921521	317.026384	22.645101	50.942167
35.202218	317.634982	21.499482	50.810945
33.704206	317.831266	21.775842	49.300785
33.642791	318.124043	21.563729	50.374057
32.883437	319.299092	22.587510	49.532781
33.681651	317.061660	21.787340	50.463724
33.810893	320.053428	21.789511	50.249571
34.350120	318.202763	21.884200	50.256755
33.989487	318.472788	21.796037	50.743257
32.817853	319.045752	22.309114	51.119271
33.082702	317.964435	21.707587	50.948911
33.754328	316.725428	21.750587	50.881195
33.245369	314.656467	21.647392	51.331407
32.570946	313.463721	22.190332	51.894526
32.390826	313.865652	21.857238	50.458664
32.228608	314.980925	22.080388	51.837798
33.120386	314.272111	21.678366	51.346185
33.104792	313.554446	21.964824	51.264294
32.300943	313.576787	22.358606	51.855554
31.683949	313.717144	21.555548	51.584889
30.981686	314.047511	22.005196	50.081360
31.252870	311.630993	21.844241	51.246069
32.679449	312.133306	22.296998	49.931042
33.786616	311.673448	21.978970	51.749285
33.747338	311.947150	21.759596	51.177712
32.135682	312.628616	21.869163	50.644540
32.211915	311.434776	21.687902	51.638049
32.811532	312.664316	21.482065	50.596297
32.622797	311.446271	21.977765	51.299328
32.000040	311.149989	21.459607	50.671624
31.927953	310.767282	21.573142	51.153812
32.069653	311.625090	22.893830	50.360182
32.913217	311.946005	21.931838	50.198503
32.770428	312.432175	21.666090	49.896733
32.218448	311.175518	22.240833	50.145601
31.614624	310.722134	22.182292	50.956034
31.932010	312.472744	21.650550	50.983107
32.510957	311.431493	21.960805	50.784134
34.328326	311.156291	22.036800	50.280511
33.930175	311.269771	21.234918	50.776191
34.376642	310.651344	21.649422	50.167761
33.498255	311.443800	22.275806	50.255910
33.454305	311.533850	21.598199	50.780909
33.368992	312.176148	21.790434	49.408651
33.315598	310.769126	22.213329	51.800256
32.978026	310.852912	22.131776	50.515622
33.591645	311.717669	21.956942	49.852077
33.827619	309.986054	22.063494	51.196595
32.325666	310.606574	21.786835	51.940134
31.983123	309.835595	22.338433	52.482455
32.216533	310.147206	21.832155	52.037733
32.510923	309.718828	21.562120	50.021225
32.270920	311.050108	22.886165	51.014293
34.313463	310.665606	21.219088	51.204075
35.073128	309.153235	21.292906	51.516958
33.556144	311.189898	21.694115	51.978983
32.815320	309.487305	22.139419	51.993335
32.851004	311.132072	21.908344	51.207113
33.896963	311.606651	21.725258	51.621345
34.451400	310.626284	21.993247	51.315481
33.502772	310.567755	21.634110	50.678928
33.411239	310.928727	22.320333	49.826830
34.908381	311.246402	21.810818	50.990410
33.768691	310.640511	22.004968	51.444172
33.146216	311.787935	21.876691	51.249188
33.133509	311.596017	21.957594	51.748854
33.859258	309.608578	21.939797	51.164748
33.939143	309.302033	22.064717	50.658918
34.016700	309.993593	21.828198	49.434427
33.232386	309.878849	22.495715	51.403654
33.759643	310.086431	22.221458	50.870121
33.181337	309.770836	22.137635	52.069752
33.208552	312.237553	21.026622	49.868969
32.766993	310.037279	21.977138	51.847354
33.836405	310.802089	21.759968	50.281360
33.584137	309.177950	22.250193	50.768117
33.901569	309.389270	22.377838	50.251948
33.771800	309.323322	22.027450	50.483583
33.925739	307.874918	21.904148	51.142714
34.337319	309.045619	21.666866	49.871400
34.046357	309.568433	21.997301	50.974474
34.765283	309.113616	22.240840	51.171491
34.315309	310.201657	22.012007	50.936637
33.596954	309.317060	22.120145	50.538523
33.674180	309.893779	22.326682	51.287009
34.487729	309.125900	21.944886	52.769059
34.759684	311.394923	21.990669	50.011033
35.916667	310.579172	21.815246	52.518482
35.957044	311.376652	21.703289	52.670778
35.102781	310.821910	21.918551	51.063471
34.362013	312.223444	22.341132	51.227059
34.047559	311.308548	22.348964	51.314317
34.129295	313.059338	21.673752	50.599353
34.054022	312.312680	22.101155	50.463399
34.116716	312.501870	21.734309	50.840204
33.905319	313.889947	21.848684	50.768435
33.407878	315.144703	22.066805	51.219374
32.607488	315.440797	22.546776	50.805335
32.298705	317.396518	22.721289	49.947154
32.806498	318.352155	21.711966	50.287547
31.874202	319.251107	22.234948	50.259039
31.189405	320.011248	21.654934	50.691653
31.563882	320.089783	21.860775	49.233922
30.839746	320.396872	22.104071	50.608021
30.513435	320.901883	22.026969	51.366059
30.747594	321.881264	21.847557	51.670255
30.372767	321.245896	22.252435	51.914890
30.328788	320.371669	22.302731	52.358029
29.574424	320.682082	22.163024	51.803997
29.191114	320.037383	22.350653	50.730236
29.317144	321.498236	21.978505	50.899191
29.004744	321.842927	22.222077	49.993413
28.845438	320.384992	22.147001	50.040127
28.023551	320.306215	21.942891	50.870217
28.660592	320.345319	21.644414	50.805833
28.127440	319.308723	21.700391	50.775480
28.141587	317.958284	21.693484	51.812335
28.617363	317.699525	21.933371	51.409076
27.305149	317.572652	21.966085	50.315174
25.655315	315.830461	22.072846	50.934043
24.798607	315.916818	21.545406	52.906966
22.743478	315.849219	21.562065	49.450089
21.348198	312.409476	21.934864	51.254367
20.535461	313.117253	22.026870	50.643836
20.483514	313.191296	21.864755	48.042475
20.066926	311.517595	21.725657	50.017911
20.432022	310.506942	21.118876	48.473678
21.678466	312.038122	20.811473	50.313648
21.887383	313.026888	20.792290	52.382763
18.272091	312.365098	22.186555	50.558659
18.352235	312.293715	20.220638	50.790123
16.162488	312.230601	21.296131	50.927646
16.537327	315.861111	21.611106	49.500520
15.537768	313.544295	22.172373	51.064482
15.079989	315.167290	21.077747	48.229063
15.002923	313.375637	20.771975	53.170361
14.298345	315.073521	21.073760	51.815504
13.354310	313.820198	21.813697	51.082295
12.559747	313.913321	21.430049	50.805290
11.817249	313.059723	21.632485	50.718058
11.657189	312.164879	22.176786	50.574035
10.846035	313.829460	22.350331	49.937970
10.910835	312.604962	22.026096	50.610588
10.556200	313.396127	21.771412	52.079757
10.580455	313.782711	21.625589	49.880348
10.113038	313.526431	22.114206	50.510219
9.689645	313.235699	21.904218	52.598879
9.161122	312.131768	22.241813	51.810648
9.533213	315.852599	22.344227	48.686546
9.314771	313.664508	21.541047	51.380876
8.364343	312.338597	22.157939	50.110940
7.777386	313.598143	22.038569	50.182991
6.986553	312.961705	21.374471	52.343037
6.754254	313.436953	21.528454	50.566779
4.862586	312.306606	22.629680	49.941449
4.280234	311.234001	21.923211	50.991581
3.535843	312.917095	22.328549	49.599118
2.728688	310.501438	21.548594	52.504183
1.513247	310.525759	21.002948	49.252258
0.780312	310.265483	20.452997	51.814871
0.449146	309.884423	20.187206	50.326167
