176.000000	75.000000	47.000000	102.000000
174.688613	79.376905	47.567797	101.012286
170.163902	80.240841	46.795492	101.598100
168.215039	80.803395	46.229890	103.396112
167.425267	82.990030	48.045427	100.432161
167.072019	89.541219	46.656981	99.550559
162.535807	88.437855	48.763908	99.914265
162.046696	91.393902	47.972696	98.104142
160.768306	88.236029	45.737746	97.568551
156.465149	84.410616	47.365045	99.707916
152.161913	79.813913	44.223739	97.057927
148.050039	78.139640	48.261828	98.169212
146.531934	81.179321	48.033104	99.845543
143.836531	79.324189	47.329444	99.161024
140.942478	77.718314	47.191344	96.336937
137.260408	71.117655	48.705117	99.884859
138.818862	67.790847	46.673918	99.524286
137.289990	63.607220	46.093165	101.885312
134.548553	58.877688	48.258776	105.436432
133.195437	59.267155	46.548506	102.072425
131.390045	59.439777	47.606128	100.981511
131.139744	63.563317	48.366801	101.021992
131.595443	69.466337	47.573271	101.990374
130.554912	69.193650	46.827697	101.868363
130.451403	73.143056	48.231972	99.443592
132.787463	77.062477	47.103309	101.637185
133.455262	75.588309	47.143160	102.440883
133.768221	72.515917	45.795797	101.035684
132.798190	70.473306	47.722449	99.534677
131.888813	57.689621	46.820475	103.076272
130.018793	48.785355	47.848708	102.240396
131.905448	50.979216	45.092636	98.355629
129.676395	48.039172	49.477025	93.511701
127.666770	46.277207	45.313464	96.493590
135.765811	43.670108	46.380724	97.928380
137.030243	41.975553	47.106075	99.612302
135.886404	47.156998	45.600809	99.270830
135.582044	47.925360	46.492583	100.780129
136.875526	50.318402	47.038089	102.645851
139.186285	51.954021	46.828548	101.278723
138.489287	53.584205	47.639242	103.324810
136.419416	60.407260	47.648281	101.248236
136.259500	71.351841	47.627937	101.561636
135.597511	78.839346	47.022959	100.425582
135.157494	80.678406	45.705163	101.380357
132.314395	77.615996	47.426917	103.283256
129.236451	75.499508	47.622462	99.443183
130.159546	72.347173	47.210083	101.554173
130.169848	71.919258	46.594615	100.009163
127.725977	68.470639	47.977790	100.440620
124.961317	70.515184	46.920235	98.928927
122.538020	66.287026	46.931325	102.091708
120.891992	70.917281	47.880700	102.488613
120.972509	72.647184	46.748006	103.118060
122.072012	74.166785	46.728181	102.330817
122.958213	70.169651	46.157807	99.546281
123.972800	66.523776	46.862613	101.671199
125.646108	68.932656	45.842437	103.029194
126.984515	68.045387	46.964156	101.790700
130.850760	69.427260	47.211997	101.029632
133.648363	66.860115	47.134906	101.592651
136.382382	67.764702	46.000835	101.878079
140.641858	62.991071	45.330963	100.898011
144.331615	56.137900	46.183725	101.535095
147.072501	58.209433	47.493267	100.930795
150.374535	54.537955	47.392205	103.282491
156.244237	53.729194	47.170821	101.859803
163.134736	52.911791	46.631045	100.691678
163.669767	52.536391	47.314568	105.010704
163.408254	50.208513	46.802359	101.444585
165.228956	53.372698	46.452535	103.850753
165.789597	56.080198	46.430714	101.868225
166.994795	52.580410	46.313565	100.749394
168.589671	45.974981	46.154597	102.120525
171.820770	49.682329	45.499397	102.431225
172.563477	53.924241	47.315593	101.900296
173.999664	58.526497	46.754881	100.552747
176.915394	64.653516	45.418658	102.787782
178.112100	68.399235	47.348482	101.768211
178.663916	70.788587	47.063332	99.993105
177.776750	71.499900	47.544135	103.018542
176.910773	69.505063	47.093279	101.098951
179.187598	62.262268	47.250224	100.396122
181.468610	56.167700	46.257109	101.796752
181.080515	56.283591	46.787267	101.803320
181.256688	56.091556	45.977970	101.598029
179.033379	55.699890	46.469887	103.155153
178.555221	58.715467	46.342516	101.413713
177.379738	59.414240	46.771731	101.930704
174.050060	58.212062	46.987956	100.871310
170.337776	52.657571	45.726910	99.922581
168.141863	51.786768	47.954746	102.444453
170.008634	51.192061	46.430852	103.285326
170.403122	51.379659	46.365619	102.037833
166.355870	53.083170	47.139367	102.823428
166.702010	55.284782	45.566983	101.454932
166.151077	54.568589	46.089138	99.770116
165.531305	54.963179	47.709505	102.401262
167.617983	59.096274	47.953537	101.781299
167.939398	63.130487	45.706179	100.969175
166.238560	61.855919	46.734515	104.114423
169.204452	65.504645	46.617637	101.217825
166.777560	67.384920	47.579636	103.171000
161.588851	67.134923	46.666234	102.143163
158.653982	62.431386	46.712065	103.356577
156.607553	62.198175	47.546500	101.916261
155.511572	58.878570	46.812453	102.089241
154.313673	56.571044	46.944223	100.183391
147.861880	46.971305	48.675370	102.256766
146.560533	44.769576	46.950329	101.736139
142.163571	44.885585	48.622935	100.688676
139.354336	42.924059	48.011679	102.333345
138.866818	44.429922	46.620697	101.949046
137.202604	48.199052	48.578231	103.816025
139.216913	57.249675	47.538479	101.334377
138.621548	63.509757	47.036541	101.446153
139.933104	71.398965	47.050394	102.170871
144.247924	77.514099	47.991561	98.799327
140.714404	67.441294	47.431615	101.805399
140.889314	55.671830	46.227957	101.957386
140.061875	48.456765	46.649373	102.261914
139.110266	39.745112	46.738172	102.203307
140.217957	37.346269	46.072148	101.928782
138.128326	33.186118	47.560450	102.532544
139.044012	33.833536	47.285037	99.229784
139.023570	33.195403	46.700027	101.446425
138.138162	37.702727	47.314316	99.512679
135.578155	42.441203	46.763312	100.433646
136.671522	44.410181	46.211665	99.706901
138.909475	41.847480	47.493897	102.346554
143.786965	48.637693	46.943087	99.714654
148.679815	47.532467	46.364344	102.739522
147.826854	52.999561	46.903447	102.496431
147.335984	59.170482	46.085420	101.744612
151.404741	70.604252	46.909432	103.471586
150.516301	82.925273	46.947275	97.380459
139.426276	78.083138	47.278703	99.446208
136.771575	67.517217	47.899620	102.674946
139.375873	61.662551	47.064578	103.645034
145.161488	65.879934	47.152898	99.903820
145.443166	60.333857	46.299811	101.267496
145.841981	62.436338	46.575843	101.628654
147.028547	60.411547	46.448521	100.412900
150.756113	62.654570	46.206920	103.182385
154.128435	70.599379	47.234696	100.414167
154.755202	69.420203	46.530379	102.122083
156.276821	68.035257	46.477811	100.591821
159.774321	69.656329	47.248389	101.837943
162.525855	67.617620	47.228993	101.817704
161.738174	64.446305	47.164182	102.264241
163.092611	63.927141	48.262661	103.454364
165.893049	65.880691	46.571149	101.421867
163.881337	66.560945	47.537061	102.082166
164.459704	64.416531	47.395280	102.276668
168.341473	60.851178	47.545233	103.971401
172.604794	53.549661	47.380150	103.872633
175.479575	51.921775	46.925349	102.819937
176.468607	49.598938	47.222709	103.275078
179.042235	44.531258	46.438533	103.848931
180.492777	40.348404	47.307672	102.606968
179.834735	39.919438	47.610693	102.716267
181.012483	45.256777	46.976761	103.417683
183.215190	48.216436	47.542833	102.060969
184.224821	48.941047	47.723611	102.437134
184.803381	43.442618	47.346178	102.815634
184.331791	44.677855	47.606711	104.192831
187.989634	52.468150	47.847081	101.580681
191.170842	59.028321	47.146167	102.443497
191.770542	61.642548	46.703509	105.753096
192.562307	71.430270	47.794855	100.050597
187.448623	71.218535	47.294569	100.919686
185.803927	66.776941	46.971655	102.912327
185.626773	58.880774	46.646643	103.882564
185.005739	55.137325	47.093433	102.519851
182.610959	53.667427	47.412950	101.915843
182.494752	55.406316	47.029587	104.260084
182.728076	56.878418	46.795695	103.332713
183.012453	58.508511	47.216209	102.529352
179.827976	59.921870	46.051548	104.109470
176.365968	56.798629	47.120446	102.081225
173.506889	58.404186	47.571015	102.141485
172.838239	59.615853	46.455813	100.074532
173.271616	56.273785	47.188149	102.026877
174.849874	53.807431	47.622112	102.144716
176.813522	51.452404	47.235668	102.771548
175.842315	52.491829	47.408288	103.554545
175.627145	54.408516	46.369231	101.499007
176.772070	55.185008	46.703845	101.243665
177.782432	56.105174	46.644587	99.117170
177.197650	61.010216	47.939509	100.677909
179.143972	63.636689	47.234408	103.199834
179.587084	65.254116	46.582093	101.835804
177.794685	66.843065	47.571136	99.803067
176.573632	63.859927	46.516595	100.739547
172.026056	64.296738	46.276229	101.348170
168.338464	60.362258	46.646529	104.511162
163.336954	57.845919	47.336759	101.399930
160.535323	50.124243	47.141766	103.107874
155.849315	43.519685	48.134365	104.880058
153.430129	45.746562	45.798247	104.499258
149.748435	46.171938	47.395582	103.000743
146.956105	47.783760	46.697239	100.604482
144.587332	54.965318	46.704641	101.812544
141.606524	60.466631	47.368416	103.750547
138.024283	67.230974	48.196754	101.724915
138.234547	71.737214	46.756757	100.081643
141.699066	73.732914	47.550363	102.855530
147.425984	73.294560	46.817525	102.694359
148.193758	63.180352	46.193040	103.166271
146.168634	52.123120	46.847188	103.406080
147.632622	44.245251	47.356819	102.112513
146.951346	37.002243	47.141324	99.936305
146.242345	35.204225	47.170948	101.544224
144.559242	37.681176	47.505393	102.260787
143.815065	43.114300	48.515301	99.561583
144.649283	45.610731	46.583005	100.292925
142.329665	45.691100	48.657445	103.359266
145.367276	50.105731	47.460519	102.717831
146.417950	53.583921	47.455139	101.648856
148.412669	53.399812	47.147482	101.111545
149.044311	59.263469	48.014941	100.983333
147.458114	65.139227	47.118032	101.123642
143.543503	72.992267	46.879583	101.857180
140.699782	77.260564	47.158961	100.665694
139.664816	77.174597	46.612834	102.110353
