150.000000	53.000000	40.000000	148.000000
148.721775	51.955483	39.839983	149.940815
146.825648	52.484855	40.925036	146.246661
143.190026	54.344628	40.775730	148.854426
141.309087	55.429191	38.834176	142.885626
140.387263	57.277181	40.232033	150.286100
136.395736	59.252676	39.054883	146.846748
135.719468	61.272659	40.558340	149.734047
135.751456	64.271096	38.457622	149.526916
133.712088	63.711140	40.157138	144.153789
131.434855	65.572102	40.258890	147.552253
130.766882	67.782053	39.898422	149.160917
130.286756	69.015765	39.496988	146.808418
128.627285	69.193800	39.681036	146.067713
128.387743	63.799204	39.241570	146.377159
127.999325	64.811793	40.539552	150.133136
127.829887	64.676134	39.998891	146.772429
126.824673	58.130923	39.991762	147.880134
127.504507	63.651795	39.779462	145.001448
125.972166	63.545499	40.695425	146.844824
125.762544	60.722141	40.035678	146.326990
123.841612	57.132682	39.874860	147.889940
121.886233	59.265350	40.906692	144.050142
122.832466	61.279987	39.955554	147.382208
121.968424	61.623093	42.079617	149.073611
125.583330	71.921547	40.118172	138.408307
124.984182	64.002645	38.882947	146.994738
126.614105	64.890785	39.446048	146.411456
127.776903	66.591848	38.639398	145.514112
129.602203	70.199126	37.049384	145.890303
129.910406	71.730854	38.169765	140.823785
129.636092	65.750507	39.524382	149.544956
131.625164	68.870620	39.592074	142.712142
133.285814	68.425192	40.130527	137.339617
133.261718	58.799473	39.494767	151.001569
134.540719	64.608247	39.088863	133.308337
137.296890	56.597757	40.589803	152.083092
139.783589	55.290092	40.697530	145.590017
142.893016	60.761525	39.384777	143.446211
144.020802	55.660258	39.412250	149.005539
141.904109	55.662477	41.257075	147.653059
145.852765	56.807688	39.224736	150.700498
147.558279	59.891437	40.713086	147.952779
150.376648	62.402855	40.367443	147.858274
150.905676	62.517858	39.790081	147.908674
153.077516	62.511540	40.428458	145.039229
156.392654	61.665625	39.920619	148.491651
158.013676	65.199978	37.245642	145.893509
160.789444	66.307497	39.143185	146.123372
165.184556	60.599806	39.144158	150.877212
164.461092	61.903970	39.618662	147.850669
165.843167	68.011840	39.469547	143.652138
167.531013	68.526142	40.617506	146.511610
168.988863	70.823924	40.419962	140.029957
170.936658	66.684465	39.645760	143.779325
171.952146	61.899321	39.448633	148.070530
170.610449	63.330239	39.530283	148.655660
172.787067	59.345084	39.404078	147.365476
173.316736	56.249724	37.913685	153.273549
173.155000	61.030445	38.906640	144.316167
172.417563	59.293249	39.901786	146.856345
172.837096	63.748681	40.061533	143.884040
173.538272	60.186265	40.499583	149.372188
173.297804	64.270053	40.323087	144.151200
172.998158	60.817441	39.970350	148.135482
172.590828	65.747500	40.443627	144.895020
173.169971	65.876468	39.515232	148.864274
172.443734	66.894884	40.515793	143.113265
173.533739	64.587301	39.456033	148.182642
170.898716	64.467118	40.098725	148.669569
171.269759	66.437413	41.108490	147.223100
170.203154	63.166822	40.009018	147.286827
168.231502	63.086664	39.720012	142.917879
166.375738	59.300387	39.600476	150.451923
163.188696	58.284815	40.181884	150.997749
161.603202	56.015837	40.702620	147.879580
159.869924	55.332651	40.205347	147.702030
158.823130	51.748539	39.832092	146.279210
156.623568	56.705471	40.049921	146.992187
154.946859	60.117377	40.454781	148.472365
153.305623	59.137891	40.132314	148.354631
151.614746	59.822988	39.455650	148.687499
149.141899	52.577639	40.233516	151.526695
147.236060	54.355754	39.764578	150.809928
144.974380	55.550963	39.726351	150.681144
143.687519	63.613002	39.300978	150.890377
139.966404	64.179304	41.538359	149.543741
139.256841	65.879235	40.314704	150.836218
137.162755	71.278833	40.443576	146.555571
137.303065	72.735922	37.648454	146.876668
132.337283	66.915167	39.912213	147.559789
132.915795	69.138614	39.742920	144.246844
132.661643	69.085710	39.726994	146.018109
129.417810	66.687185	40.159675	148.399881
129.735783	67.704763	40.059490	145.581337
129.713512	68.289765	40.615586	145.101654
128.897284	64.210908	40.047548	147.029390
128.730442	59.348191	40.373850	148.439633
129.198055	57.961613	39.494091	141.728366
127.597119	55.253395	40.718121	146.802333
126.680208	60.811557	40.463799	146.217485
126.860105	58.585411	40.120998	148.961076
126.208419	59.323874	40.498506	148.121643
127.094341	57.320557	39.516969	146.477150
128.886683	60.919775	39.479144	149.694345
129.548086	60.933026	40.130828	147.747704
131.141850	62.580827	39.729619	147.218091
128.406399	63.080448	40.813998	149.431279
130.730269	64.568756	39.891181	144.793752
132.064748	63.587353	39.529250	147.426433
134.709969	57.689229	38.864496	152.806100
133.534565	57.914017	39.671142	152.545518
136.365161	56.518695	38.038530	148.477151
135.861597	57.416284	41.457810	138.361009
137.643361	54.970321	40.050621	144.573501
138.643576	58.377509	41.736189	144.580998
142.480994	54.790404	38.656660	145.434650
142.720089	61.997075	38.905153	146.744030
143.315266	60.935630	39.525099	146.726473
145.875293	64.579935	39.067787	144.111187
146.103147	68.530075	39.498155	144.930110
145.675345	69.979369	39.016160	146.421954
146.132139	76.272223	40.163999	140.956031
147.160045	78.876442	38.908292	138.936464
148.550389	75.358750	40.309114	148.452469
149.493827	84.131197	38.588805	135.828363
150.884091	83.081641	39.587593	142.906449
151.071925	77.209447	39.914010	152.189625
153.575775	82.242190	39.558862	142.269884
154.037373	74.397355	40.884414	152.353327
153.945937	80.005475	40.295048	145.714169
157.404865	78.525834	39.849574	143.635892
158.603558	71.150494	41.054530	148.859630
161.424926	72.461193	39.955641	145.580288
161.759213	65.369670	38.865327	144.658866
163.684528	61.700711	39.588857	147.378937
163.167559	60.774358	40.761576	149.827200
165.906593	60.132436	39.489053	147.561394
167.458821	59.497565	39.964673	150.309302
166.955633	56.994233	40.628294	147.480870
165.333901	56.652520	41.071441	147.606211
165.864276	58.477061	39.759732	147.807758
165.471218	52.386912	40.808130	150.500410
165.114279	57.841812	40.366609	143.795251
165.417624	51.337621	39.811429	148.118506
163.854203	55.698083	40.554093	148.623589
165.687273	56.514520	39.779870	147.820407
165.098539	56.427863	40.682679	147.276020
165.825906	57.454779	39.567020	148.692719
164.752671	55.638675	39.249968	149.033645
