83.000000	200.000000	35.000000	131.000000
83.434869	206.142963	35.096504	132.106605
85.920925	203.714133	34.984205	130.216879
88.647289	203.333809	34.685305	130.787991
96.077732	201.800973	34.787581	133.333728
102.650772	206.378748	35.040619	131.947043
106.752686	206.413311	35.359084	129.891725
109.426264	209.883674	35.073598	131.270659
112.078327	208.355589	35.180414	133.569657
114.455853	206.661946	35.354773	130.363498
116.683232	204.082376	35.283074	133.176432
119.440986	202.564820	34.616576	130.811887
121.865029	203.219644	35.421915	130.580009
123.618221	203.206169	34.273965	128.462460
127.319249	200.829930	34.583879	133.816968
130.589664	205.690991	35.033705	127.600317
135.633791	203.199250	35.297472	130.521925
139.685427	205.671825	35.885394	132.276559
143.028853	200.736339	35.010007	133.672732
147.479047	202.179006	35.605685	132.818292
151.644792	204.884967	34.401356	130.254278
153.774789	203.982128	34.664651	132.196264
155.446604	205.759746	34.525085	130.891379
160.086153	203.584156	34.166657	129.139481
163.102170	209.032146	34.417078	125.879489
165.782517	205.108825	35.522533	133.080195
170.734784	197.952891	34.008633	133.981944
172.323569	196.202254	35.587034	129.623279
176.579173	199.543620	35.298679	133.086992
181.222245	202.192723	35.848269	131.426172
183.547717	202.520536	34.216197	129.051542
184.486947	201.825724	36.207011	136.476640
187.022665	200.269291	35.082072	131.582947
189.619423	198.256234	35.624927	128.355315
193.479306	197.867115	34.853616	130.430687
196.655805	200.676119	35.245911	128.247666
201.748610	199.239869	34.546062	130.589310
205.854951	200.045137	35.794334	127.338753
212.314060	196.424630	34.917884	130.019737
217.841015	197.390596	35.331044	126.896723
223.455032	194.599080	34.741005	131.268261
227.003910	195.374279	35.640801	130.211512
231.007077	196.498476	35.416692	130.738407
235.089497	195.355706	34.959422	131.270926
236.832430	193.487345	35.168820	130.474591
239.481004	192.631506	35.195086	130.751875
242.933351	195.052058	34.546197	132.404106
248.177962	195.436780	35.683205	127.903190
252.077898	192.343845	36.604130	133.119619
259.641026	197.666002	35.415426	128.794308
265.252243	197.313195	34.913768	130.232462
269.089657	200.532292	35.486189	128.244857
273.014239	196.558649	35.631882	130.484265
278.331659	194.921009	35.093792	132.801114
283.355518	200.197568	34.719125	129.939030
288.794618	195.525650	34.714620	133.074424
293.354555	200.036482	35.133891	130.325549
299.158937	198.322191	35.395223	129.962957
303.255638	196.852939	35.547947	133.177695
307.113876	194.332988	35.273492	132.841856
312.200520	192.787567	35.708454	131.829549
317.159693	200.227391	35.136073	129.067621
323.768249	200.346347	34.697989	130.959345
327.698456	197.983477	33.699869	128.323468
330.431925	196.856031	35.729556	130.107170
334.053226	200.183846	34.573898	131.885029
337.612766	202.342987	35.042227	130.038568
342.535365	200.863500	34.658434	132.838747
346.931808	202.162981	34.565929	129.851960
352.929446	202.270676	34.571683	133.353739
358.832858	201.143904	35.230931	129.155892
364.307848	201.670315	34.196301	133.951475
367.457333	201.205395	35.197991	132.708224
370.354320	204.752117	34.898010	134.046481
372.966185	201.967483	35.133917	132.848821
375.709585	201.085005	34.829716	131.194180
379.031074	206.116485	35.595158	129.504966
384.054608	202.322764	34.935974	134.097394
388.919687	200.467362	34.209845	134.243696
392.407249	200.990141	35.200883	125.084702
395.841582	204.468777	32.718471	123.574637
396.234112	195.797053	36.087458	132.798305
395.000847	196.500189	36.666826	129.243021
393.917860	194.083347	35.849995	129.678777
391.760040	194.070838	34.531954	128.485755
391.263912	194.793703	34.514978	132.368920
389.448449	196.258004	34.248485	134.063489
385.188350	203.907514	34.376360	128.466833
383.465872	199.843823	34.746151	134.556529
381.302951	194.191396	34.529490	130.715542
379.333563	199.738740	34.425506	130.055393
376.212546	200.616121	35.447080	131.241142
373.892433	204.893885	35.204892	126.725187
371.947278	204.155101	35.435518	130.906788
368.959421	202.075351	34.674815	131.058223
367.009864	204.609687	34.669212	131.325787
364.774004	205.559058	35.419900	132.869477
362.736012	205.579014	35.487406	132.503114
362.960720	206.075447	35.061054	133.419820
366.892176	208.921267	35.001144	129.744728
368.691196	205.125132	35.192762	129.758107
369.737654	203.802744	34.030504	133.583096
370.866955	207.075023	35.890499	127.680823
370.735548	205.772691	34.454795	131.180387
370.119256	207.494633	34.169818	131.218543
368.434103	208.258011	34.648471	130.514762
367.382860	206.962706	34.535747	129.323261
366.628551	211.569440	35.820043	130.974220
368.679459	211.415199	34.739001	131.605024
369.048597	210.996132	34.916205	129.648545
365.485877	215.094219	35.387988	126.047646
365.072733	212.589858	35.160293	126.993061
368.634187	211.286566	36.129656	130.112123
369.669853	213.025269	35.583185	128.678379
370.190817	209.972759	35.343713	128.655264
372.702955	210.215604	33.583469	130.584348
373.815951	211.506711	35.491091	135.125224
375.071945	213.492646	34.501062	130.433344
374.027902	212.149529	34.962379	130.742068
375.639551	214.262261	33.774020	131.122848
377.046437	214.689552	35.730561	131.218420
379.082984	217.167907	34.979091	131.038476
380.654367	219.830613	34.353256	125.134841
381.769817	218.838863	35.930436	130.546200
386.960045	218.836348	35.386846	134.102029
390.036641	218.031094	35.372712	130.097913
396.211936	216.615407	35.586153	126.199057
402.362473	216.646409	34.627292	129.585820
409.577743	216.538641	35.442204	127.032885
418.783157	214.914936	36.089103	132.599147
425.027843	216.770258	34.994344	127.142256
438.489058	214.925399	33.200194	130.731301
446.849441	216.554653	35.341957	128.863774
455.019559	214.720504	36.081052	131.062879
464.738114	213.383691	34.861762	137.742302
469.997961	214.704100	35.108781	133.132504
473.375594	209.797086	33.696874	133.308885
474.682812	212.905660	34.831154	133.465279
478.756746	213.709495	34.171645	130.163665
481.723690	213.493350	35.501710	132.531518
485.567902	216.647432	33.857626	128.148947
486.196652	214.966243	35.469581	132.808359
490.767496	215.198768	35.956327	132.260791
499.445873	215.716281	34.462705	132.680674
503.170872	219.196992	34.921429	127.181333
507.919936	215.481307	34.434913	130.631021
513.867081	217.846457	33.619292	129.705401
518.260880	215.727965	34.385948	128.314850
522.727947	211.676486	35.031160	131.802175
525.448007	214.858080	35.438706	129.626423
526.057775	213.147145	35.232326	131.632800
526.146797	215.955046	34.297211	129.020990
522.237958	210.761634	34.374542	131.326163
517.135111	213.577850	34.748144	129.388846
509.213769	209.352948	34.417505	135.986993
497.342672	215.519007	36.052638	130.457433
490.756434	215.045309	34.468180	130.885307
483.796639	211.556747	35.984502	131.917935
474.454870	210.283969	35.082066	125.154142
467.968514	210.086074	34.812479	129.273303
462.886453	210.130501	34.867962	131.851200
461.343177	214.337755	34.910093	133.072886
457.741981	209.494351	34.762186	132.720111
455.507271	211.468206	35.807601	129.792835
453.921982	207.007541	35.502921	131.908182
452.972500	209.387752	35.507401	133.253125
454.486217	205.920415	34.603115	133.454000
454.534740	203.859379	34.152090	132.798345
453.667113	205.443150	36.020917	128.739874
454.511100	204.335035	34.360885	130.205366
451.532949	206.229399	34.957228	128.248135
449.037169	206.351859	34.750111	129.273915
446.098688	207.284748	34.785477	130.380602
444.917327	201.619634	34.771061	134.531588
443.519979	204.111907	34.930733	129.412698
440.470333	200.450250	35.415250	131.876221
439.792700	202.866742	34.717853	134.751873
438.169009	202.986847	35.214555	131.675928
434.054333	209.608088	35.027852	130.344428
431.425086	206.119450	35.276054	131.095993
427.511916	202.819994	34.927455	131.894602
423.069479	202.346644	34.945036	131.723576
421.018018	210.923892	34.747976	129.244579
417.070636	199.817309	34.960632	133.880996
412.737270	200.021601	34.691637	130.214641
410.969533	200.784498	34.907131	124.026204
408.391292	197.846841	34.436480	131.277870
408.930715	200.720861	33.799849	129.395603
406.799194	199.871654	35.066213	130.979057
404.370177	200.801054	34.605144	128.481981
401.446158	203.652995	34.818881	134.063965
397.693941	199.733100	34.726183	130.639747
394.537085	202.272819	34.318696	131.811804
392.748440	198.765614	33.808058	132.311893
387.222184	195.772244	34.907474	133.301243
384.660425	197.897441	35.134635	129.582667
383.647078	200.584541	34.744370	129.070958
381.958369	200.912541	34.648675	131.168326
380.784015	200.587349	35.057954	136.178579
378.849038	203.765175	35.011991	128.962966
375.225686	203.374340	35.925234	131.646589
373.759836	201.141443	34.586250	132.639191
372.926105	200.115778	34.610206	131.380377
370.756550	198.424381	34.530553	129.134816
368.479852	198.417061	33.559672	130.498736
366.981312	198.961317	34.029200	133.382705
367.852836	203.088181	34.459142	135.446249
368.315082	203.012654	35.220910	129.199064
367.906252	200.874018	35.080865	129.745649
368.079600	204.797884	35.624247	128.356470
365.384491	205.548172	35.405670	129.387681
362.604147	203.155031	35.154181	128.087607
363.523567	207.055948	33.973807	131.879110
361.799755	202.328709	34.200054	130.367503
360.111964	202.225913	35.246650	127.315906
358.726967	199.206808	35.347893	128.070782
357.584443	198.635678	34.731819	130.073957
355.031933	197.579457	35.690161	132.785939
353.591118	198.557764	33.981388	128.801116
349.174457	196.501278	35.386346	131.205733
346.252743	198.038744	35.355417	128.731277
345.560193	198.951960	34.904753	132.195611
344.210545	200.208500	34.915583	129.054760
344.636863	195.192067	34.606465	127.431510
344.451426	195.062373	34.724917	126.780566
342.953901	194.297226	34.954595	134.556800
341.268926	194.326326	34.147825	129.626119
338.547708	195.409117	34.077064	132.107954
334.830433	196.311481	34.303586	125.431844
330.472546	197.894450	35.538813	126.411588
331.684943	199.385816	35.963043	128.209129
329.653622	196.640877	36.858158	129.022143
328.361696	193.008491	32.337602	139.619726
323.465240	196.989712	36.043855	129.349601
321.889994	197.530782	35.240430	131.990819
317.286166	198.795090	34.457404	132.242032
314.870510	193.737858	33.177772	137.024466
315.323329	189.461860	34.505520	129.671218
318.485151	190.061513	34.134077	128.257432
316.531239	188.249957	33.642875	130.562450
315.777643	189.713955	34.286505	128.891902
313.000153	191.678204	35.409513	128.720885
309.699107	191.581686	32.826751	124.050931
305.825464	186.191997	35.426601	126.266894
304.403475	181.776933	34.813365	131.115942
302.006624	183.395725	33.785792	128.818896
298.657604	183.482811	34.043743	131.302956
294.286269	182.791456	35.015933	131.045680
290.219233	187.361452	33.295852	124.010651
287.074405	188.702973	34.401568	129.260072
282.048011	189.570431	34.857732	131.107434
275.744581	187.645377	34.799705	130.205650
