139.000000	112.000000	51.000000	36.000000
139.744228	112.768516	51.453637	36.561846
138.608367	115.580217	51.748552	36.380941
137.449496	118.565405	51.231835	34.955835
140.363503	118.048810	50.935378	36.673714
140.100739	119.644510	50.384900	35.824294
138.703335	120.789918	51.857594	35.170459
136.962288	121.416318	51.910578	35.776154
137.485498	120.886580	53.098280	36.394434
138.769030	120.857326	49.523777	36.016195
136.822457	119.824913	51.803092	36.178544
139.221132	120.667633	50.409322	35.575947
138.130632	119.590579	50.460484	36.618580
136.518483	120.429083	50.715684	36.722852
135.742852	119.507535	51.493457	35.310775
137.553179	118.766953	50.187317	35.958861
137.038162	118.988872	51.083110	35.403859
136.950120	117.960799	50.355938	35.792236
135.606121	116.961514	50.385004	36.452036
134.555944	116.273727	50.591905	35.781460
136.544238	117.478715	50.560268	36.306318
136.650396	115.683180	50.722332	36.396965
137.640299	115.457568	50.202600	35.686365
135.561466	114.438591	51.838874	35.725081
135.721215	113.988274	50.799988	35.922024
137.047858	113.521328	50.432123	36.071979
137.258492	112.772772	51.444435	36.161685
138.243526	112.654648	51.475485	36.710084
138.433199	112.838245	51.707079	35.771070
138.232911	111.997562	51.313277	35.890285
139.551899	111.950477	51.129610	35.727563
141.426710	111.202912	50.003462	35.896755
140.711076	109.367421	50.469080	36.225631
139.925666	109.933411	51.301624	35.722006
139.516537	109.857744	52.308445	36.045584
140.927049	109.352333	50.633729	35.335523
142.743696	109.324162	52.020750	35.914691
144.478486	109.573555	50.536040	34.860468
146.699897	108.246302	50.409215	35.822979
149.346653	108.126799	50.481710	35.906624
151.469885	107.458683	51.688437	36.278631
154.098865	106.288767	51.368136	36.857662
159.037850	105.278630	51.844428	37.082165
160.568537	107.109814	50.914167	36.350878
163.062578	109.942875	52.352798	36.457719
165.549309	111.735242	50.304382	35.696347
167.130654	113.139844	50.712633	35.606188
169.989251	113.383575	51.161360	35.877222
170.939116	110.865546	50.783736	36.410000
172.288427	109.523416	50.729104	36.618223
174.974173	109.944030	52.168281	36.486295
177.968434	107.230466	51.404264	36.088062
181.032504	106.552556	50.776323	35.081688
181.028613	103.405504	51.593425	35.584031
182.635609	102.779809	50.674737	35.872092
184.425652	102.121961	50.367954	36.175941
183.441755	101.767597	51.736146	35.717692
185.068258	99.839048	51.222184	35.980996
187.518092	98.731298	50.741809	36.068801
186.869146	99.697830	50.934508	36.454961
187.347531	100.380192	49.857659	36.068146
187.994488	100.549964	51.329003	36.681196
188.368027	101.256015	51.981432	36.636591
189.132206	102.617297	51.122079	36.059496
189.286333	103.664031	50.603259	36.310954
189.969759	103.603815	50.114405	35.670815
189.075446	102.615730	51.328796	36.412556
188.325533	103.282880	52.296713	36.473437
189.211147	104.067904	50.174821	36.655013
189.602683	104.404816	51.401178	35.615833
187.688797	104.412844	51.666225	35.530627
189.083703	104.219223	50.539972	37.006462
187.753797	104.306337	50.464947	36.256522
188.426720	104.484063	51.068124	35.641920
187.980421	102.963949	51.389906	36.408016
186.169364	103.563029	50.619196	36.088211
185.471683	104.146567	51.592264	35.842398
183.682531	106.062414	51.481929	35.576079
184.600960	104.356025	51.273912	36.013867
184.426844	102.511479	50.842354	36.416902
182.404507	103.892904	51.260544	35.439180
180.501706	102.695846	50.602912	35.545186
180.437153	102.363301	50.438181	35.205930
179.147909	102.201145	51.207804	36.353149
177.345219	101.606030	51.462285	36.702270
176.590689	101.154616	51.670099	36.456455
177.009274	102.282216	51.497603	35.651418
174.686601	102.532941	50.678376	35.784544
172.724440	101.665528	51.724863	35.378074
173.231109	100.345063	50.268859	35.772026
173.065390	99.637388	50.972707	36.625512
171.552084	100.226001	50.248859	36.981894
169.644350	102.592501	52.175889	36.054257
171.636900	102.037027	50.610404	35.499027
168.886533	101.319199	52.108565	36.130241
168.326975	102.766257	52.488268	35.735559
169.019022	103.228806	51.769482	35.996773
168.591260	104.113973	50.709064	35.469973
169.727501	105.635897	50.362128	35.853412
169.945834	106.036209	51.245855	37.251768
168.734552	105.377506	51.090519	35.879992
169.864287	105.165293	51.380923	36.162874
170.764023	105.358243	49.994155	36.059441
168.743213	106.554312	51.415474	35.422312
167.002221	105.403377	50.120617	36.164873
165.342072	104.451340	50.923275	35.534737
165.409704	103.861764	50.729881	35.801439
163.636827	103.805556	51.716428	36.123520
162.935822	104.003513	52.070591	35.962114
164.354235	105.296199	49.378405	36.890023
163.550477	105.280969	50.953990	35.227855
163.216377	105.228529	52.248242	36.032208
163.614114	104.145417	50.946650	35.654107
164.319224	105.008230	50.934237	36.622813
163.162093	106.047365	51.392215	36.415857
163.899497	105.253640	51.023039	35.466218
162.074922	103.698323	51.736193	36.879542
162.946510	102.494358	50.003061	36.429663
163.116484	103.075386	50.281892	35.308147
162.594275	102.827947	51.839711	36.646181
163.326892	102.838171	51.904723	35.615137
164.783387	101.748286	49.901056	35.281373
163.968111	99.260908	51.046529	36.207410
163.951674	97.841422	51.083635	35.768422
163.639272	95.990327	52.209091	36.258791
162.681007	93.824394	50.757911	36.565031
161.656487	94.922989	50.476987	35.385324
162.619230	93.383805	51.394775	36.053980
161.718319	91.282679	51.733734	36.139839
162.966295	90.828631	50.798592	35.437964
163.822060	89.390572	50.826038	36.383910
164.197420	88.240912	50.964185	36.328330
164.339561	87.007977	51.655351	36.995270
163.911390	86.236595	51.417432	35.972046
165.042841	86.130701	50.142677	36.708124
164.822312	85.620125	50.488185	35.235898
164.636498	84.463421	50.215186	35.163986
164.345994	83.992046	51.791838	35.571679
166.366526	84.283384	50.691406	35.867974
165.950058	82.875870	51.202671	36.789881
165.837118	83.556989	50.641696	35.673424
165.854780	81.633432	50.681039	36.706647
165.783254	79.984418	50.405438	35.641151
166.463443	79.564862	51.021820	36.669218
166.959437	79.715453	49.923268	35.570127
166.326017	79.581347	52.260099	36.028963
167.156996	79.097916	51.641801	36.468875
166.589085	78.858749	51.193295	36.863749
166.469823	79.829196	52.059833	36.393799
165.659763	79.410240	51.090313	35.022434
165.595681	78.955723	50.422811	36.765354
166.273845	79.689757	50.914584	35.456735
166.007582	77.635657	50.509524	36.352931
165.071342	76.978689	50.898238	35.870973
165.719332	76.229288	50.343996	36.115955
166.458592	76.213449	50.278465	35.409346
167.065390	75.228940	49.388222	36.057809
168.417976	74.907570	49.071140	35.842487
167.711337	74.940931	51.650915	35.453128
168.259645	74.322019	51.499736	35.866653
167.023404	76.532234	51.941389	35.499124
168.803982	74.782765	49.703020	34.935383
169.354057	73.606233	50.468002	35.749393
166.679899	76.090431	51.386293	36.038815
169.347847	74.292518	49.687109	35.608824
169.244761	71.459379	50.735345	35.764580
168.709267	74.772705	50.538958	35.504721
168.781173	73.850419	50.310081	35.585759
168.684658	74.294497	51.201798	35.773464
168.591463	73.331463	49.082340	37.101894
167.940096	74.207780	52.982184	36.008210
167.318082	76.198715	50.588886	35.582447
168.226654	79.251572	51.782326	34.437886
168.946836	77.298867	49.810188	36.152425
167.025305	77.921124	50.740874	35.409845
169.283153	78.758032	50.299915	36.624888
166.815585	81.710882	50.327843	37.160704
167.491041	84.040061	51.207468	35.924807
167.812490	82.222533	51.128283	36.817528
167.438164	82.310967	50.655300	36.781081
167.338785	83.003731	50.823068	35.219724
167.527412	84.461075	51.335399	35.998486
167.420012	85.898430	50.513419	37.223458
168.534715	88.619672	51.059432	36.177440
167.461458	88.346587	50.523099	36.403217
167.626365	89.398030	50.712877	35.330694
169.141829	90.272111	49.799939	35.934536
169.192211	91.626595	50.061428	35.137686
169.235914	91.777756	51.495625	36.204405
169.391504	93.651794	50.749089	35.841426
168.817660	93.660531	50.418653	35.724150
170.876007	94.410492	51.158283	36.752858
171.389957	97.977191	49.750520	35.517622
170.516767	100.228935	51.940958	35.390725
171.364257	100.349682	51.070907	36.241025
170.633088	100.889067	52.012997	36.426722
171.520276	102.221596	51.898282	35.759342
170.193162	102.717888	51.372347	35.530026
171.678439	102.507022	51.767993	36.345218
172.213100	103.653037	50.922729	35.604073
171.677118	104.886721	49.723202	36.528749
170.359615	105.375640	51.710594	36.129961
170.367816	106.239061	51.344310	36.994939
170.255142	110.451856	51.173471	35.685941
170.146390	110.016558	51.536434	35.831222
173.437622	109.897648	50.761689	35.839705
172.439728	111.532942	51.597724	36.420282
172.859978	111.395846	51.168569	36.585005
172.740730	114.823389	51.991452	35.469874
171.756711	113.768124	50.890191	36.062141
172.327243	115.355672	50.705574	36.608675
172.483292	115.983142	49.562145	36.394871
171.816457	117.425568	51.273876	35.441767
172.957664	118.466095	50.618074	36.427637
172.892285	121.076898	50.440560	35.536019
172.573596	122.098349	50.456355	36.866613
172.223161	123.522425	51.797942	36.287307
173.845419	125.906223	50.577817	35.470987
173.501848	127.063417	50.200048	35.733124
172.916125	126.765322	50.817310	37.698145
172.987498	130.491300	50.548609	36.048115
173.463529	131.921541	49.569766	36.429905
173.529869	132.945512	51.196975	36.204302
173.092184	133.486678	51.314774	35.588249
172.344741	133.989940	50.671578	36.157582
172.854519	134.233620	49.071601	35.468445
172.716829	134.657546	51.188624	36.370669
173.126803	135.581522	51.863995	36.544977
173.963968	137.033159	51.223177	36.432609
170.708113	137.765273	52.357979	36.737407
172.831867	136.934933	50.444226	36.069018
172.051168	136.653236	50.221211	37.072871
173.326057	138.543033	50.812936	34.864153
173.419351	139.775270	50.216115	35.659514
171.797030	138.580570	52.083780	36.253596
172.035605	138.060449	51.289809	36.152841
173.103662	140.197014	51.244738	36.486212
172.262711	138.824033	51.255859	35.791539
171.191325	138.251635	51.180519	35.261106
172.260800	135.497187	50.735747	36.620165
173.109187	135.649480	50.790375	35.332761
171.049918	133.450606	51.379626	35.226899
170.404485	130.672196	51.145808	35.937169
170.002720	128.524061	50.081328	37.286085
170.712182	127.692805	50.995462	36.400448
171.449664	123.168987	49.340416	36.099613
170.334497	121.358167	50.733884	36.954119
167.561624	120.474979	51.944194	36.115905
169.545249	117.153454	50.862030	36.312240
171.431849	117.176158	50.651227	35.367437
169.748402	117.211003	50.198282	35.557407
170.172306	115.316810	50.863861	36.389411
171.461008	114.001825	50.587993	36.520054
172.028045	115.329518	50.601561	35.109516
169.781124	114.395173	51.950643	35.799669
170.777467	113.633269	51.216434	35.276994
169.909400	112.624493	51.372608	35.544150
168.505607	110.705058	52.158420	35.882976
168.383561	110.650003	50.698073	35.880669
166.224577	109.881792	52.027055	36.707740
164.797141	108.644961	52.595429	35.821037
165.863591	108.243588	50.635023	36.508507
165.573498	107.999017	50.674209	35.811978
164.269605	106.291077	50.954682	36.610684
164.411604	102.786172	50.336807	36.764963
164.563886	102.805352	50.349066	36.865292
165.047363	102.548924	51.849951	36.466552
166.023561	100.611496	51.438810	36.084903
164.974745	99.820203	50.495437	36.793942
165.337189	98.181253	49.913285	36.032323
166.318918	95.866748	51.711117	36.474828
165.509125	96.419401	50.556209	35.097012
165.971923	96.061066	51.105337	35.924916
166.171617	95.569119	50.907044	36.956103
165.710619	95.590085	50.783637	35.226369
165.460514	95.732784	51.966253	36.270950
169.446215	95.820460	50.240371	35.386743
167.131239	96.269962	52.131057	35.758964
167.077092	95.093673	51.434222	36.852084
169.193498	95.083162	49.635662	36.778387
169.943091	95.295254	52.276309	36.106743
169.791673	97.243390	51.662270	35.706309
170.845795	96.080451	51.353965	34.737696
170.213992	95.238355	51.634695	36.173826
170.712000	95.519055	50.846248	36.424713
170.457420	95.382918	50.756424	36.775094
169.609775	94.334383	50.114170	38.063256
170.441240	96.450081	50.645896	35.671108
171.670590	94.456004	50.719209	36.589439
170.827599	94.586652	49.617008	36.683062
169.402138	94.221149	52.063897	36.663730
170.065226	95.013271	50.486174	35.980513
170.170162	95.183816	50.807056	36.719507
169.659916	96.523067	49.542779	34.452819
169.731920	96.986488	51.850023	36.727251
168.974180	95.706691	49.113119	36.577976
169.689691	96.740977	49.556243	36.603697
168.462727	98.148844	51.290042	37.340295
169.569860	97.728518	50.265773	35.007096
167.712271	97.232757	52.226538	35.664456
169.238674	96.526829	51.307679	36.875507
169.250784	96.884416	49.146670	35.940707
170.370835	97.221555	50.185478	37.073357
169.033188	97.636626	52.161236	35.860069
169.980216	96.449916	49.568973	37.561679
170.652586	97.425678	51.755109	35.482131
171.436158	98.266820	51.174487	36.715299
170.748426	97.903913	50.310022	36.013616
171.594966	97.976174	50.227196	35.854916
170.280892	95.270077	51.880716	35.842974
170.434583	93.116522	51.359772	36.398358
171.828715	95.086934	50.618626	35.635227
171.818053	96.893481	50.016853	36.407368
171.792073	95.843560	49.896819	35.689254
171.061265	95.494937	51.780680	36.108757
171.784437	95.759232	51.375130	36.259633
170.447899	96.630953	49.953674	36.492864
170.766849	96.453720	51.622980	36.151289
171.951450	96.189578	51.639834	35.652245
171.900946	95.877508	51.554858	36.216729
172.307632	97.165584	51.563378	34.901191
173.411410	95.023350	50.580584	35.806866
172.642587	94.631345	50.035706	36.193876
174.298525	95.212010	50.274188	35.686600
175.203421	96.008518	51.539647	36.740380
175.902086	96.383235	50.866324	36.009823
176.342508	95.314771	50.417356	35.890438
175.330135	95.619756	52.067047	36.057191
176.130941	95.778794	51.229857	35.362930
175.756832	95.184628	52.132293	35.894937
177.617668	95.953842	50.988757	36.058217
176.918609	95.065476	50.911078	35.671352
178.317365	93.816625	49.412860	36.864022
178.630698	94.938953	50.861432	35.510611
181.193620	94.726392	49.882148	35.700863
178.205358	95.313814	52.001224	35.942317
180.342025	95.951733	49.705772	35.867254
177.927023	95.733923	52.928306	35.718121
181.200331	96.819917	51.688830	37.036166
180.325988	96.349910	51.727882	35.765471
180.249536	96.263650	51.317592	35.783841
182.230288	95.686546	50.638106	36.925932
181.391807	97.151085	50.870754	35.426587
180.477247	96.318869	50.761069	35.600451
179.792893	95.167151	50.587738	36.054123
180.982680	95.363252	51.011303	36.323656
181.950316	96.180358	51.626190	35.333373
180.321696	97.159935	50.722653	35.558095
179.835957	97.565871	51.498027	36.353888
180.864248	96.031945	50.735584	36.080408
181.013620	97.067616	51.247660	35.937864
181.083045	98.038429	49.899846	35.484895
180.013564	98.836589	51.054265	35.400167
179.702392	98.252693	51.624371	36.342623
180.801245	98.831196	51.357077	35.444476
180.515125	98.292085	51.319324	35.645292
180.735878	97.847036	50.945197	35.456890
181.379830	98.650675	50.254219	36.516967
182.616695	98.773331	50.734851	36.112870
181.153414	99.239556	51.908095	35.662494
182.178227	98.501343	50.555744	35.665848
183.510811	98.772837	50.585301	35.740492
183.787372	97.094806	52.092955	35.736050
184.567724	95.079996	51.280840	36.781528
184.568694	95.786097	50.921753	35.659129
184.409022	96.987660	52.137584	37.080008
186.021563	98.264411	51.469754	36.114711
187.462686	97.647757	50.042374	35.682500
185.156226	98.380478	52.105454	35.608774
186.023089	98.181539	50.710967	35.142812
186.758077	95.971149	50.999592	36.714446
186.246963	96.389138	51.365339	35.733744
187.593988	96.694156	51.494478	36.274858
188.587519	97.483959	50.313660	35.873328
188.309278	97.010723	52.134266	35.378646
189.078591	96.822661	50.500591	35.961511
187.213299	97.714588	52.227228	36.272280
189.823040	98.767123	50.602056	35.588649
188.079310	97.356406	51.374667	36.115921
190.842087	96.764637	49.835061	36.610089
190.700885	98.254557	52.094890	36.145030
191.232618	97.861917	50.373988	36.356865
190.603647	96.936495	51.496511	36.510266
191.250535	97.630180	52.174443	36.916170
193.397964	99.664494	51.174447	36.667545
192.804514	99.378420	51.591115	36.145979
192.501113	99.134903	52.129039	35.948461
192.986671	98.688456	50.483167	35.601650
193.003016	99.179190	50.234731	35.956542
193.572097	99.826540	52.359777	35.015179
192.711211	100.322050	52.225645	35.211918
194.312347	98.804144	51.194412	36.751054
195.281778	99.841440	50.701835	35.572327
193.024618	99.225682	52.434203	36.305636
193.460428	98.935598	52.951578	36.459320
193.753256	99.456207	51.907851	35.838407
194.015281	98.362568	51.636217	36.184898
193.135463	99.199303	50.564890	36.476353
193.809910	100.519223	51.986768	35.781713
194.535915	100.698119	51.424159	35.433375
193.469661	100.016544	51.516672	35.887594
194.550509	100.237899	51.121803	36.250923
195.233659	99.564767	50.045033	35.934059
195.556237	100.111321	51.200266	36.017655
195.878742	99.346856	50.017396	36.888037
194.412070	100.975434	50.820934	35.854307
196.158504	100.313167	50.130665	36.167058
195.412502	101.132542	50.697913	36.493995
194.923059	100.824234	51.099261	35.533837
194.814120	100.839531	51.096204	36.521603
193.462597	99.509863	50.891293	36.157268
193.121536	100.659782	52.680924	35.132106
194.703143	99.573452	52.108838	36.173656
194.697882	98.977130	51.931572	37.112047
193.506058	100.153578	51.211724	36.247719
195.598995	100.275475	51.754630	36.049162
196.818054	100.792940	50.841068	36.045033
195.639406	101.286510	52.245615	35.621572
195.005003	100.349981	51.450578	36.210543
194.453641	99.561799	51.363990	35.787762
196.459949	100.197042	51.184025	35.957712
194.955779	99.740864	51.022747	35.837072
196.270464	100.311637	49.551477	35.447229
195.830536	99.098645	51.186203	35.549284
195.484066	98.883981	51.011664	36.020518
196.907598	99.917964	51.017992	36.118904
196.485295	100.596493	51.343883	35.262569
196.901034	99.916887	50.678619	35.589085
195.957088	99.559907	51.760078	36.011578
195.616792	99.348084	52.216607	35.915433
195.465345	100.111788	51.963064	37.078617
195.338812	99.514799	52.857863	36.383961
196.928663	98.553783	50.860497	35.352785
197.850327	98.679140	50.596381	37.101105
199.509083	101.052043	51.035032	35.773871
199.854062	101.258854	51.597983	35.346934
198.683339	100.125007	49.652743	36.650152
198.386235	99.271132	51.192107	36.388247
197.171425	98.624086	51.553378	36.000640
197.585465	99.880359	51.773304	35.823002
196.882753	98.351785	50.517174	36.601305
195.094652	99.642606	51.461807	35.967885
196.872343	99.716190	50.190011	36.151287
194.409929	98.999273	50.702456	35.908641
191.104928	97.898543	50.702831	36.149332
191.115969	97.178882	50.761371	35.766501
190.181480	99.925498	49.776242	35.170216
188.483715	99.708851	50.421675	35.841090
189.547317	99.638235	50.932058	35.791365
190.213087	98.791588	51.504916	35.796910
190.764952	100.126782	50.790472	36.054858
188.405223	99.176480	50.853177	36.601379
185.284815	99.123005	50.596520	35.790350
185.371717	100.489582	52.061433	36.963678
185.751810	98.869624	50.815349	36.274366
185.041539	98.549781	50.529861	36.498684
184.389695	98.772805	51.080215	35.982057
186.142368	99.300529	49.633952	35.642859
184.399137	99.947674	49.905681	35.260752
184.103903	99.332213	50.409365	36.346133
183.954527	99.873054	49.319561	35.910980
184.522399	99.501033	50.566617	36.472903
183.349564	100.091122	50.874446	36.188797
185.015757	100.207711	51.139123	36.011147
184.601463	99.062499	50.905222	36.406267
185.404991	99.699004	50.838979	36.263982
185.580545	99.124004	50.425171	35.922009
185.309395	100.697499	49.792622	35.886242
185.323996	99.350477	50.684027	35.853454
185.478556	100.142927	52.180102	35.848042
186.393852	100.481177	52.141350	36.413573
186.423491	100.696258	52.083661	36.006163
188.009681	100.505635	52.021914	36.055901
188.090475	101.302999	51.241923	35.396838
190.144269	102.291245	51.690519	36.709382
191.233003	101.598339	51.148316	36.049015
190.434973	101.805054	51.397856	35.447893
191.789793	100.918409	51.895359	35.949362
191.860453	101.012595	52.135804	35.684077
192.391098	102.427392	50.703028	36.288941
194.111848	102.999737	51.737230	34.874195
193.883330	101.613377	51.919300	35.842644
195.016368	102.981596	49.961645	35.476103
195.522639	102.357249	50.810067	37.228063
196.435345	101.757325	51.687290	36.135067
198.420536	102.723925	51.331645	35.803607
200.086848	101.857593	51.350157	35.942825
201.924866	100.520202	50.524855	36.822464
201.390047	101.625569	50.058612	35.988227
203.697137	102.411898	51.591290	35.892710
204.616490	101.335171	51.450920	36.158053
205.941648	99.570178	50.781069	36.991923
205.910774	100.406148	51.980049	36.072985
207.549498	99.058220	51.034995	35.806757
207.529766	99.832613	51.205858	35.680197
208.644936	99.336430	51.463608	37.190887
209.814813	100.230544	51.079864	36.112928
211.948358	100.488358	50.192280	36.257422
212.913074	99.202317	51.074018	37.136970
212.210739	100.156433	48.832954	36.952006
208.362392	100.201351	53.260505	36.334857
208.821966	101.172518	52.072304	35.970568
209.750065	100.874546	50.287388	36.224165
206.762693	101.559883	51.752949	36.338168
205.548757	99.924858	51.175833	35.362570
203.262151	99.463666	51.371824	35.792296
200.374408	99.427475	51.460240	36.828930
201.118929	100.421285	51.305373	36.361679
198.623829	100.549225	51.946961	36.991677
197.960442	99.892345	49.498024	36.992129
195.556019	100.725328	51.139272	36.109208
194.160955	99.949533	52.056547	35.999388
194.019368	98.077014	50.743811	37.143299
191.933195	98.703796	52.060519	35.654550
190.366825	99.502325	50.759674	35.515820
191.843784	99.016721	50.317865	35.212380
189.714191	97.483335	51.038468	35.967290
188.531083	96.531359	51.401770	36.768334
189.727802	96.238797	50.896871	36.240225
189.885867	97.156326	51.199890	36.139783
189.512444	97.351148	51.749396	35.211679
189.247547	98.319455	50.879781	36.492483
189.213524	98.735590	49.818524	35.532938
187.976677	97.313469	50.292137	35.909096
187.579762	97.230904	50.884822	35.548532
187.771435	95.932570	50.714018	36.093965
187.567802	96.433672	50.764559	35.736883
185.709831	95.652438	52.107690	37.105214
185.214153	93.791444	50.993418	36.023148
184.442169	92.348723	51.277018	36.307709
185.989466	90.136267	50.511123	36.743741
184.606952	89.687189	50.623424	36.306186
186.053683	89.260134	50.151499	35.699864
185.714049	88.438443	50.938502	36.028136
183.573417	87.809637	52.505903	36.034113
183.711190	86.600941	52.795863	35.785328
184.823118	86.858156	51.181099	35.708983
184.531912	87.060097	51.505767	35.954993
183.822976	87.056619	51.857265	35.446244
185.267963	86.078873	50.921238	35.481448
186.145933	86.549560	50.638229	36.322736
185.872291	84.830712	51.059009	36.108967
184.622313	85.207051	52.938085	36.642823
184.772838	83.503828	51.610811	36.447970
185.996270	83.507215	51.263519	35.944465
185.001362	84.875624	53.657043	35.428680
187.183920	82.093871	51.202539	37.084668
184.804058	83.589831	51.280987	35.733051
186.052847	83.383833	50.810196	36.275129
184.919430	83.936899	51.451034	35.257945
186.830144	82.934929	50.105437	36.414736
186.042088	85.550415	50.932501	35.695083
186.012762	87.113235	50.619938	35.591269
185.989115	87.916638	51.492252	35.936220
186.597418	89.084000	51.962857	35.598802
185.749191	90.204200	50.616238	35.715719
185.809856	91.586322	52.057812	35.869779
187.723168	93.188122	49.599474	36.583177
186.057611	93.867130	51.906282	36.093978
186.154395	95.481364	50.452309	36.216720
184.009786	97.573396	50.829439	36.636916
185.422281	99.409503	50.562715	36.572825
184.406238	102.698457	50.828448	36.288327
183.212544	103.506064	51.544348	35.388290
182.869554	104.643525	52.168808	36.137290
182.839686	104.937156	50.656651	37.068208
183.704339	106.571492	50.575598	36.299003
183.320266	109.974323	50.530193	35.180789
183.276156	110.625816	51.425750	35.122467
183.137221	111.917081	50.267897	36.784057
182.208014	114.039015	49.497266	36.990601
181.580444	117.903172	50.293425	36.364674
181.644875	119.748043	50.464101	36.475926
178.327607	123.771656	51.854075	35.822304
178.802762	124.952794	50.524591	36.465768
178.160664	128.875157	50.718898	35.622198
177.427334	130.524166	51.863734	35.386779
177.857137	131.205877	52.040445	36.091971
178.293378	133.235039	50.774185	36.524002
175.986265	134.653843	50.435698	35.514767
174.476574	135.024128	51.420656	34.505051
174.223230	133.769430	50.471038	36.524359
172.192151	134.597469	51.055445	35.504115
173.316966	134.406897	50.631217	35.066320
171.464479	131.580261	50.134401	36.038627
171.713024	130.994849	50.259029	35.689705
169.971156	130.294942	51.737815	36.221632
169.376329	128.849470	50.551150	35.826850
167.908499	128.060166	50.903358	36.726795
167.773415	127.803429	51.779772	36.692397
167.651072	127.562663	51.746363	35.709251
167.086571	127.238988	50.749782	36.079412
166.289060	125.626259	52.046556	36.429312
167.817371	125.520298	51.324559	36.033969
167.582450	126.657448	52.147080	36.093475
167.942793	126.720850	51.749793	37.219458
167.977781	127.845662	51.902469	36.297747
169.194575	127.294657	49.990464	37.584370
168.140490	125.643442	50.692803	36.042241
168.776490	122.842469	48.807210	35.841460
163.859732	120.101574	51.539865	35.969962
161.054712	116.606829	50.968437	36.491177
159.108299	116.371486	50.384924	35.912419
156.868905	117.124727	51.511298	35.473924
155.928093	118.216209	51.719099	36.870188
157.901454	121.677795	50.094076	36.356337
157.937479	121.747102	50.217869	35.675253
159.950683	122.796508	50.028284	35.681233
162.416710	123.813781	50.659371	36.526806
162.896392	124.639032	49.829010	36.684030
161.783170	125.047828	51.543264	36.889191
161.059417	123.220150	53.167527	37.240125
163.754464	122.321760	49.804347	36.534753
163.262798	119.131519	50.073897	35.904685
160.956119	114.815789	50.118998	37.064399
160.153875	113.399008	50.674387	35.723805
159.838711	112.607607	51.806104	36.842734
160.018238	112.738214	51.307529	35.876670
158.023072	110.728685	50.651682	35.864701
157.370274	110.326117	51.206287	36.481336
155.476753	109.568529	50.863791	36.334071
154.532685	109.666203	50.293094	36.688373
154.634831	109.659929	51.509847	36.762173
155.035092	110.482159	50.785834	35.799702
153.651920	110.758521	50.890223	36.417249
153.022464	109.599294	50.211842	36.005570
152.068968	107.827724	51.169043	36.001733
150.738055	105.221844	52.126768	36.217342
149.129845	104.465858	51.807297	35.983065
151.752915	102.909364	50.458001	36.121486
151.820439	102.946391	50.942990	36.138678
152.367881	103.466713	50.703855	36.355092
151.202429	104.581921	52.484230	36.198687
153.804121	105.793763	51.331520	36.362704
151.800045	107.333062	50.023618	36.627454
151.428850	106.416093	51.191741	36.223822
149.426697	104.294947	51.331767	36.717062
149.322273	103.357848	53.071433	37.337987
149.228179	102.980946	50.520965	36.020469
147.613412	101.641208	51.797934	35.660661
147.036430	100.148499	51.367005	35.826637
148.060410	97.806060	51.089520	36.207119
147.133310	97.948867	51.158639	36.382822
148.589332	100.412943	51.381028	36.091651
149.198973	102.004435	51.125523	36.338066
147.790364	105.308199	51.719447	36.262189
148.009164	108.156279	52.473085	36.314189
147.723047	109.674673	53.749238	36.376465
149.243100	110.261141	51.684718	35.837701
148.560138	109.464415	51.392404	37.208157
148.057067	109.387597	52.757454	36.886918
149.101892	110.678129	51.889013	36.518013
146.821860	108.422968	51.676461	36.929580
144.837472	104.432853	51.914398	37.358832
144.502177	102.152063	51.073742	37.296870
146.862154	104.135490	51.129279	36.949214
147.017686	105.555042	52.350840	36.184214
146.563007	106.234406	51.938726	36.019612
149.396849	107.620525	50.573095	35.730997
153.200237	107.686468	51.166598	36.503151
156.226689	108.483349	50.126151	36.913458
155.534116	109.269545	51.768452	36.314273
155.984088	109.914172	50.776140	36.477738
154.335126	109.694598	52.033473	36.390075
152.509560	107.896486	51.139117	37.627697
150.353328	106.721335	52.490119	35.607918
149.877317	104.387185	51.493632	36.695013
145.196954	106.198796	50.934922	35.850231
143.562500	107.753708	51.108037	36.736415
140.820046	109.614416	51.894055	36.768867
138.480411	112.779741	50.691921	36.205228
136.415706	113.732291	51.661001	36.567297
142.066558	114.535065	51.810445	36.348279
141.720164	116.143725	51.948626	36.158586
141.053152	115.308323	52.184204	36.754648
139.644912	115.494710	52.395356	36.433336
137.392618	115.416195	52.555577	36.437295
137.894197	114.634206	50.836899	37.008725
140.201997	114.598862	51.728349	36.329158
142.320080	113.550449	52.795016	36.170562
143.687065	112.455688	51.471133	36.806051
144.798494	114.099372	52.536886	36.209435
145.790265	113.901310	52.655585	35.593654
149.937730	112.793823	52.249815	36.506231
152.099714	112.108263	53.861537	36.625784
153.188594	111.732352	53.093762	37.297730
155.534606	113.279028	54.280720	36.833583
157.675123	111.715820	51.823153	37.213658
153.709316	112.966691	52.576657	36.531780
148.395451	111.303253	52.154396	36.870775
143.578639	111.952803	51.612727	35.948063
141.691294	112.219161	53.806266	36.298975
138.242709	117.040419	52.602154	35.772884
139.204456	118.576618	51.892797	35.929694
139.296193	120.249222	52.972790	36.375377
138.344747	120.305564	51.685203	35.960660
137.385812	119.319358	51.759577	37.200670
136.238025	120.929958	51.882134	35.948108
132.904044	120.844887	53.230623	37.633037
131.112625	122.460064	53.564134	36.601984
130.601064	122.566718	54.655436	36.710182
132.207274	121.387269	53.043799	37.723267
132.245658	121.349856	52.721111	36.759292
136.647219	119.882612	55.225620	36.628045
135.278075	118.153541	56.107847	37.337464
135.574208	119.877956	55.215256	37.283855
132.159452	117.757250	53.038103	36.477978
132.556385	114.401160	52.156636	37.764057
132.426504	113.958441	51.462990	36.698703
124.174855	109.892023	52.799396	37.217974
119.037364	109.428897	53.131664	37.579721
113.710088	108.302111	53.763588	37.320005
106.863645	104.728183	52.353970	38.467061
103.274243	104.093874	54.662219	37.654949
102.091473	102.821420	52.140418	36.836304
102.666375	102.292847	54.366533	36.660606
100.638180	101.646628	54.252661	36.607139
101.406942	99.495229	56.763045	36.987085
106.218381	102.521319	51.821376	37.746847
104.371375	103.372249	52.848704	37.360530
103.016871	103.217414	52.471392	36.892461
102.526886	102.930750	52.986624	36.988821
104.105531	103.030083	51.815597	35.605901
105.138000	103.026455	53.001550	36.439031
106.148882	103.937932	52.404095	36.554420
107.000340	103.077955	52.106353	36.550960
106.253365	101.516165	52.403407	38.887179
108.097725	103.811611	52.959109	37.244310
107.596748	104.362350	50.395774	37.276860
105.658171	103.040794	52.045714	37.529065
101.790055	104.537824	52.141682	35.814812
98.866336	104.031356	51.946469	36.579637
92.720990	102.022867	52.558122	37.867214
84.371967	100.086062	53.326662	37.293852
77.909494	98.594971	51.958832	37.466201
74.518550	98.733390	52.146897	38.230432
76.091381	98.929563	54.230245	37.226023
82.593171	102.458610	52.953739	36.704698
94.037728	104.104741	53.263898	38.018623
105.718974	107.640345	51.448328	38.412268
114.210505	112.584942	52.815236	36.588806
118.651170	112.440506	50.509810	36.881151
115.127200	113.669454	53.948339	36.349687
114.017445	114.785529	51.492110	37.072910
109.940854	112.702826	52.123612	37.502096
105.565531	111.864083	51.010462	37.099231
101.574279	110.205604	54.301554	36.846400
100.936126	108.912794	53.587218	36.989499
101.280811	109.417232	54.494460	35.294669
105.212405	110.485086	54.929550	37.772087
108.785315	113.292350	56.413636	37.748897
111.197306	109.033355	58.114604	39.614533
114.631963	110.682750	53.033546	40.648640
113.878843	110.437790	55.187249	37.500902
122.358060	111.751282	51.676934	38.568097
130.187849	111.713587	53.476973	38.861797
137.312538	117.101057	52.280325	38.110650
140.792159	117.748797	53.383952	37.236306
144.130592	115.996178	53.818771	38.315293
145.347296	115.738508	54.640523	37.116408
141.931934	116.257875	57.819760	37.462551
148.225563	114.717549	54.709566	38.735233
142.264415	116.106023	53.932323	37.619418
141.815467	113.418021	54.232046	36.422829
142.180718	111.058503	58.711124	38.971891
159.263132	112.267739	50.785629	37.216169
169.383796	112.906242	50.052306	35.597644
176.108624	113.063811	51.748038	36.290432
180.750947	114.002971	51.020732	36.645075
185.770911	115.984656	50.445052	35.863813
190.578793	116.339103	48.848318	36.433446
193.461638	116.586390	51.285510	35.700339
199.086450	117.252993	50.500890	35.597416
202.275111	118.209308	51.278426	36.368321
207.347978	119.691728	51.156349	36.267317
211.479834	121.785251	50.777281	35.997737
214.139037	122.010711	51.595203	36.430989
218.378013	123.570290	50.532521	35.534721
222.693432	122.547086	51.629879	35.966722
226.952106	122.183868	51.132724	36.451837
230.223577	120.615576	51.099796	36.080094
234.535809	119.108512	51.922132	36.280997
237.553598	118.411768	50.616640	36.423411
241.003665	120.487331	50.729337	35.988996
242.811203	120.001382	52.317763	36.302061
244.917157	119.688004	51.599840	36.362093
246.134137	120.013517	50.632705	35.964904
247.542648	119.979984	50.784959	35.942330
247.202975	119.547684	51.254502	36.134720
245.291153	119.335853	51.582385	37.212883
246.993068	117.806766	50.489522	36.567511
246.665040	118.813298	52.091457	35.853322
246.317641	117.750429	51.966890	37.466473
246.019359	117.518431	52.912044	36.934554
246.731348	118.922093	51.374814	35.400286
245.980643	120.684769	50.819703	36.408378
242.086796	120.862586	51.032579	36.263861
236.359689	120.537673	51.001423	35.598438
230.396455	119.135891	50.469064	36.063176
226.824492	117.589158	50.375739	36.867253
222.750993	117.177436	51.019693	36.672437
222.195065	116.891078	51.178247	36.488674
224.422865	118.372360	51.156855	35.685782
225.096461	120.429522	49.891711	35.525321
223.279819	121.278998	52.058295	36.092146
219.095851	121.618441	51.943398	35.164450
213.606167	119.658792	52.023410	36.188608
208.554165	119.043473	51.760089	35.599407
202.549530	118.022959	51.405355	36.502848
197.468229	116.984890	51.011242	36.934715
189.652290	116.297213	50.774837	35.737865
183.160925	117.076788	52.814082	35.447325
180.958554	116.454915	51.545609	36.567436
176.983523	116.027894	50.592952	36.210350
175.792098	114.398628	50.343794	36.452643
170.113592	112.752574	50.201840	36.815222
164.199209	113.912585	51.335858	35.914573
160.301421	114.473997	51.616831	35.967214
157.847101	113.101102	51.412242	35.972820
154.798478	114.085219	51.191569	36.460060
150.925372	114.471038	50.943583	35.561093
149.015922	113.888729	51.054183	35.686435
146.346826	114.381695	51.683835	36.132945
144.228793	116.108492	51.221009	35.739928
141.779733	117.867164	50.817005	35.053704
140.717414	117.645910	50.848250	35.713427
137.176476	118.525001	51.625285	35.406781
135.630401	120.541767	51.439356	35.767929
133.969668	122.358057	50.346825	35.694335
132.384503	123.619888	50.846643	36.051768
129.957101	122.294727	51.874311	36.037072
127.467920	121.667752	51.342166	35.542280
126.507987	118.224257	51.134401	36.687254
124.631239	117.173900	52.046209	36.430976
123.336032	118.096875	51.057199	36.284927
120.843399	118.922199	52.082860	36.304605
118.619831	120.331818	52.361943	36.056250
119.191869	118.802746	52.089330	36.788387
120.204384	117.515254	50.066825	35.800602
120.890142	115.637568	51.426705	35.768642
121.922160	114.978167	50.930055	35.657153
121.969432	115.523315	50.290862	36.302387
123.173770	118.252347	51.349726	35.705925
124.885426	123.126304	51.851381	35.980842
124.787930	127.549069	52.349546	35.895316
125.070082	130.307717	51.396929	36.160620
123.059790	132.148916	51.679555	36.294682
120.168773	133.481302	50.537687	36.467218
118.933923	133.128084	50.682873	35.970782
120.814984	128.512943	51.899787	36.211846
119.727467	122.726128	52.432559	35.938910
119.828542	116.275701	51.741492	36.515789
121.087536	109.968946	51.397493	36.166925
121.241000	106.088735	51.369590	35.783707
121.351602	101.756916	51.915749	35.447508
122.176660	99.360586	50.451578	35.908125
125.340018	99.155578	51.840698	36.295336
129.617119	101.638336	51.940814	36.216877
133.308774	104.776186	51.744711	35.866347
136.690762	110.339630	51.466744	36.237631
134.703414	117.401890	52.766447	36.526749
132.745382	125.087322	52.608243	35.586838
131.878475	130.306541	51.787189	35.553978
129.957573	130.746903	52.057435	36.852113
128.930269	131.150625	50.817103	35.313537
128.140391	127.786164	52.752242	36.234325
129.786206	124.686684	50.413131	36.428943
127.930154	120.918228	52.105068	36.278917
128.092502	117.134962	53.059749	37.540320
127.854119	113.467848	51.435260	36.660885
127.268968	108.219499	52.626948	36.806815
129.137238	103.360426	52.041130	37.375560
127.979580	99.861977	51.690298	37.193305
127.378460	99.074036	51.886610	37.011243
129.129884	101.673904	50.517143	36.284251
131.229305	104.691733	52.681266	36.262511
135.082498	111.028697	51.639529	35.545706
138.074174	116.747338	52.286316	36.037147
143.323026	118.958863	51.954280	37.116329
144.229069	120.590449	50.950528	37.303657
145.279945	120.340069	52.396394	36.022586
146.889785	117.689174	51.227529	36.782979
146.952121	112.381873	52.162055	36.632578
147.737552	108.716301	50.780109	37.108813
147.934035	106.920278	50.618353	36.788114
146.921296	103.212677	52.294143	36.819898
144.383886	101.179741	52.260511	37.123612
141.170901	101.684726	51.914791	37.248161
141.413710	100.309223	53.237214	38.534543
136.765273	97.723017	52.102196	38.638900
138.120875	96.354978	53.425227	37.832032
140.723280	90.090399	52.781863	39.925349
138.091322	89.531719	54.257021	38.020065
136.617341	90.512170	53.017413	37.756421
135.505558	91.571685	54.567703	35.994303
142.037465	92.182412	53.264334	38.119044
144.588436	96.460797	51.371970	39.883712
146.050516	103.279259	54.518280	38.193233
148.971362	108.064380	54.398985	39.392479
146.382265	118.500922	56.134129	36.806443
152.518662	118.750033	54.551177	40.459045
148.141640	124.527857	53.226643	36.131987
143.179018	124.609573	53.451387	36.855671
147.971224	121.295359	50.226022	35.262599
150.324651	116.085110	50.849062	36.327755
150.314682	112.137970	50.170068	35.703012
148.314808	107.098777	51.015078	36.669624
149.523906	104.660271	50.924196	35.973802
148.801567	101.114163	51.562912	36.014120
150.077382	97.185003	50.925953	35.931071
151.507361	93.091993	51.183675	36.223293
152.373929	93.159978	50.952296	35.886243
152.138429	97.318656	52.380388	37.312598
150.979981	106.095108	50.496155	35.461093
152.055790	115.176881	51.614244	37.083508
150.941718	128.039298	51.966209	35.542833
148.046777	139.724478	51.321282	37.064804
149.943350	145.247890	52.236393	37.495849
147.299309	146.646660	53.005192	37.795084
149.947231	139.918529	51.226923	37.563974
147.756847	133.529069	52.535175	36.479221
143.035034	128.795838	52.531862	36.754088
143.322132	119.710929	53.025377	36.020115
143.136601	111.252458	51.898904	37.202831
142.128837	103.417675	51.870267	36.878506
141.180343	97.679739	51.337836	37.273782
144.600799	93.546984	51.615584	37.229334
144.530893	96.610429	51.621998	36.856755
142.716223	100.314684	53.086616	35.421993
140.938406	108.125241	55.291646	37.209248
136.975054	120.353425	58.404448	37.931841
136.482704	133.734710	57.250092	38.904857
143.870333	142.385927	50.473491	39.511882
143.808029	145.340020	48.508824	41.992642
136.043224	152.968683	51.988265	36.010088
129.671387	149.140830	52.375019	35.244134
128.224821	138.720185	51.157531	36.113812
127.756183	126.553490	51.673758	35.515950
126.299954	114.481278	51.569660	35.859176
124.567526	104.030290	51.785483	36.304251
123.905788	96.676251	50.664241	35.877277
119.259459	95.573030	50.525811	36.093036
119.953262	99.434184	51.025517	36.280508
121.341091	108.224919	51.485861	36.343396
120.172537	122.050914	51.425608	36.536396
118.530160	136.667087	52.725787	35.757066
118.820668	147.919856	51.560742	36.141395
118.920468	151.919710	51.916994	35.943508
117.678989	149.798237	53.221615	35.715173
116.107890	141.379973	50.683070	36.358039
114.573514	128.945480	53.490647	36.565101
115.657656	115.021552	50.701363	36.079365
116.452916	101.554058	51.381421	36.709968
118.897071	89.686015	51.475063	36.004349
119.707964	81.084680	50.864145	36.771262
116.026292	80.007938	50.507930	35.857499
115.697137	79.400976	50.531786	35.806445
113.920920	80.580195	50.735517	36.032845
113.170297	86.797324	52.593080	35.817823
112.724120	99.432808	51.752319	35.715022
110.988234	112.228346	53.113394	37.317638
110.759847	127.974022	50.973544	36.293713
109.266465	136.925744	53.954150	38.377374
107.684818	149.513033	53.820517	37.589975
105.422555	151.033440	54.865050	37.205084
104.080406	147.293976	51.402333	36.434465
101.702270	137.907031	52.252202	36.036785
101.992671	125.736499	51.338084	36.125057
102.725869	112.409648	51.100860	37.693403
103.712604	100.869386	50.473018	37.171760
104.577515	89.950083	52.977684	37.227814
105.507690	83.990969	49.668853	37.559518
104.907877	79.357505	52.577942	38.673018
104.618314	83.106192	53.086467	37.047529
103.055889	92.738560	50.634138	37.190300
103.979260	105.302700	52.328123	37.784139
106.070469	123.177150	50.375337	36.129332
105.623682	140.461911	51.169734	36.650613
105.366582	156.226960	50.197761	36.407701
104.360580	167.413098	50.544358	35.850838
102.904437	171.221162	50.597474	36.799626
100.384880	164.837441	51.864200	36.712465
99.428912	152.699690	51.406194	36.685741
100.620017	139.251978	49.771838	35.445278
103.427461	124.601487	50.973898	36.201513
106.466195	111.290517	50.340079	35.433149
108.064748	98.660795	49.868232	36.227502
108.335581	91.947878	53.053734	37.074964
110.263246	93.153319	51.473541	35.723079
111.398270	95.847396	51.375380	36.418299
112.331598	107.661819	52.552902	35.753427
114.865056	120.530564	50.851909	35.760254
115.366716	136.347063	50.748751	35.971257
115.309553	153.531854	51.534569	35.966888
118.036137	169.021481	51.102207	35.975220
113.613571	175.474230	52.298947	35.512130
114.757021	171.106954	50.945620	36.823996
114.448324	159.072357	53.328785	36.236655
115.384452	142.676641	50.987388	37.164578
117.236000	125.425440	50.362094	35.983701
117.101060	108.584128	50.660474	35.697198
119.653377	94.013306	50.176089	35.896596
121.837202	83.888383	49.540258	35.913248
121.007962	79.699431	50.670579	36.178166
117.497992	81.588548	50.965362	35.630424
116.635518	89.021279	50.490003	35.336554
117.885694	102.138990	52.142248	35.323998
118.083685	119.293653	50.654687	35.516549
115.923892	136.875975	51.141799	36.112264
116.225423	151.151415	52.059958	36.261540
116.787323	154.583829	51.720991	36.283964
114.065498	147.966439	52.276341	35.798330
109.884876	137.183783	51.221851	36.382546
111.247428	122.126082	50.752956	36.332189
112.208118	107.185846	51.135395	35.441878
111.861224	92.616743	51.159993	35.608469
113.994359	79.793610	50.762581	36.284312
114.718031	70.460533	49.950542	36.118673
115.829976	66.361440	51.621537	36.518626
117.289937	67.613273	50.722422	37.752665
114.987079	75.382869	50.758955	35.878485
113.323883	87.442266	51.301748	36.020549
115.136680	104.583069	51.447823	35.903707
116.456683	124.654895	51.377399	36.037663
118.729466	144.150049	51.428056	36.402841
119.378559	158.206357	51.213845	36.003911
121.024598	165.543061	51.409664	36.304390
123.575459	166.343372	51.960606	36.042896
122.707532	156.708687	53.476342	36.051048
123.429468	141.857426	52.994296	36.373120
124.887014	125.877507	50.600752	36.001816
123.172067	113.059079	51.121911	35.610453
123.457939	102.454335	50.753285	35.505911
123.082793	96.767269	51.343788	36.327991
121.601006	95.338099	51.349707	36.356860
118.482436	100.177877	52.076364	36.372794
123.175189	110.825050	51.240954	35.853530
125.744513	127.415399	50.992455	36.103449
126.967982	145.164832	51.100742	37.068105
128.432182	157.436457	52.023028	35.711818
129.477816	158.558028	50.403093	35.908537
126.843646	151.564444	50.142688	36.648148
124.354572	141.557039	50.145593	35.806748
125.430957	129.681469	51.775398	36.183470
124.722367	117.529202	51.351771	35.909361
123.410442	107.909465	51.138340	35.899804
122.011571	101.966064	51.648687	36.325420
121.632143	99.590563	50.653575	35.917492
122.149482	106.320897	52.126620	35.501270
124.972156	118.891830	50.591202	35.468323
124.917799	139.417241	51.529922	36.311558
122.824956	159.934611	52.369171	35.407965
122.249452	169.174029	51.178169	36.134580
123.664282	165.004489	50.832123	35.977589
124.293745	152.196421	50.827260	36.003511
122.888704	138.104179	51.823415	36.480907
123.382921	125.066864	51.824459	35.546706
126.952378	110.578595	52.149896	35.311178
130.590017	94.735222	50.734239	35.834434
133.726732	83.610319	50.610381	36.456016
135.822900	77.043488	50.705774	37.425437
137.535768	76.368988	50.996178	36.422355
140.399497	82.324966	51.991014	35.986286
142.610130	95.031265	50.827386	35.499251
142.233804	107.878586	49.972465	36.066774
141.017893	117.452333	50.583488	35.179341
143.080172	122.661669	51.321222	36.435258
144.520819	123.987479	51.270749	35.308420
148.214281	116.826475	51.402445	36.692075
150.645300	106.528591	51.217288	35.760303
150.963362	92.325154	51.245340	36.187723
153.726238	81.594359	51.403285	35.706592
156.134403	71.687475	51.348285	36.132599
157.732480	66.794337	50.664358	36.101924
162.944672	65.928019	50.574980	36.356263
165.941853	72.342961	49.471938	36.051867
164.103198	83.782686	50.598887	35.813729
163.286055	100.202316	50.557316	36.650030
165.714956	117.125083	49.242992	35.544266
161.720717	132.589232	50.635948	36.038084
162.461010	143.198078	50.156994	36.206824
162.511877	144.825402	51.136981	37.062622
164.714038	140.124406	52.210648	34.566490
167.242262	126.245022	50.409753	36.563152
166.194992	109.855394	52.316939	36.814856
170.059723	95.532388	51.470822	35.787404
175.366563	82.579989	51.228811	36.085674
178.106470	72.443280	49.982587	35.513428
178.888445	65.919692	49.596203	35.402955
179.710666	63.587166	50.740432	35.491479
182.658540	65.489632	49.984591	35.469743
183.419738	73.712367	50.888763	35.184618
182.467102	84.536437	50.476827	35.526392
182.559964	101.897226	50.669660	35.432966
188.016670	120.207337	50.115975	36.155950
189.324635	135.764503	50.629169	36.144853
189.733572	143.266386	51.264231	36.281580
188.987804	144.119927	50.947703	36.626055
187.115586	138.196406	50.645723	35.203493
188.463944	123.556047	49.783027	37.107851
188.207744	107.778060	51.775717	36.231207
187.914073	90.906627	50.924931	35.403721
191.408557	77.752001	50.215041	35.249620
193.879470	67.345221	51.069339	35.525428
195.238163	60.936696	50.253092	36.563848
197.058217	59.392968	50.740229	36.413073
199.498718	61.137647	50.464048	35.613404
197.084695	65.906811	51.795131	35.605723
196.253530	75.592457	50.409782	36.310169
196.770559	90.216350	50.543301	35.026427
196.581007	104.981406	49.950741	35.931195
195.993752	120.427188	50.751470	35.772452
194.692983	131.031503	51.582163	35.853533
194.225969	134.521848	51.955159	35.424418
192.731957	132.323366	50.802140	35.960940
191.356145	126.288141	50.783316	35.821187
191.192058	116.529293	50.398870	36.253773
191.364260	104.513413	50.127892	35.245516
192.647085	93.067404	50.366440	36.057935
195.961873	83.128878	50.516693	35.787602
197.180662	75.909689	51.152606	35.673812
197.857300	70.612744	51.183146	35.956079
198.107128	68.638993	49.271851	36.247771
195.235332	71.069640	49.483739	35.754728
194.818781	76.579187	48.827838	36.208684
192.477593	84.749358	51.392582	35.779718
192.288657	94.699897	50.974018	35.140273
193.733109	104.527800	51.430293	35.337585
193.324361	114.225282	51.867080	35.917168
190.988026	119.288464	50.717020	35.014710
189.630266	120.515101	50.712732	35.097300
188.668746	116.034792	50.934541	36.357199
189.674482	107.967424	48.858195	36.278059
189.791522	99.317734	51.880239	35.713540
190.044653	89.000705	51.063728	35.245839
193.225363	82.809223	51.128388	34.169060
194.968114	78.045070	50.821982	35.831530
193.176085	77.851247	50.858099	35.226394
194.144714	80.887087	50.792424	34.847945
194.302907	88.422644	51.002406	35.155352
194.222123	101.234975	50.891674	34.315168
193.360383	111.571068	50.741531	35.847354
190.953732	121.955170	50.634784	35.228491
189.477263	129.782559	51.116792	36.023697
188.931620	132.334021	50.797441	35.463803
189.506290	128.154302	49.923100	34.721349
191.769445	120.857687	50.283051	35.645568
194.367330	111.891537	51.087783	35.877547
197.095601	104.676620	50.594204	34.857147
199.743788	98.646256	50.800448	34.934269
202.173518	92.371297	49.943817	36.218875
204.221371	88.718772	50.399711	35.753231
205.963690	88.545512	50.470023	35.250411
207.410337	90.971523	50.427941	35.476842
204.829189	93.647192	50.377441	36.070576
204.508871	100.003455	52.432292	36.203094
206.494319	108.166723	49.775525	35.537293
206.288602	114.968971	49.166656	35.924719
204.915468	119.669686	51.435316	36.070968
203.396398	120.922323	50.967248	36.453978
203.651295	115.791926	48.423689	36.455720
204.218746	108.973725	50.498652	34.557613
203.364628	102.839713	51.343112	34.943271
202.770541	96.174895	51.399792	36.020690
205.061444	89.357486	49.185925	35.886875
206.371525	87.033845	49.990701	34.540448
202.742322	86.122496	49.640609	35.592815
202.023767	89.734168	52.168407	35.910199
204.843985	93.812962	48.855713	34.940890
205.298438	93.597272	48.955880	33.934822
200.425134	87.792233	50.795904	34.538258
196.454651	82.003746	47.914880	36.612728
193.390950	83.771416	51.649681	36.731126
191.219596	82.589944	50.947547	36.119153
191.750633	81.168672	50.827876	36.063035
191.521760	77.457147	51.731657	35.725316
188.905226	75.613315	50.795999	35.420856
188.461744	76.241913	49.649391	34.593998
187.039323	72.813606	51.385616	35.710296
185.684161	72.403802	52.081879	36.034782
181.948405	73.365951	50.788826	36.270659
178.384463	76.256177	51.541335	35.491799
176.864476	79.034568	50.620674	35.598880
175.960384	80.115475	51.611789	35.658015
177.521143	81.849403	51.108498	36.716790
182.342507	83.446603	50.196572	36.388734
188.065947	84.105827	51.278678	35.827189
196.788280	85.969874	50.886675	35.793057
202.629379	87.863618	51.495541	35.593791
211.066855	88.748656	49.027235	33.893335
216.562811	87.724095	50.079120	34.744193
220.965284	88.692725	50.703425	35.464453
229.718983	89.718987	49.849163	35.046188
233.944284	91.696111	48.614006	33.576594
238.459499	92.523313	48.167666	35.990689
239.007184	95.528458	48.771137	34.603547
239.364436	95.685383	49.355151	34.625321
240.125994	95.127742	50.663427	36.024634
238.278121	96.507529	48.356903	33.931926
235.427485	93.699117	50.558131	36.277019
233.742095	93.903424	49.845150	34.774617
229.230485	94.231281	49.523487	36.199849
225.925291	95.789777	50.759944	33.413058
220.095541	92.884512	50.757131	36.428399
217.871327	92.379060	49.618061	35.974825
212.089175	91.897939	51.652993	36.085815
209.482496	92.706227	50.478641	35.279943
204.227005	92.369780	50.493009	35.664788
197.665489	89.611970	51.988676	35.833346
193.233902	88.654385	50.481488	35.815389
187.881195	87.145135	52.251692	36.016995
183.583966	85.147647	49.822533	37.032948
181.367688	82.863230	50.234186	35.836404
176.316603	81.719521	51.244059	36.046277
170.919601	82.154764	51.307568	35.231360
168.383382	81.117127	51.069466	36.033056
166.776991	80.116469	50.174545	35.953213
164.928293	80.051750	51.138884	36.329553
166.524055	80.926125	50.320324	36.230744
167.907951	82.725139	51.088315	36.875128
170.803486	86.389264	50.822603	36.969664
171.475215	85.753158	51.290577	36.258632
174.719025	84.736752	50.876711	36.138794
172.875523	83.520303	50.462841	36.599309
171.911677	83.709239	49.937654	37.063778
170.261787	84.509332	50.143477	36.109969
167.046297	85.548500	51.030869	36.333939
166.910990	87.001917	51.612397	35.552049
167.683260	86.965539	50.607877	35.842288
171.611380	87.439666	50.526331	35.891954
172.910199	89.827399	51.089376	35.310768
169.449204	89.254759	50.677174	36.269050
168.659068	89.072345	49.982233	36.005245
168.428842	86.863746	50.373522	35.930521
170.503975	87.528806	50.591280	35.902855
170.106852	87.691152	51.191437	35.839599
167.907906	87.952539	52.709625	36.405545
171.956056	90.350294	50.169098	36.707562
173.946559	93.863862	50.390917	36.578798
175.807979	94.967418	49.644370	36.021280
177.187011	94.304747	49.718739	36.218327
180.213880	98.000478	50.822172	35.767405
181.939039	100.438068	50.586804	35.893727
183.132184	104.429775	51.088809	35.654673
186.451241	107.694044	50.359108	35.976118
187.898954	110.037111	50.059570	36.381938
190.455352	109.533054	48.588562	35.781203
190.659862	110.173679	50.871590	35.379638
192.561381	111.427397	49.683055	36.050936
195.661689	113.922345	49.168318	35.052854
199.257971	115.608666	50.265700	35.578256
204.264317	118.613199	49.860163	36.790158
205.506559	121.502200	48.534175	34.505075
205.637812	124.380104	49.038322	34.941208
205.123355	126.001623	51.847538	35.820903
208.455411	122.960625	50.872996	36.207258
210.160980	123.183775	50.230133	35.434110
217.443853	121.086374	49.810723	36.666514
224.260814	119.389810	51.484655	34.789471
229.977982	115.046778	50.966042	35.940528
231.710395	114.812548	50.831172	34.551274
235.436817	114.238159	49.482743	34.748961
236.726038	113.378446	49.743399	36.922737
236.870083	115.543328	50.024853	34.931661
237.891982	112.715772	51.943247	36.778805
234.239863	117.916590	49.084959	34.264170
229.787958	120.944306	52.033773	36.864407
224.651571	124.931389	48.564817	34.128475
224.556079	126.268953	47.540443	35.316364
223.783687	127.859867	48.214560	35.094344
226.578523	129.027263	48.880153	33.484197
224.656861	130.064387	48.251003	34.393743
228.001798	128.530059	48.543355	35.971504
225.298099	126.437052	50.511640	36.357781
225.709144	126.085104	47.945494	39.503772
222.151514	126.939199	49.446597	36.223726
225.938494	126.233428	46.253329	33.908743
216.369781	128.345877	45.087451	34.514705
211.151194	128.777281	48.967692	35.555914
210.485953	128.394227	48.965099	33.486602
207.384960	123.326233	49.322866	39.229257
215.172066	120.990023	50.100362	34.589347
214.348035	120.625088	50.443423	36.676062
214.344369	120.025350	52.822432	35.839215
217.400797	119.617662	51.105765	35.849794
218.298294	119.847968	50.744140	35.374985
217.560034	120.381764	51.995564	36.144085
218.474119	121.175475	50.540542	35.759659
217.978858	120.872939	51.029150	35.611598
214.739814	122.527468	51.191891	35.399757
214.842769	122.187417	51.583585	36.591813
216.875765	122.576265	50.092756	35.683628
216.833515	123.173040	51.613862	35.381978
216.571828	123.958969	51.169015	35.752553
216.684169	124.821286	49.720469	36.400931
215.019624	126.492985	50.819791	35.350497
217.050521	125.176446	50.978146	36.465483
219.954360	124.143982	50.930703	35.446441
220.335760	121.869557	50.507288	36.225166
216.098609	122.427305	51.694053	35.958561
210.618879	123.077415	52.097573	35.793884
206.724745	122.419126	50.318884	36.314183
204.302560	121.104856	49.727661	35.982601
206.703166	120.468660	49.566654	35.380089
204.466249	118.732239	49.318572	35.496335
199.483105	119.796516	50.831609	36.290802
199.724515	118.449166	50.836791	36.070680
196.064559	120.493944	48.991467	35.676597
190.506113	121.468264	51.842227	35.717829
187.849880	121.073602	50.845017	35.993728
187.147840	120.422083	52.307836	36.717895
189.981473	121.279113	49.560479	35.525542
190.299505	121.204638	51.077014	35.880340
190.862878	120.896327	51.964385	35.984165
192.811154	120.710455	52.294941	36.289256
189.790101	121.192526	51.515970	35.786464
188.797736	122.802986	50.357925	35.665215
189.034479	121.921336	52.266952	36.338642
190.762668	122.292128	51.714795	36.016651
194.215317	120.388064	50.008542	36.331035
191.524836	121.811859	50.548630	34.630473
192.774211	120.142721	49.729420	35.946049
191.733865	120.383373	52.012698	35.899206
193.861415	121.216080	51.844149	35.856973
200.763334	122.325277	50.513653	35.556407
203.961100	122.763354	49.850497	36.646139
207.363547	123.544966	50.861838	35.284080
205.073810	127.595892	51.701413	36.103338
206.371032	130.424006	50.150789	35.969442
200.715434	135.063396	48.198561	36.123905
196.595921	138.113921	52.417085	36.363852
193.305395	140.223604	50.715821	35.281506
195.981779	140.599609	50.461138	36.026308
195.876398	140.351435	51.405017	36.261898
198.541058	140.151009	50.255840	36.111539
201.414960	138.417197	50.654247	36.508148
204.609982	137.249362	50.497104	36.089173
209.998458	135.404851	49.796469	36.177648
212.130622	135.672950	50.038892	35.653098
213.388651	137.000568	50.687007	36.435146
212.555900	138.201548	51.544819	35.174076
211.739546	138.018478	50.771788	36.229172
210.615174	138.222792	50.583238	35.696941
211.445078	138.177957	50.484537	35.221670
211.598653	139.667623	51.675455	35.856368
213.184245	140.978953	51.499674	36.596920
213.237450	145.224774	51.227631	36.034886
214.701054	148.842223	51.054601	37.008449
213.048971	156.960112	50.878510	35.876344
205.830541	169.418711	51.352437	37.157559
