123.000000	87.000000	132.000000	176.000000
120.487394	93.884079	132.093773	174.611236
124.443835	90.835583	130.285573	175.856199
125.631991	90.033999	132.504179	176.250443
120.353141	90.105391	133.536913	179.451630
127.946555	89.115764	129.526237	175.678603
126.323486	86.331347	133.331412	175.597839
124.765741	87.215362	135.579293	173.879464
127.596587	92.326697	130.538974	175.665804
129.444519	86.007662	131.773289	179.118282
130.444331	87.015530	132.405099	179.239088
131.625387	85.021868	132.078776	178.747303
132.969710	89.122435	132.573641	180.986639
137.224114	90.875861	128.349798	168.440755
136.224769	88.655729	129.905874	175.894904
138.565957	89.514318	131.535095	176.222359
140.708039	87.787549	129.047152	175.245331
142.602190	87.445020	134.183384	177.136976
143.071465	88.456101	131.070108	178.719795
142.444463	86.318419	129.540650	178.303157
140.468504	86.074230	134.301699	174.193468
144.452271	86.489632	132.442262	174.928798
143.739042	87.246796	133.637995	180.632684
140.888012	86.521215	132.770364	176.863034
137.842506	80.789238	133.025849	173.046405
133.943429	78.957698	131.433971	177.683286
132.099268	79.244751	130.018537	177.970743
130.421638	85.051254	134.897016	173.910476
133.637865	75.787158	130.279039	176.396879
132.559737	80.689006	130.453831	176.419084
131.272781	82.407240	129.980112	178.332289
129.567090	83.719965	130.252789	179.793463
132.123243	81.704116	132.372264	174.773328
131.071822	82.558369	135.038977	183.014627
132.030706	86.529597	131.677122	176.100993
129.182369	87.364953	129.528327	166.256142
134.933209	84.208834	132.301411	177.694393
138.336020	87.428219	129.220886	173.193317
142.050469	86.836933	134.316024	177.843138
144.332395	88.886569	133.595619	174.979859
141.756377	82.755052	132.917427	178.662538
140.573798	86.094010	133.585099	177.646314
138.534601	83.945652	132.178630	178.397926
142.375865	84.129527	132.153555	177.333647
139.729779	83.799316	132.579634	173.635964
144.689203	86.068528	132.598882	179.839610
147.628865	84.156333	132.203866	176.913352
148.001917	83.144490	132.286684	178.174992
145.088933	86.547468	131.261019	180.004966
143.043377	88.207243	130.784723	174.185581
143.144998	88.092923	133.945006	175.490076
143.613159	85.385849	131.229260	175.654493
151.446522	81.706911	130.651619	177.837754
159.738822	86.015106	129.990444	174.216495
153.581794	83.443015	129.717448	177.160774
149.050352	79.804046	133.050743	176.374044
147.060955	81.374813	134.016865	179.335233
155.887489	86.940063	130.973333	176.839010
155.638334	82.640902	131.777733	175.666938
148.861250	81.899471	133.198690	176.376998
151.585644	84.482879	134.483822	170.571141
151.881850	84.118252	133.578943	175.212779
153.292337	84.267606	130.169358	175.538340
153.914344	81.825052	130.276577	174.943699
151.214968	85.525002	130.852085	181.326213
149.507453	85.512462	134.348879	176.828756
150.303395	85.995892	131.769740	174.434670
146.505968	82.041400	133.144579	178.831575
150.825114	85.517055	132.125512	173.837661
152.944331	84.667978	132.085666	174.963131
145.833359	82.102315	135.549913	176.422422
150.556534	73.844665	131.752892	178.220379
147.728707	76.532532	132.710560	175.288691
146.140847	79.295864	133.731542	175.575176
147.945628	77.424310	129.913049	178.466472
148.518601	83.832336	133.404433	176.744277
153.978518	80.702886	133.503366	174.751070
152.187387	77.569830	132.587329	180.786320
148.435989	81.507695	133.436880	174.766904
154.636564	83.479210	134.856478	177.395539
163.484540	84.193668	126.880031	176.399217
163.704438	82.980090	133.770292	171.397077
156.598637	81.043137	132.494742	180.919988
152.402749	81.481322	130.404343	178.498163
162.516574	85.738616	132.008897	180.956985
158.687250	86.803694	133.669426	175.546856
157.731504	85.210069	136.210296	175.363131
152.979046	84.085780	133.296847	175.242480
152.853967	81.197143	133.757356	177.068145
165.530507	87.151080	130.478584	180.070126
167.056631	85.544972	127.816867	175.146167
168.042254	86.381746	131.763686	172.032206
166.372802	89.479611	132.079121	174.938349
165.960870	88.380171	134.447850	172.919070
166.171535	93.041507	130.494611	174.197167
169.942677	86.526162	131.150987	177.011755
169.036720	89.917005	132.312501	178.082933
168.846357	87.637551	131.497672	174.595563
162.829004	86.488733	136.073071	182.071941
161.625404	86.764037	133.168641	179.704019
163.354400	87.378483	135.152214	178.294696
165.517721	88.903578	138.491708	178.994226
170.873712	88.527681	127.467358	176.058842
159.819645	84.826794	132.391127	176.196958
160.777668	85.255764	132.959774	174.057452
159.911176	85.724701	133.215726	178.353841
162.819014	85.810839	130.905950	176.341647
160.600052	86.961008	134.768662	176.757587
165.530321	88.437195	130.067899	176.208495
161.602887	91.057808	131.549785	176.428694
161.977219	85.087206	131.864733	174.697821
165.594846	84.643762	130.872719	179.295629
160.387320	83.680442	134.422347	175.054705
162.425001	85.609010	134.888062	176.211151
166.782866	86.097135	130.245647	174.152662
167.139002	82.904744	132.917610	173.635790
168.616769	84.493978	130.946928	175.550537
173.128801	82.660416	129.368595	173.800523
174.948546	80.952615	130.077615	180.606461
179.619799	84.061792	131.446808	176.709508
185.498505	84.384237	130.040771	179.690269
184.533091	80.003753	131.263652	173.586977
184.130583	82.645999	130.834367	173.417715
189.671801	84.199933	131.014737	174.751323
188.779283	77.411535	134.733126	174.187112
199.006239	77.019978	131.279772	182.682976
204.298008	78.159086	129.697959	176.329104
207.065727	72.199214	131.784680	176.008526
207.971731	68.090679	135.414065	180.177378
214.235018	68.644394	133.395389	175.680954
213.982800	69.693939	133.077428	174.673555
219.205808	67.366009	132.326604	176.223754
221.479863	66.707047	131.104594	177.287517
230.357300	70.341993	132.061079	178.558970
231.385585	65.843356	130.373601	178.928360
237.613395	64.214960	130.546838	182.453600
240.347115	71.140330	133.653258	173.029358
245.994038	71.456502	134.765543	171.965157
249.436722	70.600298	127.634864	176.903338
253.512829	68.086060	131.882869	173.651645
253.429498	70.853330	133.452628	176.387321
258.214842	70.962648	132.322131	174.975871
266.217475	73.315287	129.992704	175.921217
261.953379	71.196749	135.615656	176.178662
270.333306	71.816256	133.295647	172.450188
281.341770	73.760405	128.847104	173.599546
285.935502	76.523655	129.922082	176.288125
286.073116	77.015304	133.880643	170.772168
291.584518	79.894679	133.361228	176.920021
296.700195	75.707249	133.218924	176.548982
303.302278	73.929656	132.330004	181.363992
314.323428	76.944836	129.811731	176.920168
313.867697	79.929687	132.763417	178.868980
317.294504	79.043097	136.399972	176.451785
328.862880	76.390071	136.582950	171.286741
336.449665	76.423381	132.603025	174.850685
345.664006	75.658060	133.369457	174.219838
351.691995	74.194352	128.546960	177.571633
356.668002	74.571249	132.707497	176.321798
365.180910	74.754348	130.871379	173.256740
375.995953	74.012982	127.230654	176.961600
376.385536	75.110931	131.866377	168.990540
378.921815	73.121359	134.271351	176.049224
384.202755	72.294152	133.005376	171.271964
391.896224	69.566484	130.929796	176.052244
394.353826	67.104298	131.628907	176.672616
399.428394	67.277951	130.975063	178.758239
395.915473	76.002335	131.852952	176.381344
403.981791	74.724605	126.526386	176.109464
403.560643	74.636096	132.211920	173.288007
407.486196	75.828629	130.314812	176.405409
410.573872	77.372288	131.421737	177.069601
414.729437	75.284777	128.379173	173.711199
410.757068	80.414677	128.477847	175.875247
412.293626	82.053387	132.607495	180.152958
411.252044	83.317740	134.496812	176.286879
420.291582	83.805882	130.316294	177.395802
411.245814	84.544996	135.301368	177.995029
412.532660	84.388148	135.153945	175.381394
415.726993	89.370146	133.239891	173.228619
415.124957	82.613120	135.743268	176.376757
413.797496	81.897114	127.247414	179.540695
409.454889	86.986549	128.638415	173.826493
405.770150	83.018444	130.842513	174.216830
409.777786	83.128457	130.253159	175.060416
400.312856	83.514134	133.414514	180.329371
400.851449	86.519055	131.530660	175.969457
398.328902	83.448323	129.279454	176.289541
395.747801	83.310892	132.655636	174.536245
396.382682	83.755094	129.644498	174.293870
391.267795	80.859138	135.019955	172.914987
395.543459	84.123584	131.822261	177.093412
388.067088	79.163241	133.861838	176.496970
388.460296	82.707021	129.675671	171.763429
391.377835	82.599269	133.461042	183.406300
387.564613	90.151179	132.680320	179.280629
390.613685	88.063966	129.825954	178.348538
387.273298	84.162118	132.769824	174.309758
384.281468	84.607243	131.580324	179.960769
385.598501	91.852696	135.500159	173.337909
387.601026	98.176298	132.605847	178.604948
386.668784	94.653371	132.577805	179.563219
384.984973	100.480865	130.524950	176.063850
383.225883	105.558081	126.991527	179.430833
375.823206	108.899393	132.534911	172.706133
370.687645	112.588581	135.169275	176.057086
372.093557	116.501529	132.036756	181.427374
363.932781	118.162658	134.115597	179.783490
363.497875	122.887206	132.410731	175.309295
361.996646	120.584326	133.613802	179.282153
360.990015	118.156024	129.525587	186.141749
362.393307	130.770911	130.138795	183.569847
358.603874	134.118530	131.862739	176.605118
358.735000	135.275411	133.278076	173.194678
358.848235	132.119841	129.469090	177.853828
357.880491	134.361509	133.188078	172.757764
356.579540	136.274849	131.107893	173.196473
351.282322	141.102084	137.103408	177.398633
355.058211	143.330940	131.848606	182.759477
357.894793	146.029731	133.404198	178.814734
354.327840	149.908092	128.552233	176.346584
347.189580	143.455707	133.075928	179.551784
350.435436	145.803110	131.177037	174.725408
350.588890	145.251982	133.121506	179.171549
344.917033	153.516714	133.281846	177.478545
348.089948	156.926427	131.185154	177.610841
348.875243	154.810402	134.358633	172.271695
351.930272	156.176999	134.122452	177.437278
349.497394	158.486831	133.816437	179.588459
350.484852	162.183243	131.371175	178.801141
353.667078	163.370319	129.870871	172.159302
354.475749	166.100562	131.715495	175.822911
350.546586	166.153728	130.595637	174.208401
352.925474	169.123535	131.640907	178.080012
354.618586	172.145997	129.986752	176.140266
347.579325	170.033135	135.141629	176.312928
353.304626	167.664317	130.494966	176.063541
352.864153	165.864253	130.999538	179.026835
351.330334	170.375204	134.111228	175.756554
352.164625	165.875663	130.357564	178.274497
352.212028	168.224651	129.916220	173.506927
353.635579	169.586029	127.401629	176.112898
352.070445	171.252104	132.694930	175.294182
346.289498	174.520291	130.016604	176.666139
345.890796	170.261715	127.179542	176.328585
344.611595	166.134332	130.812516	171.667869
348.487901	165.076688	131.170852	176.444588
345.977393	170.752876	131.754637	172.018226
341.102628	167.646891	134.113301	176.151919
339.789123	163.663779	132.333602	179.419501
343.253464	164.358361	132.283590	174.650119
341.361418	161.269046	131.799997	179.732629
340.375639	159.911893	132.116310	177.647135
339.810847	160.586128	129.647845	175.017503
334.790843	161.848719	130.473127	176.155145
337.170442	153.415784	126.298458	177.399191
332.116978	156.079205	133.477890	173.204941
332.422981	158.705788	134.284236	174.336230
333.363357	154.658880	130.246772	173.206494
326.612208	152.817235	133.117862	178.496012
323.089834	156.568108	130.724590	180.272075
326.369863	160.973569	131.813333	171.214788
321.011506	155.449991	130.272594	176.725040
311.382582	157.286624	132.385146	173.026796
309.351351	156.043686	132.081362	178.853415
308.224212	155.894480	131.094852	175.450903
302.552043	159.943893	131.569593	174.257317
299.780067	167.506027	132.285981	174.416114
301.421071	166.583258	131.693556	177.084507
292.078419	166.807374	133.289513	176.923495
291.480101	173.399590	131.781676	174.484997
285.811278	165.568524	131.894007	179.719395
285.392116	163.466184	132.982249	173.622003
283.370013	160.465688	131.989353	180.206864
277.143248	167.161564	132.520985	173.518122
274.380089	164.862625	131.341088	177.772191
263.260531	162.274904	135.753278	176.822879
259.615621	162.693129	133.620418	177.011628
253.990038	157.274436	133.363227	175.503307
247.174219	153.373461	134.463733	178.766672
240.261169	156.744281	132.606072	177.765700
238.136600	154.756820	135.203838	180.243208
238.401178	150.142155	132.069733	173.780212
231.857979	154.090446	133.609349	173.517365
226.906752	150.425679	134.669019	174.403385
227.709397	146.777381	131.791865	172.442949
222.047555	143.644375	130.440027	171.860642
216.942230	140.022400	135.504979	181.511174
215.113190	138.070071	131.981294	176.507377
212.416651	132.937182	130.215249	174.342065
210.234606	129.881078	133.583188	178.074956
206.626176	127.131675	134.045215	177.865992
208.461157	122.808288	129.465649	177.383867
202.821814	128.659282	134.964287	175.905475
206.179755	124.104939	130.548760	175.357995
202.027351	131.398924	130.273531	171.881575
201.634455	121.585787	133.519411	178.638475
202.132978	119.788182	129.561768	174.491185
200.639860	115.331916	131.391621	181.016092
199.559569	120.510416	131.545817	176.146154
194.629790	121.918664	134.665296	174.315456
191.215021	120.011081	129.717823	175.317313
190.356178	119.240960	132.829484	172.010586
189.760332	114.212930	132.762426	178.387395
192.254444	119.595034	128.810748	175.900301
186.882017	111.562425	131.775239	178.026651
175.971170	115.813539	136.304663	171.689775
182.905162	111.903017	131.159681	181.375607
172.482233	110.975782	134.741713	178.212274
175.941577	111.207226	130.026461	178.838030
172.003576	110.706166	134.088279	175.798800
172.583962	110.916930	133.599956	176.090854
172.976945	106.739995	132.981342	177.731539
171.299661	108.370735	133.584892	179.318229
171.718831	111.618451	132.114461	178.046622
167.802498	104.940825	133.737382	181.130877
168.759712	103.661811	131.437260	174.973279
165.427593	102.188102	131.254119	177.631704
161.964697	104.355181	132.136389	170.809656
164.549328	103.363237	131.390017	172.493168
157.457215	105.661224	134.539729	175.676422
158.525447	104.573533	129.226205	171.582374
161.362445	97.888468	128.717473	179.388517
157.913417	93.733805	133.257903	178.284006
155.334241	103.089577	129.836038	180.045041
152.764896	101.773037	133.982110	170.145562
151.463478	96.283650	138.126369	177.104145
152.386477	97.161812	132.879500	175.262603
151.843842	92.007506	132.811197	179.432265
152.998170	96.383846	131.664211	176.042518
154.989691	95.872808	130.079976	176.018477
150.460776	91.459523	129.922521	175.145924
150.814636	90.025645	133.401954	179.826145
152.824443	94.283737	131.300917	176.461360
153.158492	92.268230	134.407340	177.482505
147.204410	85.966778	130.966217	180.698817
147.599441	94.691330	133.055977	172.000852
146.078103	94.908274	133.462397	174.544309
147.141770	99.956982	135.163858	175.693727
146.238823	95.168034	131.639030	176.849782
143.970358	97.651015	129.177391	178.991226
148.293291	102.660558	132.992557	171.582478
146.197266	99.588559	130.960063	178.537440
147.105502	100.142765	136.821981	178.099308
146.482948	99.908456	129.503965	176.742496
147.131584	99.114952	131.456098	176.123754
147.587115	98.616232	138.534178	175.454269
153.334387	98.784936	134.356084	174.347157
152.995122	105.767150	129.477958	173.088368
154.814880	103.858139	134.024252	171.647927
156.496974	102.403245	128.039874	173.866766
161.666015	104.551188	133.649480	175.010957
165.866136	107.453294	129.526439	179.939753
167.432916	102.263062	131.995324	178.035568
169.527340	103.859649	130.659132	174.571518
168.474409	106.627549	132.409634	174.542695
169.970051	104.393818	132.510034	175.915520
169.567542	105.309246	132.416294	177.985914
172.977312	107.057110	130.035183	176.826070
170.935661	107.156114	133.404836	176.178667
165.522015	112.726261	133.919266	173.512465
172.248914	112.337660	130.373522	174.802973
176.259694	113.323784	132.307202	177.628793
171.245419	103.813510	130.466615	177.090832
166.434572	106.480963	132.646866	172.112901
166.564379	106.958280	130.581812	173.166146
165.484692	109.773106	137.691719	177.318309
167.424166	103.463845	130.948852	181.012211
164.738135	103.249680	133.708041	181.205548
165.009984	107.323630	132.376473	172.349340
165.203510	103.343572	134.908736	175.387473
166.798497	103.278647	133.844541	174.765923
164.992715	99.896022	134.396358	176.797246
167.978434	100.206037	131.594215	176.530279
164.371513	96.566144	132.649976	177.638110
168.767682	90.743001	131.270911	176.113449
174.860336	94.205263	132.884047	178.271473
170.747326	98.882835	134.156523	175.683399
173.717917	95.818347	134.052957	172.078275
171.390059	95.207950	134.691697	173.444059
176.915403	93.080946	134.654343	172.548116
183.946278	97.130451	130.147835	179.838680
185.562753	96.027646	130.583418	179.540055
186.369288	94.953735	131.545875	172.325219
193.478671	99.436152	130.187803	173.158229
190.189448	102.442262	134.498853	175.828408
195.051333	102.652129	133.381120	173.439779
201.597107	100.092229	127.310498	176.404364
196.131371	100.285793	130.173671	172.015493
199.093742	102.678323	131.756351	177.511077
199.536828	108.524571	132.520188	173.313788
199.584941	98.253616	130.891363	176.900779
197.284111	100.077417	133.366607	173.167923
197.983628	97.637233	133.849157	178.628181
198.037850	102.110823	134.090894	175.828767
199.899816	102.679309	127.191117	178.365679
202.368409	107.788853	132.054084	174.567594
199.905547	98.268832	134.245874	174.559692
199.146789	104.936946	132.766754	174.762315
198.003562	105.897941	133.863895	174.451155
200.444805	102.380820	129.666948	179.244401
198.624312	99.194873	129.816706	175.996472
198.663455	101.976548	132.889250	178.729659
201.016634	113.028791	129.923285	176.449542
193.124112	107.626067	135.533010	177.460244
197.017916	106.559376	132.174630	177.561036
195.031047	108.470903	129.712772	178.833372
190.853962	106.333315	134.651314	176.108630
195.327304	102.988002	131.511418	176.349267
197.323924	103.518986	129.841388	175.951906
194.714947	101.335777	132.902725	178.050857
191.764622	107.977037	139.661723	172.315715
192.603708	107.434627	135.807896	177.058849
198.713892	102.513951	128.929818	176.252017
200.783653	97.976199	132.288777	175.797228
197.917166	102.257563	130.251058	176.759189
197.538736	106.521038	131.906452	173.500893
198.088984	103.700720	131.387078	175.780575
197.208063	102.408931	130.062993	177.579180
197.022688	106.708967	130.425550	171.072113
197.239238	104.701239	133.713741	175.388436
202.147896	98.184571	129.086101	178.613641
200.070298	102.848689	128.900277	175.988105
199.474031	103.502756	130.322661	176.852319
196.526452	107.199845	132.023397	171.595558
197.274771	97.757373	131.605320	177.452395
198.959578	88.137404	130.913629	184.566639
199.997360	103.499708	128.568929	174.093506
198.885460	107.225754	132.197619	176.830293
198.061441	106.129463	135.568234	176.267626
202.152407	110.616613	131.646065	175.572654
195.073620	103.072865	137.267555	173.488688
198.072729	106.750586	131.699007	175.558511
196.802426	101.786439	133.991855	178.410340
193.423482	104.926928	130.770877	178.792236
195.935368	100.009402	130.922774	178.994526
194.991026	109.081452	134.219054	182.800253
199.274055	103.879206	128.717225	178.473983
193.977339	108.415721	131.041040	175.609392
198.457667	110.997659	134.347548	177.117499
197.356083	102.215627	129.421111	178.980625
194.881602	97.355931	133.786898	176.974687
196.444416	105.975879	130.068683	178.271628
194.669525	110.815052	130.725977	174.654430
197.815657	103.418458	130.482867	173.213154
200.144041	111.113303	131.716126	172.559851
192.088730	113.332054	131.875230	175.826216
192.760693	108.047866	133.123973	179.784820
196.671242	107.010928	129.297842	174.345055
199.668580	105.397163	132.280588	178.301223
197.533230	114.607434	129.459675	174.775387
200.678140	108.457942	130.968030	175.109540
198.854580	114.744542	131.794980	174.906109
196.982828	113.855097	136.774125	180.163057
198.752828	115.506093	134.008144	171.968866
197.217060	112.911882	133.630245	174.660667
196.890975	111.980228	134.395489	176.745798
198.878683	111.661518	129.918380	175.670504
197.528118	110.824230	131.557233	172.179415
196.426213	109.312470	133.747025	179.718249
196.912249	120.922824	131.256766	174.468645
197.475014	115.978724	130.852207	177.047150
196.985220	107.261848	129.703109	175.665869
199.365825	105.136456	131.885882	176.065092
195.437542	115.455031	131.168305	175.253495
197.631509	111.129236	133.248180	179.918981
198.199007	117.348526	128.516554	173.388535
196.611816	113.935114	133.564970	179.733520
197.223751	112.201289	133.378251	179.362131
202.347455	112.697856	128.582648	175.930185
201.371731	118.958543	129.817493	176.151760
201.031142	115.062959	130.417796	173.668118
203.888647	111.157193	126.928554	177.853155
202.995620	112.448811	129.456374	177.586117
203.350788	110.094894	133.429072	177.619943
205.673199	114.058913	130.226475	176.824779
203.829733	113.428620	133.094385	177.080959
206.657991	116.076064	130.516147	175.952651
207.643413	118.124535	129.845762	179.461185
210.956139	121.587571	131.249731	174.132268
210.244483	114.178497	130.803050	180.422444
208.113341	116.222246	133.530942	173.301669
208.152924	115.650530	127.692787	176.651191
211.258073	115.931043	129.962277	178.865839
209.192761	113.880617	131.372867	182.731688
210.040263	112.784177	130.664274	179.144061
214.158069	115.773291	129.980727	175.376045
213.084577	118.063495	132.596232	172.960744
221.402576	115.637465	131.158465	179.671593
220.422962	119.952551	129.021580	176.049595
226.813529	113.864200	130.905044	180.421951
227.326131	110.597686	131.265515	175.261522
232.410596	116.317901	131.555899	178.475042
229.935491	116.527939	132.783607	178.668192
233.710686	115.459316	128.599927	179.076030
235.471628	111.331104	135.007470	179.654227
241.595324	116.966214	132.735831	176.775086
239.245568	123.470089	134.040787	174.706453
237.608836	117.353537	132.369042	174.623565
241.840075	117.165384	133.957899	176.863013
240.180808	116.171723	137.265495	175.800973
244.419673	124.565890	133.683410	176.173873
246.306583	115.321543	132.509440	178.675720
249.608654	121.126551	130.136103	174.224425
250.325836	115.561670	133.932884	173.226315
251.819785	114.211821	128.560357	174.310023
249.885437	113.742020	134.455137	172.451869
252.451372	110.532550	132.424021	178.095966
254.047254	116.874746	131.875222	174.221161
260.259691	114.529427	131.275937	176.917207
260.496867	120.358637	129.935629	173.362492
260.060634	121.139352	132.819666	171.962573
265.089070	116.886048	129.753045	180.781033
264.129572	116.613673	130.487675	170.711939
268.591394	113.720811	132.171324	180.274468
270.197129	113.756127	133.375234	181.045346
271.403832	112.951544	130.373459	174.202346
270.460816	112.368206	131.771746	171.968149
275.706578	109.439073	134.917129	177.360959
274.130076	115.344972	131.099980	175.612611
281.774782	108.224219	130.751864	170.620289
278.137861	109.532745	132.785171	172.422739
281.185427	111.204844	133.918286	176.533998
285.338431	104.736913	129.044574	179.889806
287.660945	102.532095	130.816856	184.796993
288.219205	105.411497	132.781736	175.907601
290.805140	103.114494	132.469400	177.305320
294.933573	102.041582	133.602339	175.737938
295.939106	99.361863	133.907758	176.821495
300.164041	100.768755	132.159509	178.422958
305.544219	99.274253	133.817864	174.115158
307.411178	96.935845	130.396391	174.148120
313.327609	97.802893	128.461794	175.063301
312.491829	97.087501	134.391766	175.765016
310.450396	96.536054	132.007963	174.361832
312.451117	96.611131	130.309947	176.499838
314.971154	90.835356	132.531647	174.994549
313.226678	94.741520	133.679526	177.711534
317.315229	90.453318	136.563762	177.069259
319.926771	88.574759	132.208396	177.693645
319.814867	92.205735	132.380727	174.148060
324.643600	89.541330	130.633934	178.097295
318.060412	93.281947	135.205668	173.653012
316.173206	88.995702	131.955840	176.823267
314.223501	90.306412	130.599106	180.094846
318.103938	95.512576	129.927692	173.445654
314.045091	97.574796	134.365402	174.411339
311.302243	94.886904	133.738858	174.846570
309.013639	104.186048	134.379791	173.631761
309.141855	104.112920	130.097858	183.399538
306.261296	111.061098	131.570416	175.463415
298.826632	109.280046	135.066541	175.800656
298.979875	111.540736	133.001604	181.167112
296.967909	113.322462	125.592294	177.423709
287.336793	108.821809	136.041227	177.726980
284.434880	114.598748	131.286695	180.950602
276.223591	119.053592	131.445488	176.796863
273.165103	117.380283	132.059469	183.618603
270.453491	122.642781	133.863637	179.005269
271.458127	125.603150	134.767512	179.052749
267.473808	130.849453	135.887425	175.679969
271.959429	133.042545	131.994570	179.616213
261.056430	136.981334	138.507573	179.674425
261.338734	138.448287	138.995044	173.523112
257.905030	129.895611	137.072453	180.415941
252.286175	124.525744	143.257147	173.839023
240.876145	110.127437	145.798110	182.066651
243.764947	98.407610	143.983825	187.925601
242.524518	84.865090	133.045066	189.011090
242.733341	73.265395	144.667199	188.744654
247.312075	61.322833	140.755924	176.015084
243.988749	46.416989	140.843509	187.123600
235.340377	33.471693	134.805120	176.374478
232.569044	26.565179	131.356908	176.821666
238.058282	15.677595	129.278401	173.935001
234.560765	9.864871	133.198311	167.691718
232.544358	6.659861	134.912086	163.887544
230.439190	4.514969	132.463933	158.842698
227.144638	4.480695	131.282846	160.047370
223.109149	3.521686	133.690194	157.352342
220.142006	5.202269	132.623776	161.507915
222.054539	5.713520	130.538489	160.175920
218.328914	8.017152	132.437916	166.906366
218.124568	15.056327	129.310225	173.176984
214.580635	21.138350	133.828954	173.270451
214.771589	22.412454	130.153447	176.160844
214.034016	25.834881	133.498284	172.906704
210.830512	27.883600	129.904845	177.658083
209.355526	26.631575	131.083521	174.626037
207.074392	32.448344	132.780989	174.246245
209.378395	31.299138	129.635788	178.136309
205.555717	35.868335	130.323586	168.775387
202.865034	33.604358	133.596091	177.417767
199.568803	32.844689	134.673611	177.335122
199.364856	26.423426	133.095575	179.236519
199.996460	36.057515	129.287771	172.253972
195.974332	35.551378	132.209365	179.036952
193.860816	36.317531	134.598905	179.056950
190.670933	34.952696	132.494576	179.991209
189.938050	34.691860	130.592560	169.719474
186.563911	37.361619	131.989661	177.155970
183.235816	37.518202	135.246804	178.539998
178.546463	36.011467	134.785350	180.405636
174.464193	42.602085	135.901710	175.267289
174.317108	46.101323	133.094276	179.036269
170.928048	48.555642	132.865246	173.831792
171.027884	52.975737	131.514284	173.539613
175.334790	55.139303	130.235337	175.487222
173.463267	57.162178	129.983268	170.646765
169.045239	57.030191	132.692480	170.798613
169.413063	57.713786	133.169653	174.568342
169.230964	61.998827	131.042015	172.979451
172.621396	66.608458	130.642041	172.490507
166.055711	71.563757	133.525231	174.247578
169.084018	83.804452	128.114868	169.244767
163.622282	75.383051	134.118201	179.532851
159.045518	82.193160	131.946304	175.651524
162.496076	91.113015	131.916594	171.984404
161.525427	86.469490	135.510310	179.623954
158.483497	86.329015	132.480432	177.568956
154.765110	87.222361	133.710305	175.689003
157.800743	96.318909	133.574119	173.897445
158.934751	96.795403	130.623385	175.598702
160.268549	97.078102	131.914503	177.210253
163.436756	95.650618	130.567302	178.116610
161.933051	97.373515	134.354115	174.132241
170.968436	102.397900	128.007491	175.565662
165.901002	97.139338	130.144286	180.714775
170.599978	101.661276	134.667614	176.909663
176.228446	107.450527	134.932355	174.390293
177.025731	107.416963	134.360623	177.254865
181.788238	106.421453	133.699171	179.003018
186.048525	108.588388	132.224055	173.917327
185.709628	110.844598	128.971339	173.073212
182.772100	105.385779	132.852411	179.186823
181.483290	105.170499	131.365209	176.781934
181.997519	103.929932	132.353983	178.257553
181.801579	107.968463	132.799113	175.393450
178.072749	95.155656	129.070765	178.126043
175.766427	90.103970	131.179375	170.958563
176.762276	87.426982	130.316807	177.600895
176.233584	84.055910	129.499775	173.008357
173.977666	85.560440	131.255364	178.233045
172.527636	85.355654	132.908769	177.254361
167.866472	84.053616	131.133949	175.840156
162.859752	86.073939	133.881503	173.744485
164.146769	86.473917	131.358151	175.383206
162.240502	87.008789	130.229662	174.669884
160.008497	83.950800	132.647798	172.429584
162.964836	84.835186	130.043604	178.274708
162.012486	85.650357	130.465246	175.493812
162.339355	88.299188	129.693203	180.774406
162.695639	92.045641	132.938646	173.834195
166.490685	93.624488	130.248470	172.086177
172.412401	90.665488	130.171986	178.359499
179.544165	88.901804	130.326682	174.471260
183.931266	84.806315	130.197122	177.524930
185.391110	84.665931	131.129181	172.282047
184.136852	86.590581	136.929042	174.777074
189.880790	91.719840	131.689866	177.747018
189.381988	88.544448	129.170569	178.203104
191.120850	79.795925	135.593791	176.814762
194.758463	78.962737	132.302832	178.575458
190.293430	79.232334	130.867963	178.647074
188.584352	79.741142	129.713570	173.708452
187.323607	80.456242	129.525859	176.362575
181.798579	76.519815	131.993891	171.856132
180.421434	77.206804	131.735500	175.480636
184.495590	79.086593	129.132392	174.740128
182.949484	73.722407	130.722498	179.797265
174.594672	76.605060	133.061353	176.511757
176.248979	83.439649	133.193019	173.438387
180.575942	80.993657	127.830268	176.173544
178.185676	81.062458	134.910481	176.281048
179.233254	76.200867	128.603692	180.978334
175.701272	78.904623	131.489346	175.894907
175.495007	78.889304	132.853078	178.360607
184.360482	80.698286	130.163887	176.065042
192.463181	75.716071	131.355613	174.958591
196.446874	78.167239	131.230067	173.066703
198.448936	76.182533	131.784752	169.313157
208.191749	65.905634	131.724068	180.074582
206.627363	69.794155	133.674727	177.467818
207.627312	76.092526	131.695404	174.227359
216.633588	77.059057	130.497904	175.221734
222.277575	71.858648	131.213690	177.195145
221.374074	73.140651	130.675344	175.027628
215.777735	73.884616	131.937790	181.411435
212.824325	69.206512	134.317245	177.281187
209.883067	75.593419	132.362009	174.393666
206.567604	68.489669	131.448777	174.840670
205.259356	64.666613	133.407722	175.119148
200.191167	63.043790	127.968823	175.982886
193.134379	60.751853	132.569884	177.072746
181.937976	65.566091	129.732352	174.767212
180.692312	61.973904	131.458791	181.345893
178.687890	68.314359	130.655375	176.191160
173.855494	73.979182	131.568790	178.368537
171.280000	75.166071	133.258868	176.645313
168.437508	75.476947	133.710093	175.191736
175.324027	80.509326	132.299873	175.191161
177.993640	80.294428	132.789651	173.564674
177.963484	78.541381	131.852787	178.404249
177.227499	82.147566	129.976466	175.139808
175.538071	83.525475	131.487110	176.069445
181.974934	86.003523	129.684084	171.979803
186.513029	87.839948	136.556126	181.095962
196.008646	88.793429	129.950181	181.205245
201.535061	93.162839	135.849952	178.187207
211.959486	92.878246	131.859844	178.749095
222.707666	98.218657	128.593044	170.953140
234.039839	94.390061	133.411272	179.259670
242.239154	97.358201	133.139459	175.814878
249.903099	91.884224	131.489850	177.012662
262.886161	91.165338	132.046874	178.764223
267.303658	92.997014	130.571724	181.028630
270.121838	91.025276	131.151259	177.667309
274.468507	79.511752	132.540557	175.305970
276.965942	78.636518	131.379345	178.907650
275.977338	77.519124	129.585362	173.598814
274.452062	73.891705	133.863811	177.621876
273.117122	78.033001	132.725262	174.186855
272.462565	81.214289	133.697263	177.166369
276.903666	82.440838	129.826355	171.730317
277.559748	85.310723	131.729559	179.537686
274.052069	93.647959	132.390417	177.771019
270.728047	95.871636	133.490192	177.409801
266.615448	99.221582	135.761228	177.406817
261.879108	105.790827	133.448028	173.734237
258.821199	111.656784	129.520443	175.466194
256.132112	109.591552	132.568253	176.368113
254.455458	113.059212	133.936060	176.377791
255.516008	118.334189	131.075150	175.764021
251.262277	118.235034	130.812662	174.921439
253.964482	118.580983	128.372867	175.388122
253.869988	121.100981	129.765614	175.682950
250.809285	129.320375	130.061217	174.814989
259.412792	125.644428	130.484308	173.721065
268.270367	129.882632	130.209369	178.982875
280.283100	131.580422	132.271359	174.499904
291.698444	129.212026	131.515008	174.244099
299.449483	135.267185	135.515811	175.740279
310.173748	134.092648	133.888310	177.113306
322.944276	138.484390	128.235319	173.178325
335.284593	140.219095	131.584315	170.727974
339.903672	140.516529	130.827100	173.044303
349.422752	139.813818	132.803307	178.556814
358.719923	145.457959	136.251021	175.075928
365.598145	153.183390	131.024327	170.468939
367.990352	151.079339	133.881976	173.317988
370.530501	158.912831	135.214126	171.263083
375.590552	158.820142	136.350553	175.365433
382.838255	162.607659	131.307889	172.235937
403.724798	161.722848	126.035184	169.400453
398.381107	163.628371	132.086406	174.463943
396.213739	164.941486	134.639912	177.996112
397.423639	164.738548	128.307833	178.588643
396.120408	175.696806	131.494371	170.553033
404.262100	174.967122	135.276395	168.139235
409.559325	176.639480	132.610632	168.106725
409.837842	178.515473	133.450560	171.444738
416.779176	180.983831	131.774188	169.330658
419.492996	179.617354	133.635968	173.683687
425.990946	187.168004	130.991842	167.327063
427.087479	184.320030	129.164105	174.894875
423.887170	185.062506	131.397178	171.754592
424.393642	181.098702	128.712545	174.419068
426.018373	189.945123	128.458883	168.695225
424.174118	190.412247	133.244452	168.499925
424.553190	187.688591	127.736690	166.178537
417.723430	191.034677	134.678561	164.100640
418.225745	184.936727	124.020988	173.721615
411.124171	189.883450	130.302610	169.880592
410.977684	181.393295	126.389727	174.121257
408.418699	184.950294	126.151824	170.720709
406.801247	189.199292	124.587069	170.551438
394.668647	187.135600	128.676198	163.822062
398.056253	185.777311	128.536610	179.578373
397.869322	185.794562	131.036000	177.144483
395.288858	176.486482	122.302847	178.402215
388.189657	183.932272	128.336527	160.707285
386.755067	178.084146	130.129692	173.491091
389.187032	181.457238	125.760956	171.932023
385.534056	179.112297	123.441707	176.864950
386.236479	180.255452	124.844406	172.768138
385.980382	182.929646	126.278027	169.731983
386.828443	188.293237	130.127529	162.417058
382.435653	182.147809	130.367347	173.895850
381.670240	186.124060	127.693735	168.192874
383.233274	185.317629	125.288009	175.325650
373.847495	191.661693	132.117511	166.405058
375.968131	181.671846	129.749100	173.503631
378.820878	180.905941	125.423769	172.945972
374.938555	184.776448	128.182894	168.463850
371.713911	191.577957	131.962550	164.156958
365.551805	196.103314	123.824860	156.495413
363.429238	188.426162	127.084509	171.330860
363.206222	187.805756	128.016370	167.706295
361.181928	178.851226	128.140133	172.242469
356.841515	180.252872	131.643979	174.267707
360.783681	186.056065	124.958334	164.602519
355.067426	191.898193	125.594107	164.912201
355.112789	182.542444	127.369663	175.693275
353.589848	173.871105	129.645149	171.086201
350.743446	172.250750	122.816960	179.127549
349.894769	180.260081	131.595842	169.505473
348.761043	178.506225	131.087772	175.674319
349.859205	183.785213	127.867517	168.331407
343.172504	181.658605	130.752145	170.753974
343.006482	177.315424	131.255109	174.904459
343.374460	179.886478	131.548476	172.829113
337.514033	179.663735	134.451182	172.750326
343.631437	187.382677	125.055119	171.109622
342.492641	181.222988	129.020811	173.158513
344.789632	180.881801	131.556046	168.892355
341.250039	176.289257	127.617659	176.056910
341.262868	177.660628	131.087470	171.671606
343.189063	175.329787	133.843315	175.223031
337.482757	178.893746	130.695434	172.324672
336.525614	177.051305	128.331945	172.876710
335.767241	179.285076	131.693600	172.367300
337.055568	180.660138	132.572774	171.763674
335.269701	186.621089	131.506226	169.083049
331.610049	180.157275	133.159842	171.974588
330.821104	179.311082	130.882794	176.107279
331.373502	180.096291	133.963717	174.305794
330.823566	180.624311	132.494500	173.687163
325.230537	173.469287	130.648563	183.116272
326.053766	174.708728	128.867536	172.343161
325.658295	178.207949	129.341836	173.763398
322.110476	175.595338	128.330574	173.267328
317.486625	173.950004	128.470388	173.693846
314.217731	174.394847	129.063620	166.050978
309.303139	172.647292	128.812356	168.833523
303.479821	169.170851	129.468824	169.864843
301.443141	172.034041	125.508426	174.634304
286.857994	169.472169	126.471153	178.260190
281.342731	166.783846	126.270449	175.104666
276.823288	169.446854	128.444286	171.029676
275.416998	170.560666	128.281859	172.570455
273.180331	173.550722	129.942246	178.858531
265.175935	169.091640	129.100145	176.145847
258.847194	171.334783	131.738693	175.569237
258.081945	171.005506	129.524782	173.044856
255.076365	172.172179	128.475989	173.039497
257.095338	173.731050	129.651304	173.872874
257.026889	168.785146	127.431911	177.187571
248.916912	165.466499	134.009773	177.033583
247.710002	168.455018	132.888620	173.786207
250.036605	164.321625	131.939286	175.388856
251.531431	167.926480	129.812653	172.342265
250.283019	164.048664	129.222519	176.376442
250.932612	162.799263	133.601885	176.465616
253.882441	160.421219	131.323244	175.220061
249.041149	162.926157	129.970756	175.245000
248.667577	154.615434	128.507242	178.430210
248.947031	152.263645	129.400817	174.803824
245.115138	148.290153	130.382912	173.861313
241.995636	146.486372	132.296249	171.736181
242.279118	141.882307	130.488650	179.400729
237.513275	141.799340	133.482203	178.718806
232.645679	141.541296	130.819483	169.302152
226.265284	135.309918	132.492457	176.109062
219.970832	136.885907	136.385078	174.185311
222.140236	134.448640	131.306031	172.545842
220.711163	126.836267	133.249546	173.237631
217.777502	125.223014	130.951905	172.721749
211.113209	122.160498	130.105378	178.481138
208.647377	130.084102	129.665415	175.869496
200.995130	126.761146	133.266849	175.420307
204.233953	129.560976	128.375850	172.788960
199.744699	128.480129	131.863331	175.135726
199.000357	129.481453	131.344375	175.558657
197.371470	133.818017	129.073163	175.723353
196.304835	129.409258	126.194567	174.821563
196.158018	127.598886	130.527892	177.926472
190.636666	127.118428	131.796622	177.457855
187.070398	129.598535	131.843720	176.063887
188.449368	125.376476	128.118374	175.889534
181.256707	123.646014	133.636992	172.181950
179.485050	120.812004	136.401578	176.477342
178.115098	120.336224	134.176487	172.587405
172.859224	111.086605	134.122235	179.195805
164.846114	118.210135	131.864455	176.307165
169.156709	111.156308	128.589140	173.274024
171.303404	111.340555	129.612817	172.365464
167.854657	104.067223	130.156298	177.013912
172.170231	104.446645	132.862788	171.669426
175.894550	101.618297	131.081799	177.873735
178.449223	103.432369	133.234768	171.847764
181.994323	98.689505	134.153596	179.052379
196.107346	104.416554	132.230010	175.017801
207.851462	105.845589	132.519737	177.483915
218.260286	101.253708	131.903754	177.616325
233.438040	100.159111	133.173955	170.978934
241.991317	95.442812	129.518484	176.373891
250.006603	86.373865	129.539300	179.667497
252.226308	84.417408	134.616319	176.205086
257.665003	86.469888	130.803331	178.205775
254.286079	88.943028	134.485557	178.402310
252.881527	82.125448	133.043854	177.363143
254.646777	80.026094	131.333980	170.446836
249.528570	76.794898	131.827922	178.835169
250.263823	77.880184	128.539282	173.013357
243.749771	73.582939	131.422511	175.709832
245.621399	70.865809	130.064503	177.259563
238.949482	72.288302	131.123584	174.813417
230.622348	72.898880	128.457448	178.413956
226.311502	76.861072	132.673913	172.060872
222.473790	77.381955	133.385761	174.075135
225.713741	74.871617	133.638495	179.443954
230.065965	82.154094	131.573304	170.945737
239.496104	84.513099	130.685612	173.537202
246.500387	80.689966	130.522465	181.121486
249.533152	82.594738	132.098718	174.467807
248.913219	88.897402	134.132365	179.559650
252.283677	89.230049	134.226456	180.448038
253.571704	90.263680	130.769424	175.882119
257.717470	92.835208	132.814067	178.972507
262.194943	99.098526	130.099810	169.341335
260.147068	95.749734	131.322337	174.686701
260.098850	87.228655	129.866878	177.074914
264.576046	89.533138	128.411162	165.386436
262.055875	85.080990	132.769780	179.096819
252.881256	87.879307	130.854922	177.694142
245.332817	93.284875	131.716665	174.161449
253.649180	91.115531	135.229252	174.816589
254.881755	83.690158	131.932371	182.557332
256.067517	88.204012	130.113733	177.743211
259.444025	82.508577	129.983816	176.830951
258.577253	88.216885	130.244806	176.305740
260.829559	85.103053	132.886254	175.204753
262.874969	89.313118	133.249932	169.805408
263.218698	92.157584	133.178711	177.152051
272.009298	92.256080	127.576102	183.351904
270.653615	95.770209	131.654192	178.393207
277.555872	97.722837	128.675004	173.130726
282.414514	103.547216	132.543117	176.692583
291.370518	111.173525	131.969396	170.061798
313.856815	114.335621	118.277829	177.869622
310.675776	126.035098	130.793194	174.040702
325.516334	131.481967	130.511620	170.911685
345.564589	138.258935	128.933177	173.008969
357.641804	147.592430	130.397088	175.160741
368.166945	158.113358	137.287981	173.379872
383.763679	164.976042	135.305299	173.728587
388.762842	166.780828	131.669359	178.602204
406.547385	163.910589	129.738916	190.426346
413.468829	169.350778	131.960354	176.428797
421.864241	177.918205	128.039465	171.752027
419.765710	176.884806	135.308363	175.121525
422.286705	176.674254	133.804449	180.293222
425.867407	181.479280	134.048711	176.118109
430.881397	186.412236	131.490536	177.448713
436.528588	184.745443	132.796150	179.005771
432.724955	197.302373	133.164897	172.124986
436.963128	201.176288	130.005540	175.456807
436.982197	209.996745	128.715642	168.256557
441.016744	207.452129	131.333000	173.602716
437.887482	218.166906	133.701411	170.995656
438.095620	219.622555	130.649424	172.094346
436.370655	224.526547	128.157915	173.935212
425.967432	234.583535	135.341589	175.450961
423.880352	246.799340	129.948050	171.979416
415.158711	252.207235	133.808932	172.224494
412.406885	256.228512	132.175335	173.833284
402.062382	261.524510	132.288613	175.474831
395.868109	267.177348	132.271460	176.377910
392.567937	281.193171	132.408740	174.347882
384.292704	289.126594	129.867291	176.411742
374.604124	298.539375	131.063003	172.792997
370.243112	307.992855	128.727898	165.406237
364.923593	318.476542	130.793656	160.219339
357.878431	326.034108	132.766133	152.744632
352.186464	334.001014	132.646872	144.625542
354.021283	331.421027	134.664407	147.415991
354.662151	335.767851	133.564506	143.564433
351.661013	340.519602	132.448238	138.603947
351.262252	344.715766	135.130068	134.922652
353.207468	352.929641	135.523256	126.304578
354.300024	352.138638	131.999211	127.400018
354.632095	345.177065	134.219873	134.297269
359.127490	349.305205	131.481894	130.385020
358.712911	345.231150	132.488259	134.355788
364.539537	348.610138	135.452454	130.851853
368.919718	343.803623	130.927890	135.613905
370.886856	338.829204	133.790086	140.535990
373.391772	327.087752	131.796186	151.530697
379.278394	320.176820	131.422822	156.560518
382.106646	307.375052	133.242355	167.432737
382.249377	294.955442	132.189559	174.617034
377.928869	291.832441	134.239378	171.352369
383.048510	288.359229	132.007613	168.170049
387.481188	277.279171	127.236505	174.379184
384.462146	277.053696	132.468606	168.227121
383.848046	277.333410	130.401230	175.789189
386.696502	270.835366	128.863120	170.785722
390.852464	270.311821	128.572935	168.735377
390.974845	263.364833	130.437968	176.228584
387.864899	261.857702	126.847043	168.657339
386.092076	256.250761	126.674861	175.564956
385.282747	258.162720	128.187727	166.043411
390.729294	255.900990	123.984620	171.095308
386.294812	252.523592	127.981594	176.102737
390.545775	258.333478	124.811088	164.226396
389.994154	257.648842	121.748793	166.495815
384.648285	249.631755	125.930809	168.135788
387.007033	255.405613	128.552263	160.663314
382.836200	255.865764	124.442278	164.509957
384.168165	258.829261	126.936163	160.730932
397.808435	254.764507	115.431425	159.307813
404.206720	254.027861	119.923980	155.959453
395.994790	246.157360	127.284540	164.572999
380.762571	242.912889	132.921053	174.838308
383.649275	240.302430	129.967734	176.052178
383.265539	236.372665	130.746525	174.342126
381.538138	237.706188	132.015542	170.487881
379.604371	231.874631	128.982387	177.317214
368.788758	239.672468	133.611851	173.277633
372.407509	230.367066	130.538378	177.366463
369.687530	229.365910	128.490495	173.398208
365.936520	228.401212	131.605153	174.441427
359.046736	225.152042	132.178089	177.644890
361.367341	229.269803	130.568842	177.447058
360.922221	235.456269	132.545511	172.350278
356.240235	229.669551	134.288461	175.032676
350.859078	224.699731	131.805029	172.180728
354.103898	224.371641	129.476741	174.877505
351.728916	223.183301	131.773080	173.009019
351.634858	222.751268	128.312237	169.632745
348.981169	218.616374	129.860237	173.980163
344.836458	218.846618	131.855425	175.561190
340.568585	215.267611	129.596341	174.526385
341.272301	214.570570	133.490708	179.559816
339.514265	221.469628	130.119128	171.489426
345.049191	215.697706	130.618864	177.600619
346.394540	212.611592	131.469068	173.346183
349.853214	211.412821	129.427561	178.119939
348.493549	213.438250	133.042530	175.054128
348.100430	209.324802	133.224830	176.531028
347.706110	207.655699	130.913595	171.649372
345.311346	207.904359	132.234629	169.158181
349.776498	205.835850	130.739298	175.530902
350.386526	200.255888	129.969122	173.749908
349.998366	196.736842	129.588798	172.043818
348.607618	195.262373	130.032053	173.882806
348.961393	197.692165	129.661396	172.785306
346.625476	190.575298	133.729903	175.173903
345.898652	191.950777	131.568728	173.302351
339.512916	187.585996	130.460059	175.563420
340.749155	187.097345	131.170309	173.576819
344.382975	184.402937	129.608856	171.873126
337.930280	184.929468	133.071930	174.789755
335.596907	181.088730	132.743023	173.604333
334.293847	175.340222	127.418387	169.622619
330.083980	180.205361	132.548773	173.263486
336.761570	183.891133	128.950976	173.088122
332.436617	176.049250	128.145136	174.689087
331.759609	174.204578	128.132038	169.889467
329.397139	168.498986	129.365079	177.219795
331.748162	168.278967	132.138314	175.236537
327.089042	170.953236	131.484888	176.469802
328.692033	169.373955	129.716287	175.762339
326.461199	166.775760	131.743132	170.634589
326.837632	163.708691	130.560808	173.815170
321.856069	159.432448	131.122294	177.115329
319.555361	160.054460	128.171265	172.299270
320.863177	158.224480	131.248733	172.252625
324.546645	159.079817	130.978965	175.295468
313.209582	159.880242	132.788976	171.970246
310.035496	159.196452	132.281368	175.050641
309.983604	155.378640	129.589706	175.398714
307.521887	151.555549	127.544514	175.192307
304.651001	155.456575	133.107296	173.092625
304.969875	155.784201	129.738984	178.659567
299.992008	158.775713	132.059751	173.097497
299.042864	155.389776	127.514586	178.202294
294.697820	157.372821	128.157317	171.994787
289.741406	158.205266	129.560775	171.595633
289.596851	152.151357	128.312753	171.620113
281.171436	154.807502	133.046821	174.284294
278.910400	152.444601	129.313457	176.173718
278.928533	149.975306	127.807843	172.218316
275.632303	146.032363	132.643350	175.767861
270.554428	148.691319	131.582051	171.254982
268.622558	146.795074	127.643733	172.431970
260.664897	143.618857	130.297206	174.631312
259.902202	146.118413	127.348806	174.128407
260.174144	145.739331	131.258090	173.818657
257.780611	147.564720	131.249295	172.624916
255.098586	151.859940	129.249557	174.744363
243.885580	149.102177	131.291700	174.077126
241.348645	150.988623	132.442620	174.489521
236.021332	154.068357	129.217158	175.682932
233.011060	146.700220	125.639886	172.954786
229.471683	151.164316	130.764117	175.145875
230.019581	154.146237	129.815674	176.181101
228.240525	144.382425	131.973485	179.775582
223.741638	149.914983	129.276996	174.530994
217.747261	148.648475	130.637158	175.131924
214.073801	142.438832	132.168313	175.611243
213.268529	144.600768	130.678404	171.057008
208.094005	146.408564	130.224064	178.669842
211.399814	146.011786	130.675969	176.394563
211.210212	145.944802	127.413590	169.618469
208.040441	143.923485	131.312241	177.413982
210.081454	142.920132	130.585427	172.117869
204.441522	140.880505	130.212024	173.031273
200.547626	141.329120	133.183181	175.039696
200.642688	141.436310	130.089065	174.647775
199.335205	141.974440	131.078811	176.932167
199.820038	140.570924	131.556110	173.482986
202.445809	140.687707	130.279929	175.263439
205.131115	145.918559	130.074835	176.766565
202.083986	139.694219	134.758297	179.110077
203.978007	138.782080	132.097581	173.233453
209.931644	141.979331	132.071482	179.216920
210.921296	143.472903	132.963189	171.953126
213.245858	141.008360	129.208710	177.319125
216.823454	139.528361	128.338724	173.831533
216.504407	143.174193	131.596547	176.140293
218.607041	139.113493	133.479537	177.068159
223.717269	139.040097	131.261005	174.198738
228.941491	140.120935	130.877246	172.690374
227.783084	138.032027	131.673800	176.431272
231.053864	136.202476	131.800390	174.425338
232.541252	141.571964	134.177741	176.876760
236.027083	144.500380	131.092513	175.709101
234.462481	141.840895	131.325244	176.006474
231.878881	139.983824	136.210519	174.935727
236.625602	139.061294	133.069098	178.800179
240.043280	138.084106	133.123453	175.319032
240.756047	138.719813	134.077499	173.304978
233.217286	142.000480	131.735532	176.705328
230.493146	143.701385	130.814154	173.508915
230.415632	138.903733	129.918459	175.086779
228.138515	128.975857	134.319599	177.600897
228.937527	130.780600	131.007941	171.122471
229.455618	123.396181	128.816516	171.987467
225.208018	119.050643	130.622997	174.718238
221.772440	113.618072	132.926458	177.185001
219.084180	107.088744	129.140016	177.146845
211.577355	113.977147	132.541979	173.823771
209.596427	112.171931	132.431855	176.064256
198.961773	114.303591	132.208824	173.935541
