118.000000	69.000000	114.000000	162.000000
116.695529	64.861712	114.747745	161.963707
118.412289	69.968034	113.175905	158.296168
121.653814	68.137343	112.148566	160.918834
118.996969	67.699209	115.091037	161.799671
117.604526	58.901053	113.840263	168.595865
114.179538	62.835998	112.741179	162.371605
115.491746	62.160843	112.485887	165.739912
115.934225	59.605770	115.872178	165.089044
119.586846	66.558340	113.560217	157.752156
116.982370	65.125501	113.584159	165.240874
113.591886	69.598867	111.898316	160.937997
116.854405	67.547857	113.522940	161.006385
113.372584	64.729908	117.373867	160.343623
113.327361	67.483648	113.866155	161.501519
113.070756	70.256888	112.033751	161.019254
107.526481	72.741690	116.333508	163.923600
105.552873	67.606721	115.788018	162.682285
102.958680	71.212740	111.077169	162.511541
100.151589	70.365997	113.828952	165.565313
99.297296	67.802327	111.638547	161.890642
100.398168	70.022877	108.860075	164.728881
96.639656	79.880507	112.219005	157.854207
90.918670	65.681708	116.658125	164.110420
88.728014	69.487780	113.804542	161.421663
91.074576	70.626858	112.476790	162.518366
93.893883	64.897489	112.165866	167.006165
91.072200	68.343620	111.360899	159.945968
85.863993	68.493487	117.414884	163.211220
90.570918	64.455387	110.650617	163.406472
90.914713	64.737885	115.033103	157.766078
88.959919	58.783764	113.183768	165.631809
87.163694	59.877160	113.995483	162.922770
88.400711	60.704755	114.492681	163.140222
87.246746	61.352870	114.308629	159.882447
87.051327	63.562512	116.725886	162.322450
87.654190	63.390536	116.140745	156.654498
91.280436	58.641657	111.988349	164.695719
89.106060	58.743768	116.549952	163.848179
95.072678	62.804990	112.055096	161.502333
92.079511	62.611584	117.094435	160.806584
93.595465	63.564278	111.582655	161.237729
96.274884	62.811008	113.703165	161.550529
99.784172	64.143151	116.891715	161.846948
101.776783	62.373614	115.315749	161.246951
100.295552	65.875823	113.437234	161.020400
100.250378	61.704083	115.668647	166.063106
105.016026	60.311447	118.481751	162.837654
111.319890	62.971518	113.904794	163.073205
112.353184	63.405678	112.171808	162.587176
114.383538	59.114973	112.269115	157.657957
117.912160	61.944174	110.173563	162.024929
117.659272	62.706096	114.437467	157.431332
124.488036	60.901773	114.421769	165.405340
125.231626	65.363831	113.356696	159.463412
125.554548	64.332526	115.066456	163.583763
126.952574	64.557453	112.387222	159.349944
126.457958	65.689756	116.071271	155.091882
131.780212	68.876632	114.860883	159.139451
134.022941	64.224280	111.472801	162.282678
129.783629	68.271851	114.528427	162.801427
130.165865	71.168025	113.346956	165.706733
130.982005	72.738344	113.193487	161.993545
131.089444	75.118150	114.240913	163.171925
135.569462	76.007327	109.179799	164.346337
129.023264	78.072620	116.583625	163.565350
130.800314	80.579756	114.029315	156.546004
132.569346	77.603089	115.037986	158.033771
134.197190	82.584626	113.424578	163.507014
133.032821	80.925118	111.718899	164.239327
133.049048	78.237448	111.480165	160.851665
132.877163	77.096025	114.740663	162.385921
133.850385	77.651416	113.840229	162.843857
134.828470	78.503084	115.167769	163.059245
133.679413	81.546411	115.036538	160.762219
135.746978	76.364625	112.130675	161.850373
131.996463	74.505723	114.875069	161.492465
134.637066	75.814605	114.127954	160.316273
130.501038	75.587932	114.446446	163.242320
130.284345	77.217340	117.299894	159.516776
132.360876	77.302964	112.486000	156.687320
130.587044	75.557268	118.045062	159.356187
129.756246	77.169050	113.623726	161.544688
125.595760	77.990744	114.790506	163.812165
127.654629	76.248840	115.625117	162.049102
127.948584	74.315914	114.417375	165.982265
128.587216	72.828170	116.914557	166.770040
132.027525	73.335257	115.103883	161.279038
127.812342	74.632647	109.623149	160.057968
125.123979	71.552665	112.346444	167.107233
126.911147	79.637412	109.344504	160.566713
126.119764	76.184805	111.746616	160.981819
125.010972	72.598351	111.153572	159.847904
122.106066	74.465568	110.953704	165.333090
119.842666	79.158326	111.087382	160.285677
122.971958	77.564710	108.750254	158.185093
121.483943	77.558996	108.902401	158.959039
116.209993	76.401587	115.455435	164.437787
116.176528	79.236190	114.177788	161.676590
116.815626	73.177032	111.859579	162.785560
116.927439	73.388565	114.517897	169.162045
117.291090	78.241860	113.281798	158.543673
118.343518	80.663319	108.918935	162.399739
110.133597	81.627680	117.101545	157.776142
112.233931	76.906587	113.502028	160.851776
115.821502	84.502478	113.548991	160.077215
110.566751	75.570434	115.300021	161.996634
106.449721	72.056896	115.706162	159.080911
116.621589	75.213439	107.525564	157.696749
110.922148	81.901491	117.752268	163.648481
113.149358	80.369098	111.483459	156.781759
107.871325	74.748156	117.183268	161.752844
112.165680	76.115457	110.505754	158.658445
112.004296	82.970759	111.159266	158.613218
110.883740	75.163557	114.966914	171.127787
116.507480	78.641574	110.852766	161.905926
109.601978	78.553710	114.954240	165.198115
112.266038	78.902995	111.280242	162.536862
108.502904	80.435254	114.058377	158.470813
109.274530	78.567724	113.099662	164.303653
108.849479	77.318545	115.569099	166.978452
112.820099	78.856745	112.133901	163.939300
112.196058	83.634447	114.330313	160.302548
114.454694	78.057694	112.227985	162.496224
112.661200	78.023539	113.928731	163.524315
108.959527	76.232019	111.998438	166.166615
110.052674	80.665769	110.400255	155.887915
110.852894	79.821799	114.894034	161.505134
110.803298	82.042742	116.945922	162.822890
110.631318	79.624439	111.795814	166.274948
109.319952	78.702985	114.468732	162.534443
107.153628	74.758863	114.599724	164.932727
111.570737	81.457876	113.087118	157.113272
110.297290	78.702378	114.118139	162.196362
110.619164	79.579963	114.804313	160.024204
109.738708	79.947444	114.465051	159.980441
109.233640	81.222648	116.415328	158.584314
111.215742	75.425425	114.032075	165.283717
115.786761	79.150510	112.193059	163.986644
110.610488	77.728343	112.852966	164.976077
110.620635	76.560113	114.387465	162.771479
110.312517	77.264737	112.266508	167.671682
108.798957	77.128055	115.617805	161.071950
106.529910	74.054233	113.265393	165.642929
109.055353	68.862926	112.144629	161.426745
107.349788	71.626954	113.482531	157.461089
104.813669	74.779097	114.010775	161.308583
106.858561	78.803074	114.421958	160.535777
107.270055	73.653885	116.097731	162.758363
107.592017	72.760993	111.932103	162.120263
103.458738	73.952714	116.608208	160.376887
105.600638	74.472068	113.300709	163.201172
104.918459	69.278436	112.275308	166.417471
107.036564	75.607300	114.751957	159.552564
100.895642	70.038612	114.776856	163.438767
103.938138	74.866294	114.123798	163.771975
104.228504	78.575284	112.682477	160.868792
101.995719	72.155368	113.080291	163.120352
100.597334	73.430477	113.794935	160.691525
101.112078	73.832452	113.854468	161.115445
103.867963	76.110632	112.735230	153.060231
104.641477	71.504143	111.432753	162.848623
101.422663	72.461830	113.093955	160.236258
100.730387	70.057659	115.222587	161.318455
101.064533	68.103367	117.842814	160.357555
104.387898	68.696002	112.693079	160.246319
103.302229	68.397228	113.638154	162.089871
103.925328	70.792288	111.463549	164.642055
103.457165	75.120354	113.805354	161.270327
107.334723	75.275121	110.540012	161.026807
103.985227	74.228526	113.272155	165.871930
102.194734	74.306951	110.910806	158.671137
101.608138	70.163204	112.815721	160.660559
102.068965	72.698261	112.431096	161.110116
100.956732	71.048167	115.116273	163.220396
103.351146	71.452749	112.369213	159.775138
102.333860	71.001025	116.469779	163.297531
101.394648	72.814211	112.798703	166.163885
104.240936	72.219962	108.440065	163.297939
101.427644	75.589601	115.531297	161.644759
100.385738	77.546612	113.203815	161.179273
102.184137	76.387719	111.080379	157.073768
96.319554	80.657450	114.234091	161.196262
99.001959	79.633505	115.764565	165.128287
97.653457	80.196199	114.356947	164.733091
98.036252	85.852733	116.267142	161.882260
100.862070	80.733345	111.923111	164.685394
97.753604	81.177183	112.484237	167.084025
97.291192	81.667582	113.748617	160.399459
100.968119	89.367647	111.612222	159.435489
99.016475	81.980612	113.728489	161.039777
100.503468	83.264173	116.333800	162.492280
102.444565	89.433594	111.339612	156.064308
101.020877	82.084971	114.771819	162.623080
97.848194	82.335405	112.912041	159.221661
102.323033	89.758355	114.280460	157.502219
101.498681	84.016251	113.437272	157.851170
100.256974	81.305838	113.909458	165.420859
98.102634	84.185717	118.276495	161.340108
104.668125	82.094331	109.530718	166.671662
101.384076	79.034025	113.646567	165.378157
100.693558	80.066490	115.223467	160.478949
99.774004	82.773246	114.761801	163.517002
101.398085	85.911741	112.192730	164.235921
101.248752	87.931464	112.645762	162.428681
100.493764	82.168642	114.557148	165.596860
101.165633	85.541318	113.262818	159.847702
98.711662	84.215679	117.731138	163.891022
96.938314	86.018672	116.958134	162.490567
105.198641	84.391150	113.817161	159.686363
99.090380	87.540278	117.425100	161.003247
99.685076	90.024673	113.475710	162.192238
97.530500	95.105501	110.969417	160.300067
101.459790	90.769674	110.155175	163.392151
103.497746	88.844337	114.508700	165.728335
99.497867	88.681873	113.918812	161.588382
97.641955	89.654527	116.605109	158.824759
99.914433	92.455255	116.843911	161.162004
102.098220	90.440203	112.592738	164.402691
100.488358	87.783306	113.224634	163.635684
97.340891	89.576206	116.131127	158.113566
97.144897	86.620490	115.340354	163.705064
97.750423	81.340063	114.354200	160.685111
101.565488	79.638994	115.769288	158.293781
101.471415	76.717521	111.540114	162.561918
102.026811	73.908697	115.396962	163.180987
100.296212	73.703492	116.427257	161.208579
102.670316	69.538523	115.195721	162.361964
102.792676	66.574830	113.351154	160.723125
103.924193	60.359110	108.139303	162.104785
106.004040	56.913921	111.932041	161.038699
103.279736	58.849757	111.850681	158.350912
105.277918	56.125157	114.549239	160.625977
102.887332	58.314075	111.815194	157.966393
104.456030	56.472169	113.297850	161.672981
107.635067	53.562462	109.986216	162.913951
101.306127	48.850592	116.855199	164.015644
105.848251	55.427280	112.397601	161.456970
100.880563	48.218796	114.465762	163.162725
104.044635	49.003784	112.022166	164.666943
105.159275	51.340397	114.743324	159.451195
101.311460	57.592419	115.011819	161.286936
109.592671	59.655775	111.531694	161.321484
105.062995	53.794935	114.248010	161.375005
106.801688	57.785770	111.421429	158.331051
108.534333	58.416339	114.229550	160.289863
105.542917	58.803120	115.210730	163.193407
107.922079	59.481469	115.901230	162.854758
105.175446	60.510589	115.698980	158.628152
113.186021	55.999763	110.745760	162.259979
111.428184	56.319872	113.443279	162.448392
108.589526	58.025167	117.685991	166.622788
111.653906	62.045455	114.755376	163.806599
110.183475	70.164853	113.879113	154.872827
114.740099	62.330433	110.923045	163.663168
109.753146	63.231033	116.547063	163.412747
113.144144	67.055185	111.153511	161.923246
111.160387	61.062754	115.237938	163.024071
105.777616	68.311771	116.595122	160.474779
105.648142	63.891377	115.888824	165.254963
110.656464	65.224139	113.919441	164.303021
109.179708	66.048753	113.729095	162.941074
106.287518	72.121577	112.852972	160.199417
105.910378	71.858663	113.465080	162.735394
107.136515	73.851008	111.931851	161.266727
108.284304	73.560108	112.852544	160.403624
108.629183	70.296611	114.027302	165.123988
112.878177	67.987536	111.370984	163.394840
109.688078	75.515950	113.547824	160.177187
107.644742	76.643745	113.895994	160.871686
111.002413	72.725595	111.203092	164.944491
108.554781	70.717268	116.017624	160.411497
111.325772	69.543562	113.583810	163.258115
111.944930	76.060507	113.024671	162.298196
107.406895	73.847326	111.814483	161.845128
111.102833	71.832830	110.911033	161.210093
110.420608	71.654760	110.344530	160.614202
106.080438	75.486600	115.633458	159.241500
106.376299	75.266690	115.117785	160.823786
106.432744	73.432386	113.746081	166.691643
107.536267	75.866675	112.059574	166.111113
103.609078	77.369664	118.011633	165.283948
98.845977	77.170461	116.738247	157.055745
98.550994	73.644298	115.968721	164.340267
104.241457	78.421174	110.850125	157.211858
102.497755	78.454757	113.167744	160.504239
103.829354	78.012054	114.357192	163.825560
102.281793	76.221479	115.957328	159.780961
97.184850	78.407258	113.395316	160.582927
97.017544	80.152733	116.791189	164.023602
98.987448	82.689491	110.853284	154.708246
96.141822	77.875914	113.645455	164.460769
94.257505	76.920532	118.283564	161.341516
96.279189	76.263594	113.972590	155.988539
97.422413	82.714446	113.174559	160.918687
94.724398	84.022755	113.943400	165.648000
97.909680	84.200878	113.112641	158.589601
95.275308	78.975617	116.143768	163.659886
94.963485	79.321578	116.182074	160.654719
97.366411	76.873569	113.032940	162.838854
95.994959	74.020582	111.315308	169.451505
93.190817	79.994642	116.113428	159.644793
97.313369	78.677480	110.584360	162.556278
94.872431	80.058364	113.007168	154.888327
94.391848	81.797991	110.871733	162.900176
92.910310	85.211740	115.355538	166.189831
89.690103	83.116573	114.727945	160.553833
97.924740	77.630439	113.029360	161.493972
99.576803	84.228441	107.911939	156.244570
92.373290	79.120827	113.996301	160.369814
92.716275	80.420712	110.690612	156.660573
95.701403	79.602654	113.968403	158.672617
94.252198	76.781093	116.251590	160.757652
94.532635	80.882125	117.261010	161.539323
95.527706	80.025991	117.670616	155.536266
97.309907	79.938494	111.521449	161.512611
96.513795	77.176363	111.982403	161.432943
96.261296	73.098397	114.434351	159.775271
99.536392	78.476210	112.736198	158.457960
98.423088	79.893181	115.320721	159.463897
95.982867	73.405309	114.263284	166.265655
97.695622	73.758601	116.197907	162.879482
96.032192	82.210114	112.142800	156.383008
97.707861	78.190893	114.076140	165.763577
100.821805	84.093934	111.787162	157.433733
97.532065	78.306729	116.321497	159.950583
96.817729	74.942520	112.010389	162.237822
95.324456	73.509737	113.367699	164.010206
98.766641	70.804067	111.179604	164.847372
94.122932	76.424738	114.818576	162.657870
96.088446	76.856425	114.196843	159.962394
91.516343	73.830128	116.418694	158.199027
93.611308	78.082451	113.974047	164.179388
94.990797	78.265656	111.124757	163.295601
89.144794	72.324219	114.957421	163.137240
88.091532	65.234567	114.334835	163.640994
93.441072	70.722223	109.825523	162.687066
92.670565	74.099201	112.779533	160.491569
89.470790	69.784497	114.376435	163.980664
86.225042	66.857147	115.291357	165.654903
90.685211	68.055216	111.933255	165.475699
85.001487	74.245331	113.674084	162.430392
85.317106	81.962361	118.195990	162.798769
83.354825	78.144811	115.082323	162.125854
79.564254	76.150019	114.437799	162.071237
76.719358	77.156147	113.568100	167.411526
76.529205	75.987845	113.199777	161.433300
74.542774	75.511512	111.070190	161.536426
74.816109	77.659185	114.880702	160.277601
72.986544	74.019272	114.051533	160.712123
73.399578	72.407731	111.972371	166.672721
70.687945	75.944693	113.641631	162.418967
73.019089	77.535610	114.834165	161.987861
74.857198	81.644900	112.939179	162.681859
73.123952	72.593146	112.565361	162.925023
69.650891	74.544473	114.306591	160.758999
71.628125	73.875620	112.071755	163.745697
72.818132	75.830535	113.656523	163.332588
74.535496	76.058497	114.754113	161.124159
70.457535	74.518298	117.156161	160.812715
70.606428	80.996937	114.318976	157.260361
70.389094	77.186060	114.397327	158.016451
75.619972	73.604854	113.097146	162.565759
74.728296	77.816465	108.974020	159.836765
72.808397	74.495904	110.375063	159.284905
74.169376	78.018787	111.580044	157.816810
73.084201	79.223197	116.359358	159.612132
74.649437	79.535552	112.175435	162.921043
74.644899	71.059746	114.167932	166.054787
73.684681	75.023578	113.320387	158.323010
79.529659	77.157157	111.268786	159.352699
75.444891	77.725026	112.288033	163.111253
76.216707	81.756939	116.656902	158.152990
75.037889	76.045969	116.580634	164.521583
73.971227	78.970921	117.207542	160.883114
78.940030	80.898074	112.358460	158.993660
75.470298	74.442668	115.658005	162.295067
79.223365	82.136689	115.254911	155.562291
79.712057	78.146054	111.325707	157.313064
83.192306	72.382266	113.665219	163.257495
79.422793	69.334947	117.359478	169.111144
80.725688	77.750758	117.716632	158.605742
84.661441	76.347402	114.556467	165.291003
80.970201	68.878263	116.140084	160.467790
79.144844	70.298443	119.770297	160.600202
82.531150	69.566104	112.122574	160.265060
86.115132	68.925150	114.229093	168.569183
87.806237	67.948110	115.162172	161.229592
86.311523	67.379245	112.241031	164.262910
86.718450	62.289249	114.666318	172.527833
87.043047	71.522371	114.591173	158.894289
90.682012	72.480135	112.744873	163.898320
92.650797	70.994441	113.409217	159.130593
94.902026	65.477302	110.635526	159.777934
90.821181	65.170819	113.305871	163.803639
91.602853	68.220540	110.170234	160.348639
92.137791	65.886518	114.384391	165.441132
91.466012	66.288201	112.248765	163.472712
92.134956	66.162299	114.502124	165.355636
91.092463	66.278150	115.192053	162.326964
89.807596	67.609427	116.959824	162.230998
96.506386	68.356603	112.840007	158.689142
96.496211	66.701531	111.808635	165.263140
91.452301	68.561119	114.311379	159.967253
92.209577	70.112234	112.585109	159.706713
94.533176	68.578205	115.845534	165.706667
96.479760	68.468033	114.925659	165.326300
95.579067	65.246535	114.166536	161.870358
94.714291	70.353364	115.456098	158.541225
94.571820	68.696298	113.594470	158.207373
91.950700	72.271892	115.057248	161.010241
89.691416	67.302881	116.766604	161.910228
95.344285	63.919950	111.586833	166.233693
94.499883	64.343505	116.333495	161.598983
93.192436	70.316508	114.613104	165.953048
92.546366	68.479864	113.373266	161.820466
94.453863	69.484098	116.923885	159.101690
94.178871	68.391508	113.421160	161.719745
91.308812	64.819830	111.914255	160.895179
91.916787	68.419919	110.815180	165.024652
89.360718	77.270336	114.565927	162.199381
91.833037	73.898069	113.586312	160.804745
94.645228	80.763201	114.236296	160.439097
92.782256	77.916927	110.347095	158.969284
93.130326	82.184171	114.223820	163.173422
95.302151	87.790532	113.566572	159.284414
91.551258	85.825993	117.256106	161.298208
91.877246	83.641644	114.391049	161.174984
90.191878	82.337541	115.274598	159.435554
90.659918	77.322365	115.806357	162.253697
93.120736	85.332912	111.379174	156.796193
89.256220	77.817518	114.808721	161.992031
90.652270	79.898244	112.610144	161.137322
90.493445	77.215993	111.067044	164.471188
91.643247	76.645309	112.428602	167.070641
90.319817	75.757312	114.183817	162.577931
92.553666	77.081708	114.158812	161.744487
91.826770	74.691565	110.816173	162.810820
93.034100	75.626419	112.928003	162.215683
91.752293	80.395315	113.862629	162.824706
92.401974	80.811461	111.733100	163.217571
91.199508	81.567176	112.945739	159.239856
92.880477	79.779903	111.966710	161.573502
92.147478	79.106400	114.811095	161.617904
91.993435	79.335824	113.834215	157.711849
91.802792	72.802265	113.751129	165.204875
93.345867	79.354578	116.392738	162.585502
90.267392	85.131107	115.476042	157.182979
94.636201	81.561801	114.175152	157.372770
93.811568	73.458873	115.586447	160.983661
90.768399	72.887653	114.517538	163.044753
90.475469	77.959226	116.904469	162.119851
90.135502	75.142588	116.930307	161.976525
89.274950	77.858167	116.729702	162.620975
91.128369	79.030665	114.807663	160.363584
93.147606	78.472555	116.724405	161.087897
90.475655	79.689467	113.342707	156.946837
89.566293	79.215281	116.809076	164.937289
92.065558	77.233471	112.224312	161.923035
93.303907	80.404587	117.632743	160.398457
88.233436	79.768572	115.610443	162.210013
91.949349	77.097983	114.252430	163.471012
90.355524	77.197496	115.400417	161.080498
91.839473	82.558543	113.028493	156.251162
89.794800	80.793560	111.721993	161.656094
88.135095	84.641471	116.698097	158.097060
89.113263	83.265650	115.131532	161.031827
89.905462	83.109763	112.715245	163.531259
90.043026	83.554315	115.826867	163.126486
87.856463	83.249078	111.490914	161.244389
88.967824	78.858738	114.819885	165.235043
92.289604	84.766168	112.652214	163.611268
91.380686	82.082199	111.109268	163.401958
87.434054	83.462349	113.853616	162.715784
85.974861	82.321633	113.757509	164.901688
90.163413	85.183821	114.234857	162.967155
91.695670	79.517512	114.927110	162.825203
90.428384	80.292825	113.062396	166.305491
91.418813	77.721179	112.919931	164.153641
87.119585	84.706372	116.925574	159.652805
87.823893	86.007101	115.127867	162.441561
87.134754	77.942051	112.076964	167.008028
87.580080	84.040365	112.947775	163.415605
88.233616	81.241693	111.099162	162.687954
89.325496	75.529853	115.375347	167.038862
89.208971	78.344438	113.911805	161.607302
88.015336	78.859394	113.743953	165.897327
87.407802	81.185911	114.989672	162.103067
88.910620	86.465348	113.978758	162.817368
87.580793	81.875318	115.768777	166.334939
87.841930	85.514816	110.613476	165.453775
88.959060	84.510173	113.542437	162.497185
89.672434	80.084849	113.331285	162.425805
87.396807	79.191713	111.962104	162.186747
89.030199	82.129714	114.920743	167.618927
89.600935	86.784647	113.814026	159.708240
90.355491	84.393017	114.931635	160.694388
88.328209	81.201769	113.696865	163.413765
89.415362	83.727122	115.503138	162.426352
88.833850	83.443398	111.148400	157.138581
85.970981	82.855195	114.466980	163.589883
89.668575	83.117972	111.307772	162.895305
90.211971	81.762220	114.059494	164.152884
86.188250	81.937816	114.064882	162.483067
86.945397	82.285331	113.603675	163.442481
92.690080	83.990482	116.286283	162.377395
86.655762	81.758745	114.007736	168.633304
85.421675	89.086796	117.473863	161.993142
92.172060	85.544532	113.122473	162.146920
88.983962	84.755216	113.652278	161.569453
89.226877	83.957460	111.097001	160.591001
89.830358	89.496869	114.368273	156.866200
90.220534	86.138998	116.369007	160.474602
91.225803	79.902898	113.446541	166.980412
88.573447	87.513684	116.053173	162.634033
90.998460	87.443558	113.574831	162.816892
89.896414	78.748251	114.826537	164.238298
90.300103	83.163525	115.262460	158.706010
97.843919	79.727307	115.781063	168.365333
95.246900	82.505869	115.060049	163.431465
93.687091	81.164036	111.741462	159.992826
95.007476	79.358539	114.644602	166.317662
94.102009	82.186457	114.201405	163.280720
93.069988	82.210909	112.219601	162.367921
97.524070	81.621093	111.161621	163.997948
97.874227	75.266089	115.564848	167.405810
98.646643	82.068547	109.712658	157.304043
94.313430	79.221656	112.761023	159.770833
92.222024	82.773561	121.132445	156.798904
96.080533	79.139380	118.570872	163.855484
97.045681	82.732174	115.149070	159.063485
94.470135	83.369591	106.734529	163.252067
96.424728	80.984034	113.068877	161.646758
96.688387	87.072531	115.689903	158.245256
95.976536	83.326331	113.723324	161.328292
92.474858	84.697112	118.287275	162.591175
92.941507	79.173373	110.687467	165.118499
93.839752	81.777255	118.798751	157.652899
95.820357	81.032217	114.424210	160.738081
96.999442	85.827826	112.170453	158.770566
99.240733	84.759987	112.721683	162.201406
96.732547	82.946454	113.261016	158.365122
94.361235	82.454702	111.573362	153.680735
96.170602	81.923348	112.597916	160.211865
95.374221	85.422074	112.265258	157.571453
92.311133	83.799997	115.980709	166.102680
94.395378	75.809164	108.368202	155.772347
90.342115	82.893757	113.388368	161.242501
90.166916	82.441228	110.260863	163.186200
92.426113	88.426011	114.874207	162.392607
93.788493	84.411754	112.818039	161.685487
94.707586	84.006560	114.021629	162.269199
92.937861	83.308554	111.475703	158.135083
93.580940	83.351926	112.126299	158.950093
88.440065	83.618744	114.630503	160.160636
92.307657	82.445739	114.862786	162.495692
92.380413	85.543649	116.369326	159.656287
91.447014	81.227840	114.787251	172.599774
91.861893	85.570408	110.406853	158.996800
91.048214	84.549591	113.879333	159.909733
90.571207	84.797878	111.739363	153.636425
89.406414	75.528077	113.126892	170.090228
88.170341	80.947187	117.825553	157.390801
89.709195	85.222894	114.810556	158.182348
91.416736	82.431667	115.728535	164.167349
88.836975	84.851980	107.769926	165.667992
91.393738	87.873853	115.091129	160.048166
90.855716	83.444748	116.388739	163.410475
92.578770	88.757556	113.052217	161.040759
95.375760	87.364231	110.581718	165.970824
96.464982	84.690214	115.676560	161.337647
95.623665	84.583805	114.084743	165.593586
95.318735	87.559757	109.447673	161.669268
91.448678	82.016816	114.711885	171.314646
94.296323	80.935567	113.283851	164.942273
94.277904	92.961374	114.190014	159.712729
92.015960	86.412137	111.938396	169.291992
92.166537	91.494666	116.860231	160.353247
93.003578	89.342417	112.112206	157.195401
94.004602	86.513876	112.993341	161.671416
91.212481	87.489429	112.593564	164.987975
90.481035	86.461386	116.126134	164.447419
92.499189	87.296780	120.460520	159.827705
92.792129	89.661396	113.086505	158.835992
95.566890	83.649056	109.591153	166.098789
92.426957	92.395316	117.555592	159.612355
96.955982	94.296851	112.972255	160.215920
96.502234	85.888979	111.702798	168.702910
94.335487	86.398614	115.889195	161.843362
94.247959	87.047737	114.039669	160.132382
92.601903	90.660703	115.885287	162.275291
95.363001	90.713205	110.879117	161.830833
98.075071	88.465019	113.381324	159.960552
95.813332	88.982666	114.010581	162.233293
98.382826	87.564930	110.262322	162.758514
97.331200	84.468537	114.278318	162.120687
98.391902	85.632146	116.866227	164.548990
99.199595	84.993737	113.640618	164.788916
98.988071	86.892540	113.714192	160.755523
99.339214	88.919010	116.645466	163.682190
100.305949	91.697263	113.600445	155.635541
97.319847	89.287406	114.909650	164.437215
99.310426	92.630285	112.668777	157.882210
99.239479	88.422537	113.061229	164.315684
100.029644	88.103661	114.084446	163.331453
98.375590	85.747254	115.747913	164.784417
99.761039	90.840318	114.808535	163.651138
103.190334	88.664338	112.698785	164.128488
100.321484	90.073059	114.783655	159.207966
98.022156	86.955561	113.939600	164.626386
100.435013	93.198612	114.963521	158.573962
102.317734	91.584927	114.238623	160.314269
104.707519	87.730364	112.404228	159.924312
98.135145	90.167120	117.745065	159.658129
102.988290	87.699144	112.102969	160.092951
103.308227	89.583294	115.126627	162.094938
108.210805	88.567004	110.993043	161.751884
102.776906	85.052625	111.563820	163.480868
105.373275	83.199491	112.076614	154.059620
105.228578	86.202586	108.297125	153.360278
99.180998	89.053274	115.274188	157.913136
99.249892	82.470659	117.337551	168.703639
103.933898	85.077030	112.617221	163.599270
102.575325	84.870890	112.289420	161.826330
99.726089	85.893396	117.004277	161.750170
105.649275	78.829130	109.265838	155.048335
96.447775	81.773538	114.612656	157.315181
105.222911	83.065609	110.446903	165.768497
99.969513	86.172280	111.952503	160.828020
98.142685	83.179836	115.554831	158.767918
103.308482	82.635721	113.755634	162.971535
101.210194	83.468936	113.301199	163.142150
98.042448	88.240962	115.943583	160.850600
99.895221	81.583993	112.485515	161.689212
99.283927	84.468300	112.148300	161.853239
100.783282	84.770126	112.711032	163.336130
101.257288	84.417042	115.129318	160.528199
100.948734	80.665447	112.494860	163.729151
93.103468	85.132758	119.127608	152.934523
92.163649	87.749761	120.275751	156.641262
98.487290	85.633280	114.311832	161.780502
102.408677	82.539500	107.572315	166.415657
99.789630	84.837862	114.773628	160.676710
98.623181	81.136026	109.238608	160.810590
98.403229	87.059256	112.748411	153.435708
97.071755	85.188572	113.752175	167.109169
97.972688	81.931305	117.822342	166.027927
94.844467	83.061831	118.908417	162.764481
101.972665	85.332102	111.477342	155.128675
97.600448	85.614754	114.998505	159.806213
97.071276	86.338751	115.629103	153.492341
91.460224	82.167495	120.666253	168.238155
99.729342	83.316613	111.807706	159.776064
96.664931	85.170054	115.387901	159.447263
97.434963	87.059364	113.725023	158.574478
94.914622	83.790362	118.334884	164.365419
96.521549	87.220580	112.633879	155.652768
100.206592	87.450221	112.255954	155.915356
101.872390	84.693358	111.456651	160.093184
100.672107	80.438766	114.107894	166.556114
99.203855	86.563821	113.844720	158.367041
104.075957	86.632532	108.702497	159.074548
100.311966	86.546872	113.591235	165.224128
100.616803	76.934216	110.838459	174.713043
99.336457	88.972899	113.104294	157.155741
100.544457	83.412778	111.634023	168.691357
98.892394	83.315340	112.208244	165.036291
97.215451	84.894312	114.613638	154.706494
97.563517	84.058832	115.502237	163.462765
101.235023	79.690872	117.405648	165.041471
100.587251	81.506049	114.579095	168.508203
95.986188	82.779953	115.619876	159.148227
97.452422	84.692529	114.787463	159.511520
96.795282	86.115688	115.554170	163.196892
95.684390	85.603791	112.238407	162.415921
99.208859	79.129645	114.226500	167.913927
95.098888	84.882003	115.056390	159.869190
91.558391	86.618260	113.898737	161.136932
89.127525	86.668984	111.704568	163.750574
87.736403	85.080833	115.638779	162.385085
86.287609	90.600144	112.902021	161.510611
88.825336	88.698283	113.084690	162.597780
84.814222	85.321607	107.883250	161.274996
79.418932	86.217059	116.061502	166.676521
77.892385	87.095232	114.828211	163.507394
81.080127	81.110279	112.050176	163.118407
79.806634	76.577039	109.658409	168.232340
70.873832	89.732588	116.989094	160.355027
73.242545	87.874139	116.050212	161.689366
70.871359	83.359418	111.701723	166.861657
68.980928	82.388184	117.550807	163.148995
71.556506	82.437426	112.910808	160.845774
72.907377	85.293952	112.549007	163.448602
69.025108	83.357842	117.784283	162.125594
70.626639	80.466212	114.086833	161.864061
67.266463	78.322198	116.594093	163.257895
66.626447	78.883567	114.112077	168.913106
66.673284	82.269042	113.718509	161.537244
67.781250	84.107823	114.508890	162.195185
68.394980	76.851970	111.766353	166.079648
68.115202	81.118858	114.265089	162.358801
67.191530	84.802014	112.972830	158.744828
69.252251	85.339708	111.664438	157.279961
78.958779	78.337019	103.259347	170.305518
68.885234	83.412416	111.421190	160.666673
65.515536	78.679361	116.616458	165.996019
69.751205	82.653727	111.845946	159.735511
69.692755	82.894982	112.646882	161.830022
67.547572	85.925300	113.354112	158.655135
65.380184	84.592897	115.743489	157.481615
64.006521	76.521282	114.052209	161.838183
67.241864	80.592481	116.956943	156.055690
64.805656	83.328547	111.690113	156.204567
69.157852	83.714049	112.095174	156.906213
66.734749	79.152780	115.950729	167.117451
65.161012	84.095323	116.748521	154.798868
66.532177	79.693298	111.849333	156.305046
73.946020	82.143337	108.263835	164.188474
77.126455	77.884408	103.722525	156.895967
63.560919	83.235899	118.169153	156.702111
68.198380	80.874140	110.767233	159.736155
63.539824	81.980785	120.832725	155.558826
71.422076	82.824442	108.982887	151.546252
71.406146	80.224905	112.308856	159.215362
73.665030	79.892275	109.478698	164.391220
70.288622	77.080491	111.966416	157.133921
69.491546	73.114650	114.996154	165.173852
75.671238	75.137805	107.202549	162.676179
71.946639	80.182036	111.450962	160.661966
74.103681	80.285166	112.331396	161.136702
75.778280	76.375521	111.087457	163.921455
78.786459	73.487251	110.093399	162.102716
74.198099	77.807314	117.720614	160.177979
77.627364	74.148120	113.537840	160.223247
84.281721	84.436510	103.393268	157.681140
82.870622	74.835621	111.381228	167.727620
83.815828	76.162788	113.483575	163.288180
81.234000	74.985510	119.683427	163.598018
86.008788	75.456106	112.430257	159.327582
85.553067	76.011742	115.343571	160.971599
93.728010	77.125778	109.864799	160.208629
90.216027	75.169355	114.409007	165.799647
88.745340	78.545315	113.248637	153.932639
91.153856	76.922092	112.141681	157.893979
86.328699	71.685578	114.851834	160.235520
85.660169	74.843389	118.015659	156.861737
91.257818	77.298028	113.187256	162.644972
90.991873	77.332578	115.619454	164.792245
95.055244	75.153210	109.188274	154.159725
91.117188	71.567171	115.358357	155.671995
91.909985	71.831530	114.246266	155.719547
96.298909	67.691184	107.330118	169.465754
91.464552	72.529970	114.332645	159.470104
91.667752	67.322882	112.479451	159.745550
92.762265	67.964822	113.681701	166.792581
95.610724	65.429802	108.310410	165.645315
91.753779	64.683105	115.671043	163.764179
94.778267	62.759739	110.078475	162.619171
90.664293	62.104490	114.021460	163.029444
94.375342	67.514017	113.255369	163.911279
92.352861	61.963682	116.980834	165.187819
94.604140	60.360669	112.267854	163.968162
91.432176	60.448235	112.978040	160.395858
97.212827	65.138113	108.498084	156.733140
95.401039	65.542385	114.304767	162.251472
91.522909	59.688842	114.636385	162.189439
88.826104	59.764868	115.876552	162.765258
97.412221	60.028375	110.495279	163.283770
92.168595	61.549210	116.681757	162.870308
93.143566	64.408469	111.226956	166.114891
94.234361	62.725630	111.789597	161.314185
90.890890	59.308199	112.948807	161.973812
96.747863	66.010080	111.608908	162.142543
94.023642	63.553519	113.496921	161.859705
91.496386	57.735965	112.668716	164.510373
90.311979	60.075631	114.632001	163.673037
96.687322	67.780164	109.468536	160.339556
90.961694	63.133165	116.359667	157.010687
92.758438	63.827361	111.266935	158.819762
91.627336	64.219681	113.373201	159.654405
93.681826	63.724953	113.578924	160.039260
85.337690	65.015043	116.137008	164.522297
85.166668	66.564394	118.155692	162.626418
86.954349	70.104999	117.170056	159.859377
88.929450	68.533802	116.520442	164.818917
89.523692	68.902783	113.356955	161.889081
92.024274	65.708325	111.908398	163.916736
90.903848	65.152340	113.231870	165.230298
91.949821	64.319024	112.485930	159.964801
92.147372	66.984670	110.888794	161.066524
90.296716	63.815260	115.304183	162.634321
90.797991	66.954748	115.752847	162.821916
93.813862	66.279520	114.411275	159.886250
94.754678	64.030680	112.266135	163.383852
91.455518	65.742710	116.944847	161.437168
93.568073	67.858625	115.376517	161.619778
94.866580	63.402006	114.680684	163.418058
93.402767	66.198817	114.621345	163.085011
93.169509	67.600915	114.931672	164.434165
95.587303	68.384202	112.294253	158.453270
97.009357	69.838376	113.126794	163.971631
96.530846	67.165263	113.636586	160.290346
99.262639	68.027008	113.205149	167.439014
103.544668	66.505448	115.961398	162.621796
101.769193	70.573363	116.872288	162.467557
102.382884	67.005335	113.213183	164.618484
104.963184	65.794559	112.466047	162.025517
104.251760	67.924148	113.904961	162.618086
104.339811	73.492112	113.510322	159.294482
105.349988	73.441864	115.189022	157.349540
104.933358	66.823964	114.225580	163.131872
104.227870	69.714392	112.491086	164.398186
105.909074	73.645206	113.655038	164.232783
109.319864	70.190421	114.975083	162.930203
108.251036	70.283334	113.156645	161.165316
113.495201	67.935798	110.230794	167.303169
117.587765	72.974121	112.376401	159.807374
116.715456	70.407997	111.482020	156.934797
115.112350	70.065000	114.646220	160.124227
120.776167	65.143083	114.780239	160.762796
122.628762	69.903555	111.867519	158.590508
126.357877	73.527131	111.547090	161.915642
124.302983	69.162919	116.323362	166.798523
127.409453	67.207060	113.146339	162.742795
125.448686	73.839084	111.378503	156.544517
129.419550	67.101425	108.889908	160.023891
127.530059	67.799054	115.056997	166.020213
127.354648	68.869830	114.839761	166.108172
129.761801	72.490642	114.657560	163.151681
131.188531	75.895998	114.186848	156.188305
133.055150	72.150929	116.172937	155.226975
131.377983	74.216608	119.853270	163.149782
134.052569	73.205609	113.978642	162.541001
137.588417	70.579445	111.536928	164.422610
137.402784	68.011090	115.326643	162.942675
134.703350	72.030683	116.360120	161.091861
134.289464	69.740926	115.107605	167.256069
140.691729	69.400007	117.529003	162.725835
139.879350	70.918379	114.655136	161.150404
136.535704	69.355712	113.877051	162.659615
135.548218	72.802192	115.070222	162.996603
137.470190	73.775787	115.096886	155.929056
138.574465	67.609757	114.405747	157.572318
140.965439	73.456219	116.797028	162.682025
138.282014	70.649776	112.981822	164.241764
135.961987	73.469147	117.747362	162.311266
140.963027	72.707246	112.832358	164.553877
135.365804	73.263756	116.757160	163.135802
140.399321	74.556318	111.610828	155.656340
134.929929	71.206356	115.010198	167.695222
136.701644	77.671790	113.715530	160.232886
136.943753	72.407027	114.504661	159.449641
138.200151	70.681939	116.018605	163.294286
136.274032	73.116173	114.312156	158.629736
136.923633	77.098294	114.181105	158.270951
135.258663	71.536174	110.250541	167.883269
133.649705	72.892915	117.865420	161.046259
136.533182	73.013895	111.979878	159.986880
132.163015	70.189781	111.487805	164.521590
130.881636	71.412967	112.513351	160.138046
128.900190	67.248536	112.084265	164.971921
125.578284	68.408962	113.037504	165.978852
125.858682	69.925501	113.748131	160.281752
122.233622	70.829924	113.208150	159.608023
124.278258	77.009215	113.517753	154.157837
125.763951	67.761894	112.428740	161.026282
123.315056	71.529279	113.783645	160.609489
121.533091	71.261433	115.970119	163.817068
120.858850	64.631228	113.941927	167.690708
116.944326	71.045548	112.431388	157.841233
123.006561	73.450724	109.638223	163.049285
117.173528	69.805562	115.981068	163.738069
109.713501	71.801413	119.748137	157.802076
110.100753	68.823944	119.065652	162.085907
109.484449	66.502025	117.046132	160.426246
112.751396	63.566714	111.321657	164.340601
108.322975	65.944422	112.582940	166.588983
105.704379	67.145378	112.785741	161.869463
107.225310	54.611395	111.847585	166.561966
104.280428	56.060628	113.285452	162.134190
102.464245	60.846996	113.659482	158.887078
98.549292	58.713934	115.023940	159.847823
101.264574	66.540669	115.478601	158.572160
102.481459	67.225112	114.509740	160.086190
101.264622	70.737309	114.990858	160.355537
99.398904	70.829632	117.399072	159.793188
104.620878	72.136527	113.586300	161.832753
100.506149	75.432245	117.216867	161.984021
101.472425	72.918734	113.011989	164.713815
103.043299	76.696317	114.962533	156.745812
102.466742	76.062658	114.786740	162.343925
102.601972	79.434040	113.494187	159.438914
