118.000000	57.000000	82.000000	98.000000
117.546139	58.690106	83.222249	98.624761
118.519582	55.010204	81.535714	98.890722
119.277180	56.193269	81.708319	96.747877
120.444746	52.841377	81.800633	98.430373
119.321433	57.552914	80.638884	97.145949
119.189543	54.257997	80.142864	102.852204
117.399136	53.850366	82.254840	99.870960
118.671101	54.770651	80.696206	97.370635
120.221525	55.370199	80.993097	98.160758
120.476955	55.807116	79.285958	95.144844
118.647955	55.221854	83.398531	98.050823
117.318617	55.942554	81.517462	96.000892
117.859659	56.912292	81.184696	96.151815
120.051400	48.905150	82.886930	100.613646
121.237490	55.488801	80.567134	94.563863
118.662536	57.413512	82.093449	96.059381
119.083045	51.313280	80.565152	97.375204
117.258003	52.402104	80.949158	96.973844
118.682711	50.978055	79.565876	98.233234
117.278571	51.908108	81.755591	96.994234
111.966923	50.912439	83.596439	98.268470
115.617695	54.844341	82.881511	97.558055
113.858996	51.037376	80.925521	97.921899
114.274872	51.394077	81.723863	97.238552
112.853466	50.673368	81.959233	97.991944
113.494069	52.769825	80.898601	99.433520
112.934345	54.238929	80.716340	97.004030
111.278791	55.065666	81.944836	96.695559
112.292973	54.586775	82.897333	97.303126
112.622571	54.200823	81.004694	100.344570
105.907699	55.410646	84.335052	98.793626
105.649358	55.977430	84.599022	98.118533
106.184603	52.414046	83.530559	100.868154
107.765789	55.682007	84.179524	99.303508
106.478549	53.708735	81.891969	96.679733
105.630244	52.438509	79.504647	99.141755
102.568403	52.716269	81.368556	99.458910
104.014581	53.655825	82.395107	101.211406
104.711731	55.267046	80.641227	96.555636
104.874424	56.047061	79.446464	99.288764
103.416150	55.311459	83.111284	99.245513
99.551470	56.531067	83.638822	97.401535
101.674621	56.532105	81.197367	97.447221
101.850117	53.702489	81.262098	98.342672
100.539988	52.875508	81.372430	101.171958
98.202169	58.050241	81.117330	96.903220
97.788360	54.768086	82.038254	96.875540
97.290367	52.894213	82.312371	99.356197
99.846567	54.514590	80.614425	96.803183
95.172159	55.662392	83.877074	98.077748
100.404465	55.627066	81.742275	96.978819
103.217085	53.623110	81.051838	97.817563
102.080122	50.952353	81.501966	99.105718
101.454483	51.934319	83.767081	97.787169
102.250328	54.331362	82.568159	95.690718
103.207040	53.773157	81.281829	98.252352
102.125800	53.998300	80.804359	97.249286
100.836775	51.258137	84.072128	97.379386
104.290319	51.859107	80.966111	97.372583
104.817377	51.316617	81.759811	98.187426
107.990841	50.713883	81.904825	97.761565
109.753762	50.396605	82.413309	97.657245
110.780284	51.632154	81.900275	98.200374
114.229390	50.363234	84.545957	96.576628
118.092492	48.538637	82.634536	96.890447
120.711963	49.478909	81.946811	97.968901
120.590580	48.958543	81.069570	98.168662
123.303621	47.743011	81.100068	95.942500
122.889141	46.562037	81.273253	98.910938
125.039778	48.034722	82.289218	99.631763
127.346586	47.273152	81.284269	99.213952
124.645012	50.316179	82.867792	99.479432
121.151946	46.304532	83.932270	101.707782
124.225332	50.615647	81.323405	98.962067
128.012204	53.173106	82.629128	97.305163
125.774035	51.408807	83.470937	94.847380
124.086429	50.676763	83.335788	98.886502
126.477342	51.464354	81.723171	98.770524
124.789602	51.623751	83.245974	98.440702
126.479275	49.841759	80.292624	99.041430
124.757927	52.769484	79.346986	98.941986
125.023155	54.222003	78.362861	92.563078
123.754892	52.455087	80.411376	97.685583
123.312266	55.694501	81.644261	94.328823
123.602022	54.724322	80.773381	94.338888
122.962146	54.115004	80.805153	91.706524
121.193032	50.807345	82.901945	96.782483
123.266416	51.782305	81.673700	96.579892
121.985809	50.314548	83.226363	99.365434
120.821385	49.980692	82.168378	96.984087
117.940706	52.573704	80.759796	99.399866
119.415652	53.271596	83.072320	97.607176
117.469625	52.449671	80.765579	97.885235
116.568484	50.849324	83.118375	98.797605
117.483649	53.113863	82.002105	97.552034
120.342869	53.163856	80.277711	98.947574
117.947620	52.903253	81.886143	97.510455
116.689059	55.044043	82.368302	96.594793
117.375056	54.955828	82.303307	99.698008
121.447673	49.372048	81.971616	99.605461
119.588527	49.887427	81.870975	100.063275
116.859216	52.520125	81.483062	97.608016
117.234057	54.230307	82.790704	95.948758
120.414941	50.408952	82.713515	97.849719
121.832077	51.560496	81.196069	96.660997
120.212204	50.545315	83.527165	98.717584
123.274777	53.719356	80.351358	97.814554
124.273319	54.180469	79.321466	96.277185
123.007652	52.804865	82.358868	97.322750
123.647812	55.565952	79.895803	94.873987
126.463372	54.953792	81.161497	99.640932
118.901757	54.943425	82.470052	96.034489
122.616141	50.175173	81.007049	99.277942
121.461877	49.746646	85.705540	99.817124
120.258186	51.559704	82.823019	99.087697
119.991156	52.019028	84.702751	98.243680
120.646426	52.770221	80.598675	96.864269
121.294627	52.223938	83.683840	96.328142
116.972252	50.923010	80.720808	97.446347
116.347044	53.260315	82.307015	94.639851
118.394693	51.155523	82.911649	98.494750
118.662787	54.633458	81.914896	92.055839
120.530538	54.066637	84.466014	98.556322
119.829202	55.876433	82.050143	96.673550
120.509197	53.046065	85.061619	97.459501
120.464605	49.586905	83.020456	96.244541
121.889510	52.175600	82.199194	97.207776
121.351108	47.641844	79.693112	101.164062
120.150210	49.062932	84.467018	99.814150
118.353306	52.999246	83.786108	97.273141
123.316119	48.095426	84.842403	98.359707
122.774799	51.285848	82.222738	97.428604
122.303263	48.758772	82.475422	101.553195
123.734799	50.840865	81.669038	100.418315
126.112960	52.217989	79.813895	99.336823
126.233092	51.303242	79.168889	95.968937
125.534712	52.290745	81.136688	86.078341
120.153147	51.930603	82.585466	83.175829
125.498144	50.287843	79.462291	100.621647
124.594935	49.461858	81.171445	100.171325
123.558716	52.918401	81.229679	94.526565
128.281919	52.274035	73.143123	97.385781
124.866358	52.663193	81.396266	97.906314
124.904667	57.852274	83.889019	85.329347
126.946480	53.808214	76.295413	91.964018
123.368600	52.649795	82.188923	93.583560
129.494986	50.832399	76.477370	99.770087
130.968741	51.368791	75.126900	87.706740
123.936263	54.969983	80.551454	96.067448
128.686127	52.066678	74.152767	101.619642
126.886630	52.536515	78.084970	91.488699
121.830254	50.773864	84.835779	101.855104
124.017901	51.568794	78.864140	98.528265
125.040236	53.830422	81.958128	94.144035
125.400311	53.177844	79.588149	93.651803
127.433532	55.077413	74.697903	100.651799
122.452238	54.544834	79.775237	95.973509
127.494946	55.394861	78.807479	87.563776
124.887491	54.051333	79.963542	96.643665
121.520352	51.801346	85.867278	95.149785
124.555069	53.698554	81.546011	95.763786
125.192866	57.369569	76.617670	91.528407
122.454722	51.719857	82.091697	99.560150
124.027693	53.539530	79.384521	97.915024
122.998066	55.184243	82.723829	91.493982
125.473718	54.083895	80.010943	92.877316
128.576873	53.757809	74.681987	98.724972
126.866880	50.298245	74.368572	102.774729
121.776284	48.807911	83.478456	100.831880
122.353845	51.884702	82.455029	96.143188
125.551952	53.029086	77.322011	99.704598
125.295850	52.936933	80.466064	97.711360
124.407531	57.484776	79.391945	91.486737
120.784118	55.591689	86.115970	97.209960
122.835826	53.708035	81.752417	94.945389
124.273970	50.985099	82.070809	97.815904
124.085930	52.841757	82.081764	95.110384
127.906075	51.457003	76.841121	97.397634
124.708330	52.401737	81.147795	94.436505
121.814994	53.598301	83.565518	92.768729
119.000655	50.892039	81.214976	96.610409
121.777913	51.649963	82.288799	95.832828
122.921853	54.170876	82.558639	97.753333
123.303276	51.464942	80.264885	102.107695
122.735187	54.057373	77.390851	98.142710
121.656385	51.039650	81.845289	98.340401
123.367405	55.834246	80.786853	93.448619
122.079161	55.451678	82.422656	97.516108
118.918502	54.344094	84.164189	99.953217
118.685017	55.093324	81.837501	96.842096
120.440561	53.116024	81.710082	97.322429
121.112678	58.062745	80.719452	97.050476
121.890031	56.345628	82.101919	97.363511
119.890666	53.822425	83.447867	101.544763
115.911592	52.721555	83.625702	98.006524
119.596377	56.679053	80.079676	96.276274
118.342240	52.494094	83.888989	97.766610
120.560634	52.583941	82.472918	98.407332
120.118392	55.614754	78.984538	100.627407
118.641077	50.960564	82.052780	102.513965
120.144468	52.207474	81.444594	98.818207
121.303671	53.302802	80.388088	98.762220
122.084630	54.359491	82.002504	98.305820
122.167265	52.315704	80.587790	98.645863
118.791104	53.306176	80.567986	97.367894
120.905352	52.156146	80.979463	99.228001
117.988226	53.482659	83.346736	96.351277
118.997342	52.380386	81.972515	98.441044
117.713447	53.296279	83.342452	98.703208
117.579225	50.844155	83.397065	97.653813
118.174965	51.344262	81.785707	99.319284
120.440772	51.353211	81.602034	96.455635
121.387342	51.451135	80.971597	100.426427
120.609001	51.916167	84.335953	99.320990
122.334926	54.478416	82.725006	98.432904
124.263087	51.971571	83.692602	97.856365
130.227400	53.568095	81.833227	98.044718
125.491190	53.578924	82.504607	98.296808
126.940499	53.232626	81.245220	100.324158
125.371716	51.682779	81.115891	98.134993
124.898662	52.938548	84.549129	99.394019
125.874652	51.399036	81.614597	98.756764
127.920321	52.250517	82.822492	100.085076
128.163243	52.792911	81.300722	96.669236
128.946673	52.804449	84.232972	98.354796
126.817375	49.940698	80.439520	99.417514
125.696699	52.291557	82.706435	97.316276
127.121570	54.333892	81.184640	95.826280
125.330988	52.346122	82.557372	97.524293
127.138414	52.113864	79.971597	98.235904
125.205892	49.620950	82.586996	98.275618
128.736152	50.876032	81.616394	99.351123
126.672106	50.309110	82.237303	97.942731
126.399678	49.984642	81.253480	98.877747
126.733922	51.301381	83.013331	97.864830
124.848576	48.320945	80.510905	97.981884
121.778605	47.614423	82.611765	97.027549
125.336160	49.509525	81.167468	98.303133
122.987114	49.784877	83.012330	98.019474
122.419810	48.592120	83.797602	95.858808
121.682821	47.833825	82.163787	97.216657
123.719843	49.058712	82.071356	98.549885
122.892838	46.643286	81.369697	98.449580
121.526059	45.054010	81.845150	100.441612
123.554863	47.228592	81.575381	95.268232
122.755802	44.203844	82.442783	99.291086
121.767448	45.318285	81.198298	98.382249
117.978751	45.971697	82.498076	99.382839
120.131430	48.311217	80.295089	96.008209
122.368733	48.354647	82.834078	97.029655
122.305677	49.563434	81.553643	97.071514
122.890255	45.192746	83.180167	101.165659
122.921025	46.601669	81.632004	99.653388
125.180676	47.278214	79.781370	94.410527
122.700427	46.514848	80.271534	96.593969
124.020689	45.052215	79.559452	98.977975
123.127430	44.749687	81.713858	99.698171
117.255709	46.761837	83.051331	92.734924
121.316536	47.491218	79.849176	95.922688
118.258707	46.920999	83.136070	97.525615
121.537851	45.963860	80.876083	99.537552
121.695797	46.392302	77.895153	95.451415
116.601553	46.032276	82.527319	105.357687
120.935050	48.746164	79.313862	94.675048
120.394791	46.805514	80.564625	96.156357
118.365589	47.133252	81.561226	97.411862
117.536063	46.371685	86.144146	96.396409
119.279530	45.179386	80.721868	99.760575
118.924032	46.229260	80.729049	97.492531
118.942452	47.446682	81.899494	93.385546
120.780626	44.153704	82.128254	99.548921
119.802035	45.704723	82.080705	98.951406
120.106438	46.252020	80.845285	94.646069
122.706409	45.017086	80.096964	99.045541
117.631554	45.564586	83.372557	100.224558
121.814939	48.165817	80.158875	98.656057
119.897273	49.422957	84.555989	97.995705
119.331448	47.719042	82.340918	97.646506
118.814197	46.019318	80.124190	100.401234
114.223181	49.654362	85.123044	97.313419
117.583348	50.320647	80.139829	98.573672
119.651484	51.080406	80.312294	94.783933
118.407755	48.744170	81.488064	98.666408
116.098073	51.327428	83.045260	97.093554
116.719773	52.384441	80.777702	96.656414
117.616847	51.389249	79.469749	96.111507
120.630419	48.316831	81.262983	99.255213
120.095812	50.642344	82.765946	98.093359
120.210095	50.653841	80.843166	98.988227
119.646863	49.520610	80.435191	97.229633
120.076405	50.454937	82.266502	96.561267
119.403098	51.396417	84.167149	97.573209
120.590817	51.509277	82.711961	97.768492
124.042054	55.092532	80.280091	97.227401
118.543012	52.408361	82.833465	97.782895
119.061229	50.116142	82.772094	97.546628
118.140009	50.773707	81.769113	97.960701
117.751624	50.346035	80.891892	98.705916
116.104092	54.715625	81.824883	97.245481
114.580371	53.268094	84.573724	98.130036
111.123993	52.309493	82.897630	98.074923
112.136064	53.079632	83.122181	99.070700
110.901712	55.150183	82.012297	95.224109
111.903688	50.064612	78.882081	99.980563
112.747795	51.566383	83.328908	96.949949
110.536968	53.451355	83.517093	95.852874
113.114854	52.875388	79.840799	98.199110
111.824864	52.015058	82.057442	98.347418
114.061097	52.089502	81.633103	97.527472
110.557353	52.341620	83.557929	96.213061
110.377186	50.781309	80.729850	97.869609
109.971480	53.448050	81.496219	95.907907
109.699805	51.892531	81.200139	97.289660
104.744386	54.275377	82.397739	97.040543
106.808755	56.619642	83.175630	97.081662
103.730562	53.113424	82.357234	97.779078
100.559698	54.473609	81.633118	98.329891
102.217010	55.139951	81.869467	96.931768
103.931843	54.335149	80.710178	95.008817
98.994295	54.117504	81.917450	95.341735
100.838643	53.985629	83.539613	98.613902
101.011273	53.207500	84.315811	96.269311
100.536990	54.793920	80.239749	95.271452
103.986471	55.781460	78.791772	95.362662
99.604500	55.057967	86.358609	98.616558
101.537915	55.892732	82.600276	94.040448
97.028270	52.087927	83.050383	100.009029
96.845595	56.161493	80.924240	96.776005
96.019685	56.385184	79.762545	97.561136
93.378606	56.288160	81.487345	95.442489
91.282705	55.211424	83.843763	96.769457
95.929758	55.561617	83.594769	96.905033
101.765340	54.507019	77.211582	98.240142
95.603592	54.150873	83.268850	98.826374
95.637156	54.407557	80.909121	98.341466
98.243082	52.851539	78.503432	101.956451
92.518083	53.965928	82.598122	97.121735
91.003856	51.808168	82.332236	100.651275
95.341122	52.737763	80.498424	95.839445
95.160131	55.719190	77.062654	93.965056
85.779205	52.955137	84.688746	98.296852
90.041795	58.265160	73.826201	92.284931
91.908638	52.632069	76.417704	100.405232
89.223910	52.987505	81.083432	97.974724
87.042480	57.712505	85.179948	93.596596
90.999329	58.087711	76.728197	92.452543
89.397236	52.949519	81.646482	97.080376
88.342562	54.903196	82.658961	96.663537
89.173162	54.443786	82.151579	96.629666
90.400760	52.541140	80.828990	96.692959
88.445194	54.341720	81.745401	97.202957
89.515319	56.185444	80.203079	97.065395
93.509833	54.827895	84.481273	98.135193
93.312657	55.100737	82.671334	96.633965
91.679175	55.010655	81.563390	96.121719
93.980550	54.715439	81.269703	96.586221
94.636539	55.607015	82.588797	96.312185
93.025200	54.689172	82.730496	96.583919
91.847382	49.872076	82.368642	100.954309
93.355877	53.776924	79.404963	97.745456
95.946442	52.620131	81.430952	98.660008
93.515874	50.691618	78.466152	98.641253
99.791004	53.305360	81.747222	94.963871
102.683276	46.995095	81.421080	99.991345
106.621445	47.140666	80.629909	99.685999
107.172733	48.693770	82.337137	97.611631
114.552139	49.266392	80.737369	97.214509
118.014314	49.858553	80.397040	97.618079
119.755083	46.749088	80.682635	98.301013
122.822418	47.203118	80.099473	97.116581
124.641490	46.680812	81.665124	96.929089
127.051247	45.891048	82.794432	94.891075
124.983831	44.906024	81.869732	99.091174
123.778862	50.096564	81.728214	96.147770
131.183892	46.607907	81.357867	99.640823
133.806177	50.809837	80.122026	93.068503
139.766062	46.852704	79.861634	100.096040
145.583055	46.303453	81.275675	97.774240
147.305426	50.018835	79.511296	94.970198
152.663869	46.261494	75.470097	98.501112
153.396290	43.757987	81.959865	98.163336
149.639616	47.180799	81.151559	95.598457
151.810874	46.633829	80.843309	96.549955
157.775312	45.933945	77.017654	96.246617
151.101924	46.507599	78.853615	97.493600
143.835807	47.597743	83.042154	95.503360
140.006842	49.493054	77.887641	93.699268
130.202963	48.663803	80.418016	97.305325
124.915992	49.825490	80.130458	94.064327
117.596724	49.915757	78.516053	98.414860
110.421308	47.732819	82.103146	98.802778
105.251446	49.291076	82.227752	96.447294
103.047010	49.534059	82.069734	97.175419
102.448311	50.453720	80.026647	97.401185
98.573079	50.349631	82.572389	97.171859
93.560155	52.401145	82.467201	98.535688
92.825405	52.023468	81.287292	98.386529
88.295061	51.355970	81.206802	98.968289
89.936034	49.465077	82.537906	99.698345
88.709840	52.163030	79.634459	97.627944
89.843694	52.322671	80.531157	98.211643
86.418842	54.537935	83.058919	95.972115
87.140698	57.327285	82.185193	96.941028
86.383626	55.404368	81.178246	97.115997
83.858245	51.840844	80.948608	98.583069
81.952149	50.395524	83.252016	101.403409
80.997587	53.370876	80.732854	98.562189
79.696170	54.155723	80.183652	100.763098
79.317864	58.378853	81.426438	95.437753
79.531295	56.181095	81.279532	98.113204
77.188799	57.033854	81.790772	97.449327
78.073949	59.100494	81.900898	97.834093
79.939823	58.081691	84.619805	97.884426
80.847074	53.983999	82.659091	99.501825
76.072321	56.697210	83.985613	97.610123
78.844038	56.699022	81.139147	95.831893
78.250808	57.882998	80.061449	95.608766
78.416796	59.129045	84.470290	97.362961
78.319507	57.908242	84.755948	101.227584
78.461327	57.796714	82.257331	98.127712
78.287149	56.102872	83.550798	98.526617
80.387807	58.581953	81.700180	97.696176
79.536609	59.006722	82.760025	95.704296
80.018920	57.984839	81.135454	96.955191
80.962858	52.827723	80.615684	100.321964
83.845045	53.854400	79.424691	98.124561
83.443527	58.437016	82.713505	95.363467
83.595545	57.245438	80.707145	94.550808
85.000663	56.030601	80.879758	97.998791
83.931159	58.487852	82.198076	94.545992
81.876114	57.125150	82.991550	98.040781
86.010313	54.239585	81.853555	97.708123
84.228399	59.386769	83.801221	95.017345
84.820167	60.453899	83.058046	97.301939
88.981722	57.370239	79.503537	95.486062
87.149027	55.940995	81.685731	97.870223
88.022178	57.041676	83.606877	97.957097
88.561888	55.690720	81.906777	97.987185
87.130371	55.303230	80.504266	100.285521
83.521465	56.294947	81.887246	98.861289
81.585361	57.338925	83.634931	97.830811
80.729698	58.954281	82.002292	95.383709
80.468947	57.743787	86.664146	95.730530
82.754308	57.388431	80.779490	99.860988
83.317161	60.001855	81.501509	95.529155
83.692550	58.280748	83.465030	95.828998
83.603556	57.252799	80.119043	97.513226
83.545623	56.480417	84.113329	97.406365
83.615400	56.807121	81.441090	97.492841
81.773549	59.196467	81.063156	97.714218
79.988243	58.019964	81.694975	97.420831
83.109234	57.470197	81.937971	99.842071
80.137067	57.481188	81.954571	98.474781
80.046879	59.296305	83.483023	96.219228
82.623157	59.997362	81.803305	94.290656
80.846768	56.638592	82.974329	98.859567
81.513999	58.894628	82.056701	97.661158
82.027972	58.779544	81.778153	97.685072
82.007375	60.462580	81.887429	93.417447
78.936635	58.595162	83.067130	100.787466
77.269790	57.997892	84.398996	99.413307
74.883190	59.087715	82.516207	95.505660
78.978389	59.298658	83.989689	96.225417
80.555714	57.838862	78.890680	96.324650
81.026717	63.796381	80.029595	97.279130
79.466373	59.520678	80.827272	98.475206
80.121084	55.147090	81.993173	101.407195
78.383582	54.751931	83.179846	98.446205
81.453132	55.493562	80.005761	100.417231
80.397833	62.295042	83.043241	97.367035
81.150446	59.284753	81.553431	99.966493
82.292808	60.158856	80.667835	97.556174
79.745796	56.706782	83.297467	99.111056
82.304755	58.822297	80.826444	98.335434
79.984663	61.111649	82.676897	93.136736
80.917550	59.919451	81.711606	97.202610
82.873679	59.291411	82.050263	97.768338
82.565036	58.677460	82.005507	96.710501
81.140747	61.037612	80.259552	96.161422
80.998614	59.707223	81.749485	98.043299
80.105590	61.039431	84.563756	97.349709
79.697557	64.626013	83.580108	95.270977
79.062930	60.978047	84.580339	96.456667
82.210386	63.094685	79.758334	94.930567
82.840995	60.331710	82.593442	99.389810
81.309768	59.927895	81.351102	98.198419
83.791953	60.661098	80.337649	97.133967
81.797560	59.631655	84.790205	92.873678
78.493824	57.823820	83.983433	96.354575
80.486058	59.812510	83.533800	96.330477
80.821781	60.386605	84.998406	97.001113
82.226791	58.357749	81.891403	99.070983
81.345227	58.818545	80.301665	99.310007
82.058186	62.273348	82.523775	95.379882
83.589359	59.200907	81.760285	99.267515
82.242930	63.903702	85.180432	95.548603
81.519134	58.368995	82.596622	99.408740
81.643127	61.100834	80.968062	93.311814
79.499796	62.713615	81.168166	95.760102
80.412674	59.865346	83.261135	98.874332
83.098062	65.200398	81.315735	96.537864
80.455413	64.127329	84.943453	94.524333
82.442548	61.676714	82.019312	96.017830
82.606787	62.477954	83.118068	95.879171
86.150644	61.997201	82.997505	95.570034
85.947725	60.247729	84.067364	98.140313
86.696493	58.721921	80.634525	98.718772
90.866029	59.833267	81.236777	96.946567
89.572738	62.640740	83.307437	95.691161
87.409496	59.089423	83.672895	96.215391
89.187399	64.466610	80.899787	96.275181
85.367156	59.847008	84.904956	96.873072
89.506637	58.331005	79.962547	96.066997
92.243659	60.108504	80.175112	95.332762
93.209318	61.186586	82.395333	96.778111
91.971360	61.604171	82.044479	95.856628
95.564544	59.004158	81.730152	97.117419
94.871474	57.445850	82.737162	100.628784
98.246549	61.396045	79.402099	97.339889
92.656526	60.525214	82.763695	97.341095
96.893015	58.116060	81.644834	97.986317
96.285892	58.618995	82.387754	99.963409
99.386098	60.027079	80.616923	100.707454
100.268212	59.780769	81.497201	96.007481
98.719261	59.370019	82.256827	98.142945
101.592427	60.257603	80.199554	96.206929
103.333339	58.328888	83.058578	98.220116
103.795666	60.349077	84.458544	95.938608
105.406978	60.842474	83.646848	97.312193
104.753590	58.176937	81.216939	99.711864
108.090179	60.905703	80.709977	98.434133
111.990492	61.961994	81.200843	98.434892
113.755029	63.595328	81.318716	97.393788
114.093843	59.545796	81.659520	97.700665
114.373965	62.038008	83.465241	97.995823
110.489244	61.617259	81.851243	97.079725
109.264738	60.994612	82.009317	99.423782
109.280353	59.564487	82.202506	99.488318
113.232239	60.697307	82.836012	98.655503
115.118627	61.751885	81.015487	98.050775
116.388081	63.473866	82.567552	98.135582
114.303222	62.323308	81.914347	97.217542
116.520292	61.609744	80.161318	98.259710
117.078851	62.093367	79.900696	97.558069
113.922556	63.318918	82.607029	97.817895
115.483970	61.556794	82.331145	98.621074
115.884257	60.564191	80.450309	97.630757
116.508177	62.165088	78.490010	99.037797
114.473799	63.809011	82.049562	98.195198
116.887199	62.545719	81.460197	99.629059
118.926490	62.678260	81.872895	98.461331
121.863947	66.144325	79.334133	95.883112
121.612640	65.136888	83.145626	97.892345
120.716259	66.848899	80.718863	96.771823
119.901444	66.902275	82.876377	96.368919
122.497562	67.876361	83.816377	97.697401
123.980222	67.919848	83.991621	99.970364
125.234218	67.804621	82.078055	97.068236
124.912926	65.456127	82.742866	98.679909
127.620407	64.688817	79.379308	100.813088
130.798172	72.011777	79.908287	95.934395
132.363982	75.572551	77.973280	93.241069
129.052253	73.271975	81.185350	90.792547
128.223160	77.880778	84.711641	92.721955
124.480196	80.465493	78.444498	90.847378
139.850806	84.202330	76.096641	83.947335
130.438066	75.805144	79.727811	99.400327
127.893692	79.110373	82.610550	95.290426
125.723893	78.464289	81.353242	97.204438
129.528051	78.242276	82.933125	92.088100
129.637986	82.268119	80.026251	94.809279
131.692877	94.399278	82.712171	87.263150
130.496829	94.119457	78.466769	89.495548
135.482208	89.357944	79.009240	96.321815
131.079408	85.708445	82.104974	95.639582
127.628619	76.852861	85.064771	98.013766
126.595685	79.429748	83.375436	96.822377
127.632492	78.498996	79.755916	99.818075
128.283661	76.843173	81.712850	97.748587
130.795009	76.984182	80.957744	96.187706
127.591260	72.104613	81.825847	98.997314
127.353199	69.389228	81.125349	98.441403
126.825378	73.090173	81.155461	99.061580
127.868023	73.951716	79.777227	95.391694
126.566628	71.232362	80.956114	97.342299
124.795745	70.044042	82.331772	97.230617
124.471322	69.076300	81.282566	99.564468
124.780774	70.288785	80.912291	97.245912
124.326710	70.660995	83.769739	97.166960
120.122116	73.063547	84.484916	97.194350
123.621427	71.069759	80.579289	98.167541
123.939216	69.205362	82.305915	99.055850
122.757814	70.955519	82.001963	99.274742
125.956066	69.781961	82.065704	97.930545
125.344407	73.019067	82.414163	96.497549
125.194387	73.401207	80.981242	97.683467
124.528832	69.331680	82.222984	98.550321
126.712637	72.237413	80.619891	97.048104
124.186861	71.653076	83.744891	99.507023
122.122665	70.546590	82.979095	97.471209
122.020013	73.297330	82.562234	95.509807
121.770810	70.681477	81.153601	99.648316
121.265307	73.592327	83.495567	97.442607
121.972930	74.434266	81.206065	99.241602
121.047968	76.321965	83.412003	97.482960
121.111989	76.132923	81.256740	97.038763
119.500738	77.089778	82.162764	96.024770
120.657961	73.651463	82.764805	100.712224
122.280909	75.149188	81.639641	96.676049
123.632101	73.123213	80.372526	99.107981
122.872530	73.858792	83.531429	97.425173
122.075782	72.685973	80.992251	97.741203
123.574938	78.219893	81.616221	95.146606
119.799193	74.302833	82.738562	98.215300
120.950537	73.908720	81.545354	95.970755
122.098387	73.953583	81.195960	96.262247
125.824563	74.359252	80.642450	93.930974
124.240172	72.567165	82.371427	101.311745
121.916834	73.642944	81.836573	98.146966
121.063783	74.559306	83.643131	98.711758
124.645876	73.789857	77.315536	99.793137
120.594583	75.942405	83.668986	98.052010
122.020009	75.856253	82.728631	95.140934
122.060466	76.322154	82.416507	95.964164
121.947303	77.563481	81.634641	98.654464
121.095423	73.790255	80.249993	100.460159
121.930718	75.551308	79.732712	97.466465
126.110381	73.767763	78.751133	100.953929
124.033731	75.500622	81.729159	96.692681
122.332630	76.800409	85.673399	92.184331
125.854916	72.588751	80.182353	96.739150
123.991316	74.814774	82.147901	95.031242
125.482537	74.119883	80.542641	95.322733
122.266185	76.240378	85.127068	95.897620
125.033601	73.754471	81.758647	96.428626
125.556319	74.724707	82.480359	96.900126
128.464963	73.583598	80.239555	95.156655
124.400210	73.677105	84.419061	96.501964
123.559897	71.813121	81.822922	96.926706
120.517124	69.363315	81.426593	98.480784
121.546728	72.943685	82.087854	96.352639
122.101962	72.603830	80.898527	97.817549
118.653476	67.220181	83.306888	100.666357
120.407476	71.979863	82.650147	98.061336
121.322344	76.536495	81.417657	95.765058
120.060695	74.518648	83.599353	98.141067
120.100185	75.232630	82.951987	96.038310
120.244178	78.426933	82.966729	95.893100
119.581737	76.523108	83.299095	98.248368
118.548266	73.341221	84.177719	99.186187
119.920056	75.809830	79.958172	97.930496
118.291894	77.737682	82.868715	96.468840
119.829132	76.895140	82.116501	97.747946
120.225407	76.987316	83.146530	94.592175
119.518436	77.134801	84.603445	96.622608
121.087068	77.383213	82.227384	99.078543
120.651194	80.258170	82.926203	98.188270
121.372938	79.102677	83.164223	96.660257
124.877927	82.499178	82.496468	97.915448
125.565725	82.072195	80.147902	96.157760
123.861601	79.421114	81.771739	96.595354
123.537149	79.369284	81.050915	98.211201
122.314325	81.292793	82.549469	94.811443
122.372429	80.701262	84.113937	97.700043
122.076428	82.948034	82.292442	97.831986
119.136539	83.074958	82.305547	95.723699
122.685560	80.369474	80.333440	95.861253
121.949811	78.312581	81.224936	95.728761
118.625559	80.534452	82.934299	98.066524
118.306447	82.685811	83.963526	98.055866
120.571586	79.907269	82.875670	97.981591
121.384179	74.916740	81.792523	97.954717
121.857710	76.605913	81.275394	97.985697
120.117810	78.775525	82.911276	97.354353
121.495245	79.217113	78.893086	95.520276
118.948013	79.119979	81.875059	97.280777
120.844055	80.973735	81.964942	94.302180
119.861167	77.094657	83.240653	98.129628
121.649612	79.149599	82.219286	97.182282
120.777546	82.546148	81.149775	91.986880
117.793791	77.523253	81.279249	95.620299
117.354324	79.042879	83.391404	92.769684
118.955037	81.739876	77.352682	90.273610
118.622228	78.375110	81.887861	95.771308
117.688940	82.000533	82.715519	85.479994
121.074533	68.964873	81.083039	94.582354
123.096087	67.809212	80.111384	97.569335
120.260201	69.731129	80.002557	97.351651
117.299200	72.187126	80.383779	96.283202
121.143850	69.788104	78.910065	97.008158
119.401459	65.144526	81.827198	95.973716
117.839512	62.934318	81.616816	98.926740
117.940838	67.958683	81.629291	97.026082
119.520320	66.080310	81.359245	99.129094
119.742330	66.294551	81.689066	96.573422
118.981182	65.746190	81.736060	96.765191
118.059197	63.880567	83.626278	97.377997
114.597428	68.391366	85.290078	93.579392
120.556989	67.032918	81.298843	94.261286
121.630902	68.381802	78.248108	92.968807
122.383862	67.418583	80.395961	85.697188
120.764986	62.019573	80.485023	98.106502
117.982104	65.801843	84.862342	90.475998
116.141100	66.584567	84.269631	87.529405
118.272597	64.384774	80.014195	93.872124
117.291039	63.182227	84.418202	93.116180
118.468441	66.608412	78.523167	91.782994
119.535108	65.671738	79.873565	95.286930
121.614419	63.297956	81.283639	95.119122
122.076328	58.761873	80.974692	98.934571
120.381705	62.128270	80.997533	97.550006
119.482449	63.539356	80.862456	96.820615
120.733958	63.565893	80.199281	98.217486
120.204077	64.040206	82.044021	97.332197
116.461501	61.727622	83.124679	97.916200
120.045057	62.320633	82.128768	96.347645
120.975164	64.834886	81.583628	95.130479
122.824631	62.361236	82.026733	97.219420
120.844692	60.642075	82.937237	98.072210
119.720320	61.649952	83.676853	96.543503
119.321902	62.669938	80.722897	96.420469
119.240109	65.635471	80.630362	95.908096
121.319008	69.667283	80.199813	96.034780
121.005653	64.338648	79.836425	98.888215
118.412552	62.846351	82.688239	98.956766
118.161225	69.869627	82.112418	96.462820
115.608293	71.492170	81.656226	97.551937
116.964435	68.564586	81.690103	99.738224
115.895562	72.384392	83.766889	97.519661
118.343767	72.942734	81.497704	97.152729
115.874654	72.527914	82.739914	99.843424
118.344155	71.134959	82.058099	98.206396
116.612004	73.496739	83.378914	98.537905
117.708445	73.492672	80.478036	99.286390
118.180533	76.726304	82.576435	100.054180
121.211889	71.706022	81.280578	97.833012
118.783192	68.933781	82.071535	98.256247
118.431635	70.866169	81.171598	99.080624
117.973222	72.896783	81.802227	96.441630
117.625585	71.123187	82.523403	99.515449
118.419835	69.237310	82.105777	99.412161
116.421033	69.133132	81.891507	97.584588
118.049079	69.271643	81.587079	98.862175
120.694120	73.183106	83.365275	97.050253
119.204214	70.658611	82.344751	98.484550
117.416172	73.419422	82.864440	98.550701
119.731247	70.268758	81.094586	99.700785
119.674778	65.697012	81.497170	97.405763
119.722277	65.768173	81.591003	96.942517
120.268345	65.423057	81.615795	99.088798
121.139750	68.278455	82.615644	98.839773
119.369286	68.130849	83.518746	98.555469
120.484863	67.341275	80.838733	98.285404
120.283098	67.840986	83.013878	97.962853
119.735445	65.138094	81.724090	96.742816
121.062114	64.064663	81.660606	99.237671
119.950579	67.587820	83.822993	99.832927
121.839331	65.920747	83.071674	95.123032
122.472313	62.327118	80.907036	97.051869
123.374820	61.362510	82.487007	97.969996
121.372863	64.024136	82.286795	97.595250
122.233404	63.513291	82.347098	98.708655
120.024994	63.782343	82.253750	97.000541
121.309806	62.625364	80.995692	99.810240
121.116759	63.820067	80.289071	99.112044
122.701377	64.134143	82.719195	97.699930
124.159880	66.050226	81.959775	96.926037
122.165955	62.897992	81.010278	96.169647
118.965544	60.377098	81.415765	98.851264
119.098945	59.712882	84.070464	97.899443
118.119582	57.691839	81.952672	98.968903
118.456873	57.466253	82.324648	97.763457
120.817578	60.884092	80.827344	97.955048
119.413705	63.218768	81.478536	96.977055
118.396280	61.087994	83.422750	98.481885
120.774612	59.814640	81.021722	98.273863
119.290499	61.967570	82.231539	97.297726
121.360930	60.514291	80.706594	97.774514
123.585341	59.105531	81.644411	95.743154
122.416142	60.798617	82.263031	96.693687
120.575902	59.654235	81.001740	99.890336
119.440649	59.651722	83.122928	99.585934
122.313005	61.308077	82.215676	98.906859
121.233834	61.528596	80.513603	98.220076
119.827594	63.730181	81.787346	97.394615
120.199888	60.312965	80.344946	101.386493
121.043012	58.936785	81.382834	95.432198
121.578985	60.010208	82.271384	96.595983
119.544736	59.644073	82.124836	96.906301
119.481682	58.979161	80.997193	99.306880
119.096672	59.052754	80.160013	101.349275
119.544240	63.474181	81.486491	97.872203
118.202071	60.623474	82.282571	98.557170
118.125802	61.650500	81.224341	98.114160
118.532261	62.014930	82.091971	97.918976
118.013213	60.720711	82.107036	98.503961
117.587214	63.050745	81.225418	99.611075
119.826467	63.992129	81.547139	99.152872
117.507955	65.416281	80.618009	97.463110
117.084948	59.855707	79.918005	99.778869
117.961568	62.096316	81.935091	98.592659
114.959607	63.549982	81.846668	95.758351
114.022980	62.059403	83.816329	99.355816
116.486758	61.995895	82.270054	98.734092
117.924175	62.310866	83.680918	100.349080
118.034194	65.161873	79.703300	97.041650
116.443681	64.710669	81.655872	97.403900
116.750035	59.514663	81.410213	99.891318
115.370847	61.973656	81.640206	96.255436
118.843330	61.132026	80.520041	98.033821
118.208213	60.756700	80.572892	95.291076
