134.000000	55.000000	60.000000	88.000000
135.285342	56.428129	59.453352	87.340348
135.662638	56.080989	59.814992	88.208289
136.499768	54.233041	60.457959	87.356777
133.847144	56.184190	61.098761	87.735351
134.765375	56.394509	60.658801	88.909865
134.090712	54.180594	60.123375	87.508704
133.305574	56.202281	59.395034	87.705354
134.818939	57.513787	59.945896	87.632962
135.559913	60.728597	60.274812	84.911217
132.755400	58.547699	60.689422	89.380741
135.465339	56.544169	59.975471	86.623952
136.338703	56.527114	59.861358	87.282749
139.995523	55.950914	59.112370	89.122277
139.642723	60.160644	59.097550	87.454959
139.752975	58.607503	59.481351	89.021433
137.065811	62.098438	59.353844	85.754382
129.836460	59.969969	59.358490	88.701495
121.413206	58.750930	60.305625	86.211526
115.578439	57.547624	61.575371	84.439018
110.583276	60.607198	59.948743	85.727714
103.635475	59.110435	61.434492	88.348209
95.841344	57.166409	59.102966	87.380730
88.742726	57.880682	60.574077	86.963969
83.440459	59.011474	61.561621	89.777801
79.365536	66.815347	60.400230	88.750961
78.161962	68.559164	60.640370	89.147347
79.985021	75.915997	59.652111	87.438172
79.497963	79.744667	60.128246	86.123466
80.264667	84.797095	59.176009	86.366596
83.083764	91.043506	60.657732	83.274697
86.767707	89.132139	60.730665	86.190653
87.053869	89.985762	59.877750	86.039985
94.029800	88.548413	60.587909	87.258525
101.937474	89.302079	60.439098	87.573441
109.716470	89.542447	59.656059	86.465750
118.882251	89.452460	60.029595	88.835579
127.745504	88.987981	58.703525	88.519036
133.397266	89.326651	59.632903	87.266022
139.155035	93.490696	58.406844	86.920477
143.632758	95.350981	59.183024	86.988589
149.312541	99.103927	60.285472	86.683618
154.484983	98.452234	59.980247	88.152345
155.030211	97.900312	59.993363	88.501186
153.887796	99.614164	58.156357	88.646205
154.987807	99.200336	59.364952	88.419892
154.772364	99.297623	59.917530	88.374902
155.130591	96.529019	60.599497	88.569941
157.952902	97.597470	58.548860	87.350961
153.451075	94.963973	60.361271	89.577518
154.754774	92.207499	61.317556	88.517825
155.110279	90.209417	60.715733	88.275749
155.997822	88.719539	59.684388	88.593058
158.309285	88.360659	60.345961	89.074114
159.882820	84.517004	58.610878	87.485788
159.462736	83.866746	59.800427	88.263604
155.876467	82.907108	60.381657	89.960080
148.686165	81.325981	59.716347	88.556316
138.924982	77.929833	59.261593	86.937350
128.690427	76.251604	60.263429	87.194357
116.713271	72.742145	60.795536	88.380778
111.056284	75.176777	60.644680	88.249833
102.153321	76.078166	60.073339	85.427699
95.480553	74.285198	59.865525	91.327412
90.782197	70.761220	60.870583	90.741600
91.739521	72.963916	59.543348	87.554185
91.817178	76.947323	60.583759	86.700499
93.142798	77.290320	59.645279	87.121146
94.100426	76.348338	59.085309	90.305478
101.129662	77.932554	59.036773	88.301135
107.224750	76.558771	59.617133	87.178298
112.572721	76.650754	60.882739	88.473451
118.454575	76.881530	59.590771	88.863688
124.813759	77.497929	59.288292	90.235184
127.868561	76.663362	61.834359	87.722135
134.346290	78.119724	59.422981	86.712904
137.580793	75.996555	59.712565	85.879114
142.262690	70.372320	60.823810	91.127129
140.890247	76.603271	62.005791	87.336210
142.487807	77.493880	59.204289	88.251592
142.204749	81.468090	59.544898	86.748696
144.363656	83.084875	57.250124	89.828838
147.160816	89.748081	59.383683	89.296800
148.355304	93.854702	59.872364	88.328209
144.652298	94.679579	60.271119	88.245649
141.522731	94.185210	60.325211	89.298795
134.396259	96.358670	58.679827	88.456467
124.969366	98.960493	59.553320	85.192382
116.356617	102.159963	59.333198	87.358064
110.948899	101.161903	61.219753	87.486873
110.006126	96.339087	60.126233	86.959781
108.812779	86.733268	59.366621	86.983768
108.473880	76.733387	59.047620	91.197603
109.237013	70.392334	59.461184	90.113916
110.378585	74.449125	59.610970	87.789443
113.604502	71.847910	60.402606	89.676567
118.557809	73.021194	59.309730	88.334685
122.294921	74.464312	61.136524	88.274472
127.173689	74.133726	60.840856	88.981226
135.072782	74.815891	59.577278	87.071269
141.128826	74.637623	60.150349	86.106885
148.457380	70.259731	59.496981	89.903312
151.759235	68.801626	60.112906	88.436300
149.356162	69.749650	60.386377	89.092796
153.237711	78.348598	59.906833	89.450008
150.835583	78.024405	61.579138	87.502724
145.742384	76.884969	61.031255	88.422668
143.338886	74.190893	60.955283	90.558004
132.723602	72.493852	60.795817	88.950354
122.421313	76.161533	60.578500	87.966627
115.181720	77.743721	61.490916	91.014942
112.128760	83.635954	59.972538	88.042744
110.235690	88.035907	60.996855	87.238470
111.392352	91.390238	59.781690	87.532524
111.460659	93.421977	60.663950	86.632968
116.776989	93.378710	60.396133	88.608264
123.378659	96.627639	60.032629	84.867492
131.730731	97.722444	58.395878	86.762655
136.623496	101.947151	60.786491	86.129229
140.404732	99.598683	60.017533	87.783593
143.105783	95.564142	60.335024	90.864164
144.889465	91.402247	58.983838	86.409190
146.267102	84.949863	59.610074	88.665405
143.774359	78.721131	60.429726	88.575581
145.966187	75.126296	58.819235	89.398137
145.954906	72.794143	60.113395	89.944125
146.705755	71.515234	61.159674	86.410072
146.638979	69.673280	59.711772	87.775531
148.321103	68.110175	60.401901	86.036334
149.050683	65.975157	59.491131	87.889599
145.212262	67.162861	60.545384	86.805043
142.621589	67.013252	61.043826	86.476993
136.950964	65.489705	61.099970	88.341495
128.474589	63.886872	60.353024	89.723904
118.170980	62.853648	58.759628	91.140168
106.670947	60.210387	58.134140	90.042771
101.100533	56.938089	59.548962	88.330104
93.706363	59.322679	62.602771	86.857328
90.250643	67.031018	58.714057	88.352328
89.124419	72.387566	61.230123	87.456978
90.632293	78.309958	60.765709	84.333491
92.888921	76.999244	60.254995	87.507557
96.615549	77.712339	59.575041	87.645215
103.065355	79.687101	59.784947	86.629218
111.412645	76.778814	59.651133	88.389663
120.832192	78.012782	59.720838	87.708111
131.116504	78.463875	59.750774	88.411405
135.644294	78.507813	59.548687	88.120620
137.607300	79.930777	59.096032	87.769444
139.841620	78.260223	60.103076	87.324543
141.543256	73.841555	61.344812	89.030706
142.745456	72.670395	58.469864	90.400374
142.417685	71.114660	60.880984	89.893404
144.152183	69.888868	59.285626	88.703315
142.596438	68.790312	59.546731	88.866273
141.954798	67.876700	59.537599	89.400130
138.186940	71.191843	59.926098	87.755613
132.351050	68.459448	58.718086	90.236582
121.420142	68.066595	58.849751	87.349663
114.742465	64.100847	59.657498	89.460548
109.328554	68.107577	60.737398	87.340640
101.039010	66.441719	61.623831	88.839160
93.333342	67.379133	59.904541	87.967093
86.156910	70.213601	59.911184	87.006942
82.761324	80.385728	62.307007	90.192927
83.895816	83.263198	60.838341	90.934287
83.253168	93.641756	61.184883	88.221153
86.123782	96.650331	60.396354	88.209299
92.484538	98.728781	59.390160	89.300487
100.182647	98.566478	60.725945	89.410468
109.936994	98.289170	59.677634	89.903477
115.628193	98.734415	59.829200	87.235995
122.162795	99.162801	60.162423	86.224781
128.284335	99.840410	59.361858	88.229172
137.972894	98.601374	60.705678	87.564906
144.316661	94.747110	59.555706	88.854972
149.092841	92.844504	61.555507	86.140501
151.159656	89.209365	59.772516	88.590871
151.324006	88.243941	60.065218	87.200308
151.932688	85.152344	60.326081	89.187623
151.733102	80.841076	60.599431	88.220154
153.776779	73.946864	59.927358	87.035048
155.725844	72.473666	61.395878	89.180462
156.484926	72.896385	60.097086	88.750611
152.835353	69.303730	60.194830	90.213359
151.453583	73.463877	61.572914	88.831458
148.213831	68.609135	60.277493	89.739209
142.848879	70.546424	60.386964	85.854627
136.453433	66.307970	58.496642	87.538696
132.514773	65.228979	59.321199	88.106366
128.389920	63.076428	59.949585	87.485749
119.792309	65.738710	60.827784	88.914036
111.901149	63.759907	60.332055	87.376594
104.828359	64.993767	59.378510	85.739625
99.415821	65.229592	62.292882	85.426678
96.148705	64.844988	58.648066	87.295285
88.009087	64.979597	61.894443	86.184855
84.751168	66.856885	58.467194	86.132654
81.368308	67.738582	61.415999	88.694200
80.735650	74.771438	62.212999	87.827541
83.749771	76.625464	58.937316	88.841336
83.171920	78.647462	60.309282	88.878413
85.871372	80.696793	59.787576	88.379366
90.937406	84.927856	58.742323	88.285507
97.470949	84.941224	60.386779	87.044866
104.045892	81.767365	60.818107	88.281853
108.428372	85.582318	59.558872	85.260132
116.762605	80.556209	60.611865	87.993807
125.705480	83.563467	60.795846	85.096945
132.357333	80.303587	59.536468	90.377392
138.386427	83.135023	60.519821	87.977061
141.960588	84.233440	60.660394	86.968822
144.738912	87.550668	59.037434	88.609617
144.369743	87.520274	59.892880	86.308954
144.444516	81.954412	60.416922	85.603348
145.164426	73.752345	59.479316	87.263124
147.212951	73.971507	61.939981	87.902150
149.359380	75.044156	60.513292	89.489754
148.337949	74.142027	60.241430	87.740567
145.030561	73.153314	58.866601	88.399814
139.084280	72.871262	60.371962	89.306007
131.106317	74.856631	61.728049	88.512017
123.813573	73.179980	60.022956	88.765359
121.096934	76.003417	59.250160	87.362953
113.318936	75.666442	60.207625	87.357716
107.393239	69.720436	60.089722	88.672181
102.887846	70.317459	61.593809	88.512009
97.326903	73.541045	61.161726	88.546834
95.156920	72.344991	58.473487	87.775418
94.823003	71.986290	60.420943	91.055838
98.205213	67.613799	57.974911	89.790816
98.750688	69.570830	58.699700	87.885124
100.880918	73.407322	60.100864	83.844638
102.875038	72.202807	59.927565	88.353932
107.160836	69.789956	60.209306	89.527065
110.181998	71.921776	61.045148	87.918281
118.237317	69.728841	59.050235	90.342513
125.045699	69.994208	60.864154	88.676397
131.867096	68.046149	58.741966	88.646402
135.659982	67.791495	59.848989	89.652745
139.551878	69.036222	59.761310	90.852328
141.315891	71.022691	61.173416	89.446422
144.064842	73.064769	60.343320	86.903971
146.372803	77.272693	59.432456	88.078624
147.047518	90.371725	61.193948	85.274863
147.951662	95.406261	59.416802	85.255923
141.066298	93.999457	61.092081	86.728919
138.473598	95.013057	60.881844	87.955059
132.175403	95.238773	58.468266	86.675049
118.766324	96.902472	60.954207	90.268321
109.992591	97.181951	59.762365	88.429745
104.157373	98.359765	61.527817	85.565488
103.092578	94.257494	58.507176	89.906272
102.993669	88.895801	58.878644	88.928223
99.394739	85.852893	59.970569	90.583305
101.188362	82.028974	57.613828	87.422696
98.635098	78.777855	59.078760	89.456993
97.732611	77.383425	60.593873	88.532658
99.551535	74.613491	58.597826	87.914018
97.653084	71.346432	59.940476	89.697760
100.277623	71.576994	60.478519	86.168919
101.872861	70.206474	58.936602	88.168537
105.470787	68.786469	58.616864	85.803030
113.129640	68.480865	59.337108	87.383738
118.655588	66.088926	60.544403	88.988463
126.492201	65.563441	60.424391	89.023574
129.070248	65.550107	61.458192	89.001512
136.379629	60.590386	61.095485	89.434467
140.119110	62.317410	59.351204	91.364443
143.143401	63.712123	60.894881	87.449411
145.918820	67.867961	59.950252	85.136615
145.690031	65.379461	60.803144	88.146817
149.393411	62.788019	60.681263	89.120062
151.702229	62.967016	58.218702	87.998045
148.564992	62.571901	60.492062	89.102985
148.844892	63.035383	58.527492	88.482368
149.853936	64.077376	61.125395	88.063204
150.350513	61.183659	61.254650	86.922109
146.952854	58.582775	60.160815	88.112402
142.561780	60.093080	60.078353	89.197120
137.235145	58.712688	60.368696	88.432566
134.393735	60.419012	59.250040	87.741462
129.476017	61.111363	60.014724	87.342315
117.134531	60.245967	59.236935	88.287594
107.459056	61.509224	60.500875	87.278232
101.779608	64.366795	59.547365	84.947547
95.383857	62.944517	60.693692	86.249733
91.427200	62.411160	60.903505	86.096037
87.514886	60.358059	60.166494	86.149793
83.323304	58.077098	61.080543	85.136919
83.936453	58.099461	58.896716	88.513816
82.967007	57.029432	59.545220	89.402594
83.226345	55.477664	61.792586	88.924231
84.545722	56.164708	59.095978	88.809811
84.613783	59.128366	60.429755	86.589298
87.911460	57.532692	61.115826	87.791927
96.047654	57.942782	58.725027	86.900700
104.185945	56.620843	60.763692	89.139138
117.265457	56.124111	58.840542	87.996591
122.077726	54.687437	59.737753	89.628029
130.521447	54.501722	61.192510	89.594307
141.134470	55.979205	59.178861	86.812733
147.558908	58.548184	60.176295	85.082152
148.825569	63.931784	60.004209	86.503493
146.985560	68.200136	60.872233	92.704904
146.416776	81.118124	62.241961	88.316287
146.816703	91.845777	61.087979	88.663417
145.479027	100.322921	59.347737	88.862014
139.421825	103.407201	60.963607	87.100251
133.876603	100.718542	60.424357	91.706175
126.730134	106.481968	58.944185	85.996467
114.780143	107.853878	57.829125	84.581756
102.430680	105.399564	59.219596	88.690602
89.213080	106.044397	59.757394	88.482351
82.139547	107.029256	59.504542	83.448242
77.687886	96.517723	60.220455	87.938546
76.503919	90.572185	60.486123	86.517440
78.956808	79.043210	59.607249	90.117269
80.371396	78.975751	59.333127	87.371146
83.845019	77.557792	59.027176	86.813627
89.038806	73.130544	59.616894	89.523343
98.589800	68.531046	61.663977	88.025926
104.155618	69.896933	59.043527	87.555458
113.243298	71.914704	59.819032	88.901198
127.261378	71.180758	59.865245	88.189122
138.098375	71.872518	59.083754	86.814982
146.498417	71.338799	60.831806	88.511264
152.692789	73.230645	60.821421	87.039513
155.264791	74.021128	58.193667	87.648897
154.071029	74.235405	61.881130	88.696836
153.771013	82.085243	60.136499	87.657300
157.053869	90.585967	59.546315	90.344177
153.452876	92.648043	58.930814	88.895226
147.206401	92.700392	58.852822	88.830388
141.122735	92.761895	59.587256	87.984088
130.738528	96.880530	60.809424	87.538776
120.911732	95.796583	59.013891	86.134582
111.363960	95.384783	59.676824	88.304458
108.505824	93.311205	60.523266	87.470412
105.306433	96.081392	59.408155	85.557157
102.015104	89.434756	60.874668	88.937876
103.491956	83.172058	60.097403	86.741001
102.140025	79.077945	59.971033	90.075087
103.965077	75.492214	60.430596	88.651836
105.271587	74.596581	62.254403	86.570627
107.126750	71.756756	60.817350	88.969117
116.150129	68.673649	63.093379	85.668082
123.921276	66.056574	60.909601	90.479890
133.795319	68.263633	60.158268	89.229938
143.451682	69.026564	61.274526	88.900887
148.532838	65.583598	61.248762	89.438444
146.421058	66.638989	59.000835	89.572336
144.240874	75.237839	62.154996	87.957586
146.064234	83.063619	58.635492	88.111169
141.435670	81.170038	60.679343	89.205264
134.789322	79.180479	61.103980	88.854876
127.023824	81.256252	59.726028	87.656757
121.741660	83.276196	60.729699	87.199328
110.454010	81.551954	59.397468	84.688627
102.590737	79.300083	59.065463	87.529968
96.515733	77.890587	59.410588	87.017173
90.080493	77.235795	60.110614	87.178509
87.431577	77.557097	61.436339	88.270607
87.805356	79.599605	60.965475	85.933311
87.635775	81.187540	61.059217	87.271866
85.741533	87.340367	62.344921	85.354510
90.262222	88.868810	60.963897	84.658025
95.162822	88.057590	58.778639	88.531196
101.719146	88.645224	58.825277	86.159398
108.066058	86.911419	58.355880	89.831115
117.110270	89.444446	59.839580	86.006022
127.063277	86.669051	58.804159	88.602071
132.018426	88.466443	61.457470	88.245590
140.377489	87.091047	59.355183	90.805906
144.846385	87.598765	59.174778	88.839773
143.506810	87.350603	61.358912	86.708816
145.802369	81.616289	59.177772	88.819935
146.620830	76.862384	59.745259	89.600626
148.832859	74.801591	60.025925	87.618718
148.427145	73.048449	59.405552	88.135944
145.187124	72.994552	59.232093	90.756020
140.204889	73.226002	59.681316	88.239931
133.116334	69.872794	60.202916	85.446659
122.115503	69.981248	60.337218	88.894345
110.544638	67.050191	61.878630	90.532390
101.416198	67.802072	61.511727	85.852268
98.353353	66.674976	59.845333	87.051770
89.826849	65.028754	61.779959	88.023018
81.345262	64.654799	60.195227	87.830471
78.598619	68.446421	61.917230	85.377473
79.186547	70.005764	59.203641	86.792758
81.222680	72.112078	60.544180	89.865874
81.840547	77.855049	59.314713	87.292908
85.998203	80.902540	59.431595	88.599975
91.207454	80.070960	60.045636	88.436398
97.652601	84.024726	58.951542	90.029426
109.225347	83.454519	59.148178	86.407301
114.639874	80.406791	60.148968	89.703078
125.531048	83.247231	60.075318	87.248870
136.386836	83.299619	60.189371	88.583339
143.436063	83.468358	59.837211	88.508380
149.318447	85.329761	60.510613	87.525623
151.530076	85.821596	59.121423	86.137630
150.964663	86.189291	60.641122	87.519662
152.705015	85.703332	62.434477	90.924294
151.171037	82.874578	60.734313	88.199786
149.353539	80.238400	60.233765	87.628867
145.032363	73.902765	59.548842	89.838429
137.427436	72.032626	60.414449	87.287386
132.958136	70.136513	59.486320	88.970584
124.928748	65.072071	61.515586	88.746927
116.836148	64.189108	59.658387	88.420173
107.193856	63.317979	59.679665	89.761967
98.677113	63.277454	59.246947	89.490777
92.633269	62.182708	59.524485	88.706387
89.155236	63.013121	60.559675	85.660903
87.234820	61.353010	59.535314	88.545658
84.299334	63.385625	60.771513	89.741904
86.724270	68.587299	59.514965	88.336126
90.680732	73.576650	60.691299	86.778671
94.828367	74.975368	59.689799	89.218993
96.724826	75.062653	61.664331	87.623416
104.092630	82.308034	59.889193	85.489618
112.329445	82.990251	60.623295	85.349789
121.173441	79.938010	63.543780	88.111033
133.019562	81.033842	59.033995	87.881832
139.104228	79.334086	60.791494	88.904610
146.600923	77.986343	59.738720	88.634837
153.037473	80.804502	60.813689	88.165269
155.134612	81.231731	59.757831	89.372216
154.789612	82.877759	59.197714	87.653707
156.697265	80.736417	59.702802	86.975571
154.400234	76.391990	60.836952	88.220689
155.718694	72.585871	59.198200	87.972218
155.338264	68.170667	60.966092	88.691410
156.565528	71.381159	59.605446	86.543754
156.109358	68.199735	57.911441	87.639884
154.206936	63.114277	60.862824	86.816287
159.182080	61.375784	61.723706	87.823289
159.464894	58.831295	61.153646	88.588595
160.561648	60.377216	59.244936	90.328984
159.644765	64.243406	58.881003	87.195554
156.447499	59.509518	60.261224	88.618590
154.182005	58.035833	59.715377	88.799288
154.168684	58.144920	59.290467	88.297530
153.657206	58.961117	60.920658	88.348403
154.304023	58.746139	58.597478	85.848980
151.746411	59.666709	60.213132	87.669936
150.176194	60.617253	59.879296	87.003252
152.485676	57.212716	60.113598	88.965116
152.080782	56.080957	58.968080	85.283724
149.691893	56.246401	58.923289	87.753487
151.496013	54.039338	61.902018	88.023219
152.886548	55.271515	60.986121	90.194351
150.437904	58.251376	60.671340	86.026169
149.693165	55.554147	59.847875	86.676454
150.864368	54.575984	58.514625	88.467703
151.382168	55.143949	60.234704	87.827284
151.488710	54.761497	60.947325	87.978220
152.528583	55.593632	60.736703	88.760510
151.919532	57.606538	60.740828	86.121891
150.130250	57.540148	60.597178	86.867135
152.192223	57.452775	60.491846	87.945255
151.951824	56.202856	63.187623	88.384810
152.995412	54.559126	59.447973	88.939473
154.275349	56.876481	59.186227	87.911426
153.082836	56.638879	60.070725	87.145639
150.552260	55.924570	61.016635	89.227455
150.649212	57.193492	60.341198	87.805040
152.642199	52.349779	60.192135	90.323521
152.703750	53.032062	59.259158	89.892889
150.611663	56.016712	61.622853	87.051590
149.818963	53.635537	60.123216	87.817212
150.916887	53.628279	59.867321	87.419235
151.719586	54.227540	59.471496	86.706763
151.206359	54.439419	60.512335	87.095232
