405.000000	256.000000	122.000000	148.000000
408.060700	253.255744	122.092640	149.541026
408.207733	254.830420	123.269474	141.457732
408.318632	249.716649	123.208419	149.881268
411.949467	251.312484	121.797132	149.901934
417.153052	245.748100	123.161513	147.101707
424.050195	237.141887	118.304256	148.365541
423.139766	236.699679	122.375721	145.987497
421.613972	233.273297	123.944030	149.831359
416.256404	227.444129	120.590406	148.784161
408.235836	225.179645	122.349498	149.408658
399.016139	214.984655	121.678068	145.323286
389.083337	206.100456	125.075526	146.673884
387.090974	197.558040	121.076227	150.549198
375.148703	190.627540	122.862813	145.603784
367.012194	189.684017	122.081555	146.226247
354.687006	189.568614	123.123376	149.784671
345.498002	189.868532	119.513579	147.046590
338.275305	189.601596	121.807893	146.585761
334.040660	190.806698	122.893766	145.693676
332.263247	189.519859	123.868384	149.924066
327.932252	188.387999	122.984186	148.285116
323.678696	188.941656	121.475283	146.551941
316.619167	186.890674	122.490082	150.937741
310.318581	187.309302	122.528235	147.170102
307.831098	186.589026	122.985847	152.800423
301.187632	183.655560	122.591536	145.691936
293.329177	179.449808	120.951509	147.124903
284.806116	171.543292	121.025713	151.364435
276.105699	160.436418	121.373269	149.313317
272.802827	155.373133	121.260241	147.013031
267.737092	145.075483	123.824553	149.771976
271.511794	125.374751	119.461002	151.385825
272.012497	116.819853	118.597164	147.876840
270.794097	106.399198	119.924460	147.948371
273.738118	92.673190	126.588273	152.920343
281.577041	89.253245	121.223077	144.754077
291.575928	81.066783	120.529448	149.290352
298.457599	66.846242	116.558173	146.884644
302.184638	56.769399	122.119248	147.330682
307.473154	53.280730	122.156875	147.657267
309.331025	51.500467	122.244962	147.382693
306.693149	57.632962	122.730220	146.621247
302.507060	58.037848	121.885142	149.648328
299.374167	65.533240	122.091643	151.294743
298.748724	64.957999	123.251886	149.007553
291.907783	73.437983	123.289107	146.437428
286.417620	77.296464	123.813155	146.498810
282.698996	79.824924	124.069799	149.098631
279.076915	88.923768	120.997172	146.218138
273.193885	95.015095	119.211741	146.629712
264.289661	93.163921	121.261084	151.184618
254.269733	99.031228	124.311610	143.547027
250.109263	103.979922	119.638490	142.921464
250.761211	106.041441	123.235810	148.546155
250.845063	106.504948	121.486796	149.534974
249.146152	108.015680	121.387594	150.915563
249.013609	105.668886	121.941975	142.824188
243.165400	104.261422	119.751976	144.063879
246.493303	103.776926	120.540953	145.382943
247.469060	105.996807	122.990117	147.571981
246.616864	107.935488	120.917516	147.468969
244.591895	110.665978	119.824920	146.966648
243.575081	110.493402	119.280837	146.099110
245.009318	104.137879	121.419147	147.204364
249.404846	98.597916	119.983727	145.215285
247.229550	95.773625	119.502889	146.888190
251.702366	95.752620	120.648607	147.759157
252.176064	95.271074	121.279846	150.620681
246.166599	87.457284	124.033163	150.630912
249.860585	83.548446	123.153386	149.278825
249.899563	84.349994	122.449484	150.199327
250.722509	87.352476	121.833426	147.076990
247.879525	83.988185	123.115570	150.706981
249.857559	86.350438	120.271330	148.851673
248.885612	85.152092	121.479508	147.064744
249.174193	85.461361	121.899942	147.462959
251.265670	84.721246	121.734971	146.736098
254.035378	84.688410	123.742417	146.893719
254.635430	86.056984	124.235219	147.426314
256.610033	82.280751	125.245846	148.720166
251.269962	85.247861	125.353380	147.995007
257.742926	85.128144	121.668876	146.783974
270.367532	85.560827	120.308057	148.949877
275.242677	79.145202	122.146685	154.051564
280.405986	76.848947	123.897364	154.760000
286.466302	82.085943	123.980362	149.214553
293.050240	84.313234	122.412719	152.458574
298.407189	82.433088	122.284450	148.770325
302.722747	86.938867	120.134686	143.541005
305.371812	81.290441	120.930820	148.866388
305.009357	76.298134	121.254786	148.835555
307.737205	73.885736	121.315099	144.789393
310.791285	69.469465	123.410218	147.254529
308.507011	64.494793	122.731599	151.170266
312.564356	65.280215	122.156543	147.666781
314.863418	63.340968	122.439807	147.901811
314.113066	65.395036	122.246586	146.230388
316.977011	65.525079	124.622497	150.498612
319.043250	63.743711	121.924961	150.235645
326.574346	72.751170	121.817712	147.218820
324.734063	78.188129	118.822044	148.998913
318.503249	84.726486	119.716304	148.186874
316.424591	92.332109	121.828199	148.235758
310.882662	94.745537	128.191040	147.690054
307.944384	107.083685	122.184024	151.910295
296.140991	118.621520	120.369993	149.522023
289.238094	129.983392	121.671596	152.797841
283.334489	144.433721	124.825491	151.148735
279.326377	150.118117	122.219988	147.740058
274.495069	160.106386	123.032722	147.861484
268.910097	170.611948	124.356890	144.803322
266.206161	175.765544	121.759154	151.333536
257.250487	183.028781	122.952328	145.691969
249.379336	195.018491	120.111875	149.768292
238.137635	206.144119	122.900710	149.220249
231.337507	212.899251	125.723090	150.257425
227.370283	216.698665	122.894339	149.097456
219.447750	228.182999	124.363509	148.462435
216.023257	234.668079	123.724542	144.793558
212.235083	232.709831	121.104801	148.537565
211.286212	235.264868	119.781717	151.219836
211.938935	238.297625	121.573871	147.099834
215.826001	234.921619	123.636304	148.271314
224.583104	233.400570	121.350034	150.681482
228.570033	229.869769	122.530012	148.707594
226.514341	239.878764	122.014193	145.212078
231.214109	239.663875	124.619452	146.983796
242.283392	241.163139	121.985499	147.513528
253.404222	241.473514	120.702093	149.775950
266.654432	246.869949	121.363544	144.448369
270.097205	250.163535	122.474178	147.915488
282.102643	252.132793	119.663700	150.218444
292.256290	252.091890	119.154032	148.851637
302.583613	257.141643	119.845640	147.807844
309.641935	249.228512	121.953750	149.555739
315.958135	246.852789	119.639006	147.307433
320.792415	238.334682	122.211190	150.022020
324.553443	235.282257	122.289883	147.212034
323.145428	225.447379	123.265738	150.257389
322.424636	220.114575	122.227595	145.335225
322.648234	215.693171	120.256586	145.445789
319.558426	210.639821	122.768362	145.330354
312.477960	205.020801	118.749738	153.058101
299.308005	205.921149	120.882778	146.406251
290.245083	203.475789	119.243665	143.470421
275.159715	196.134025	122.059718	149.981495
267.740893	196.542719	121.883196	146.896837
250.001224	190.079162	119.910274	147.053635
234.224736	185.367524	120.523877	151.947518
218.243518	184.608444	120.912608	148.171052
207.903518	182.791838	121.322585	148.180861
191.208886	177.176494	122.943525	141.272607
173.421057	173.581137	121.555023	148.009699
165.387148	168.224562	120.741566	146.049886
166.641670	161.887321	120.707029	151.926225
168.593519	157.335144	119.405962	148.170303
168.962135	147.646203	122.300406	146.330634
172.105871	143.439671	123.756825	149.219516
175.020248	149.533299	119.612699	144.690212
178.788689	143.200870	119.709780	148.256460
179.069182	139.934486	123.383563	144.488480
182.784293	135.822212	122.996767	148.851490
193.865855	135.602255	121.030077	146.575239
194.867565	130.522481	121.310547	150.065363
193.072220	127.787985	121.818503	148.487431
194.183238	125.766244	121.616575	145.501128
194.203419	126.784499	121.006557	148.538182
194.262549	126.209130	122.975833	143.095193
194.058802	127.372523	123.750942	147.555595
197.301018	128.437356	121.850843	148.812616
202.413172	129.577303	119.790364	147.364999
213.058146	133.151097	118.226471	149.113405
216.866381	141.316761	119.439854	144.301888
217.857469	142.026222	119.664178	148.590196
227.688190	143.408366	122.146606	154.613762
234.191271	148.657882	123.883756	146.617063
238.684850	150.775647	121.970455	146.283492
242.502051	147.452454	124.466921	149.149769
243.462430	143.795278	122.507939	151.596953
245.595936	139.354118	121.735256	147.623453
245.405058	133.995173	122.401309	149.796071
243.139698	126.500186	122.808391	151.011244
238.063475	118.732855	121.059444	148.040610
235.688383	111.485256	121.611491	147.953855
236.245925	102.846999	121.945003	146.907683
235.684863	88.675952	122.535465	147.474207
239.153571	79.720039	121.492068	143.951634
235.058879	66.362562	126.959332	149.043885
239.106125	56.386411	121.716385	146.973878
238.587639	43.002202	119.406596	151.015641
237.584890	35.843639	122.961716	149.165002
239.613911	30.015500	122.027111	148.075496
254.208447	23.540263	119.925013	155.043110
271.646347	25.954441	120.755264	146.694957
284.732241	30.935591	121.493810	146.013164
297.725526	39.648684	120.122547	153.253803
309.486204	47.334744	117.701403	147.397839
323.229633	53.136517	124.047970	147.735836
335.771055	56.507601	121.226424	143.684405
345.032597	62.625266	120.805682	148.342881
356.598174	71.710976	117.969810	147.154215
359.422772	79.763764	122.243341	146.914693
369.137320	80.573833	121.840117	147.954948
375.498512	82.232818	120.458029	145.783270
378.204988	97.391910	121.213955	146.388356
373.026011	103.686315	124.039416	148.395316
374.104377	110.424181	121.083234	146.687062
367.430266	119.602677	121.358034	141.583746
361.023879	121.895883	119.036554	150.387678
347.709479	131.744388	123.496838	147.639172
343.164791	134.679908	116.615738	144.533165
328.998461	140.938689	116.240503	145.626707
319.704073	137.359883	121.734656	148.380852
311.164004	136.542027	120.856330	146.430625
309.622023	141.860152	120.052312	142.598993
299.311208	143.846028	119.097692	142.338158
289.111202	149.964826	121.191211	142.064112
274.477219	152.937152	122.099865	148.072490
259.776259	153.907408	121.828584	147.899526
249.094794	154.957220	122.983978	146.145906
240.958484	154.003388	118.704073	147.526301
233.425105	154.613864	121.130765	150.957400
223.082633	164.094807	118.288942	142.854263
213.266983	162.738250	120.546802	148.198242
204.484215	175.016402	120.534513	145.823077
188.036125	174.498315	123.330161	151.101193
183.816417	183.438247	119.555238	145.046672
170.431566	196.056419	122.811232	142.527559
162.450278	202.886765	122.932992	148.864240
149.935116	208.841589	122.125814	150.474943
141.281259	215.034031	124.059661	146.431038
132.149066	222.021200	124.038281	145.348974
126.061606	218.820000	120.707124	149.535395
117.942294	222.908717	122.527060	145.433022
117.338911	225.897871	119.955450	147.860799
112.199998	222.899010	118.677203	148.437182
112.622263	223.032975	120.406313	149.166937
110.691361	221.584165	122.342977	141.522202
114.389419	213.824021	120.596515	148.044975
119.475629	209.508796	120.347037	146.564108
116.094296	204.785780	120.988487	148.196231
119.380243	209.218903	123.193418	147.069431
125.284547	211.934647	120.786531	146.360443
129.151816	210.960828	122.869303	149.412694
137.463424	211.834086	124.974626	145.900254
138.495657	212.985919	123.091333	150.395765
144.210962	212.145498	120.522764	150.977812
153.733287	211.775371	123.893129	148.729057
154.566518	212.255146	124.263460	151.051012
156.357958	212.602912	125.307542	149.287292
160.730174	220.013062	119.402180	149.207540
158.921853	223.255778	123.437227	147.415178
156.700652	226.889564	122.409687	152.252371
157.692557	227.909339	120.340497	147.130016
158.893304	228.818439	121.720339	147.731967
161.117893	228.433389	120.451719	146.331555
159.076407	229.392879	123.598978	149.368194
161.695607	231.946636	123.171241	149.555782
163.614742	225.341106	119.866790	147.090667
159.295907	224.932544	125.432765	145.483487
164.898215	226.425998	120.705571	145.122021
167.559130	230.762270	122.936302	147.135504
171.229036	228.737767	122.174939	147.243377
171.068641	229.214201	125.321470	151.339660
179.276350	222.241206	122.044381	146.160133
183.226149	222.377841	117.351932	147.469994
175.519272	210.727232	123.082439	146.197459
180.102129	203.764238	121.811548	150.417780
185.307385	204.615937	119.324739	144.510651
185.162036	198.254146	123.899704	146.352704
192.477843	190.402030	122.991492	152.080984
200.077778	181.618223	118.027114	151.877597
197.592787	184.721850	121.373583	143.626468
201.514356	173.477049	127.808590	149.614175
209.329270	164.906762	124.853379	148.695883
216.877630	158.413038	123.205322	150.142179
214.703473	157.686953	125.241585	144.092882
224.392089	152.465838	122.356937	153.100230
226.532242	157.050709	123.789875	147.183626
233.076858	150.994771	122.609257	150.077279
233.565533	151.873336	124.396600	145.374054
238.262998	152.633277	121.042480	145.125547
238.405842	149.896376	123.275527	146.449289
242.179752	144.593192	119.746124	151.430380
236.789811	150.430872	120.873102	146.230174
241.042211	144.280990	121.509110	147.019671
244.259460	140.340158	120.224442	149.212713
245.538869	144.098044	122.220868	150.140667
242.383578	146.911743	123.331437	146.347024
241.392652	145.023260	122.948217	148.894303
246.412177	143.826780	122.116127	148.636814
247.007749	148.466821	121.722891	140.532011
241.960374	144.190481	124.766204	149.992697
237.197156	144.936585	120.594067	145.169427
229.279624	144.081108	123.515084	149.588560
229.821492	147.297944	121.013856	144.199054
227.673339	141.800272	121.281751	147.660134
228.022118	146.343680	120.440570	149.235737
229.833026	155.151766	122.327044	146.466019
234.321399	158.467462	121.575979	151.555141
230.328393	160.865222	121.196167	149.245687
231.354417	170.935693	121.810994	149.110253
236.618079	171.195781	120.305642	148.066690
235.473916	168.795026	124.197350	148.897688
242.750707	178.197880	123.899110	150.047783
244.276899	184.819280	120.905134	145.315137
246.543200	190.781137	122.166903	144.689455
250.084533	190.839744	123.392365	148.144045
253.735398	180.639808	122.330370	148.279380
258.554108	182.654680	119.325261	151.662504
261.171324	187.330135	122.300186	149.162393
258.723659	184.458209	127.176669	153.085011
269.778760	182.708602	119.610817	145.589335
268.404786	175.443370	121.723604	142.908345
268.273185	174.034467	123.319272	146.171418
277.733747	172.112677	125.490278	149.280234
286.523092	167.444774	119.367636	150.730038
289.066344	167.631501	124.345076	148.616333
291.319852	169.140169	125.320740	150.702684
300.893487	173.478969	125.753921	144.819012
311.969296	172.731408	121.863487	149.070474
317.091715	181.448106	120.974986	147.799053
316.237341	186.022481	122.353562	147.894277
319.535107	190.930646	122.479762	147.123178
320.151408	194.571938	121.409074	147.452882
315.596257	193.675489	123.829744	147.268688
313.461712	196.218912	123.253642	149.256164
307.560045	198.992601	120.209989	149.501601
302.608823	201.331234	121.186529	146.020037
295.269727	206.429229	125.872265	149.014063
293.524031	206.443872	124.944872	148.168947
296.129584	205.108316	121.595106	149.242255
294.070866	204.517369	121.597788	153.012901
295.557622	203.321747	123.452695	146.505580
296.508826	196.555001	121.574768	146.602999
300.381467	191.395728	127.403231	150.515168
301.779485	186.036252	123.334992	145.753844
300.299029	179.608451	123.100896	152.059263
306.119348	176.097889	121.471752	149.452486
309.592766	173.708722	116.497568	146.572453
309.952686	172.140302	120.291227	146.430358
309.940912	162.747734	121.155070	147.413152
301.920897	153.132665	121.529848	149.400883
294.738206	150.387442	124.214562	148.276822
289.027724	144.352765	123.872600	150.562078
291.781371	139.631104	121.898527	147.009396
285.815773	130.935418	124.817235	149.356468
284.629819	126.696476	122.413999	148.054097
283.783509	123.964496	120.792367	147.022753
289.213329	126.181171	120.029515	147.494168
292.209934	131.404843	122.372377	147.045461
298.627502	127.969419	120.956576	150.255672
296.634838	132.569584	120.812556	145.668360
298.850380	142.384848	123.586789	150.141553
302.490159	152.041766	124.562985	149.240491
299.791097	159.161343	124.544073	146.933204
295.876557	164.997152	119.990286	148.968397
288.986838	172.206991	121.147106	147.595349
282.189416	175.922911	121.556127	150.648182
270.450918	178.755523	120.324401	151.451671
248.195371	182.945682	124.554908	144.312431
227.502393	186.093911	126.084454	147.126036
206.516051	185.197232	121.852277	147.460288
187.676789	188.669723	122.295014	148.731326
179.746893	186.629444	120.288620	148.824698
171.775715	184.851955	123.599535	145.440074
160.267420	182.600770	122.594038	149.427342
156.042549	179.545720	122.407631	147.281136
159.488958	174.495219	121.060023	146.798070
151.546106	169.357551	120.855827	149.631666
144.445485	170.339463	121.543461	147.726720
143.637869	165.796463	121.947813	147.895791
149.350223	163.609783	121.504194	147.179490
138.440501	160.714646	121.481223	148.260376
134.982511	157.683022	122.840809	144.509592
128.898160	151.585559	118.154117	145.757401
122.681665	140.516035	122.741435	150.183052
120.327316	143.131380	120.169391	153.841364
120.133348	144.464534	121.793571	146.649384
115.234318	138.684256	124.366321	146.479383
113.901347	133.318245	121.105152	147.015538
115.129986	133.081004	124.042895	147.179218
120.917240	128.341960	123.912398	149.435321
135.102912	129.634016	120.379487	146.099505
139.870484	129.734267	119.693836	142.452361
150.705752	129.025537	123.873310	144.385966
159.898144	129.678228	118.522255	143.887590
167.045634	134.243194	120.046236	146.009703
180.046142	134.432977	123.795328	144.865748
193.786441	146.448973	119.932967	136.505841
209.124048	147.990161	122.657687	148.042226
217.596819	147.358941	117.758010	150.297304
226.545146	148.961706	120.387569	146.914601
230.292408	148.203989	121.267372	147.011657
239.823126	151.316693	119.552131	145.226337
240.903239	148.836382	121.155242	147.494125
250.398807	149.330246	118.095176	139.783394
260.914450	147.317248	117.997879	145.418990
264.870441	150.815334	120.248235	141.299445
279.925000	148.628777	121.364015	144.528081
296.111634	150.483829	119.783890	143.866179
302.479467	152.825603	119.044750	146.117112
315.415619	156.059087	117.137860	139.647604
331.030475	154.048159	117.839178	142.978839
341.282674	157.069046	117.725540	146.172404
351.892165	148.883973	115.650692	143.560767
360.627683	144.366989	121.959559	148.477249
373.498451	139.359237	118.673541	143.492423
383.725811	136.770842	119.955491	147.045085
398.201269	137.063405	121.114126	140.598759
399.419139	139.211083	124.445036	138.611216
417.724190	141.703600	111.556418	140.379912
410.168120	134.192436	116.042927	144.153273
415.717669	137.640528	117.922414	140.063175
413.832711	132.689164	119.485934	148.510631
418.253402	133.574985	117.630037	142.846402
422.852759	132.121558	111.746437	142.869879
423.768277	142.204382	118.297598	135.457977
418.158379	136.542649	118.181376	144.750220
412.515697	136.797855	120.775971	142.655055
408.211756	142.336999	119.218871	135.800582
396.894219	141.123564	124.618933	142.996830
389.969418	141.792016	118.535502	138.751473
388.045585	142.845986	120.161737	143.209377
379.031031	144.916271	121.546893	146.615474
374.707238	145.082000	120.425326	144.001897
364.736690	145.598730	120.571140	143.953868
356.081377	143.861029	118.593808	150.139454
350.481863	152.583010	118.862076	140.604530
354.117195	150.488179	112.177532	145.080619
346.175221	148.575736	120.416922	150.345164
343.798148	152.239299	114.166967	151.936446
338.693443	156.811074	114.960251	144.227359
334.318528	157.483625	117.330971	138.042523
332.235247	156.609735	116.675357	145.724990
329.687170	153.651676	114.461696	145.311822
318.744636	154.398308	115.170597	135.638961
309.483545	149.513540	120.783354	146.827022
305.246935	144.493459	122.635052	145.377037
300.675326	141.533935	119.540083	149.826982
294.382837	135.749768	123.182945	145.915347
294.583553	132.800437	119.117045	148.198380
290.370115	130.157780	122.939833	147.826397
287.579346	125.155641	116.298774	148.571491
285.922827	122.374015	119.173160	148.506280
283.653287	115.319401	122.804960	148.104124
286.977798	115.673161	119.287073	149.531752
281.926341	112.003399	120.973572	152.299673
281.764321	111.285500	119.761765	148.284420
286.393970	109.774109	122.060587	147.190103
285.013433	107.206707	123.654711	151.243196
289.190330	117.974893	120.599231	145.944402
291.130137	114.799789	123.928195	150.133472
291.001934	115.364926	117.770217	149.700456
295.705508	117.213993	123.227733	150.833846
295.481601	117.222214	120.226001	152.117364
302.348116	124.191238	117.824544	145.617378
305.226108	114.688176	120.382463	151.650797
310.563817	115.613341	121.106722	150.405194
310.193953	116.417426	121.139017	148.819935
309.381583	118.350205	123.529639	149.086625
308.448253	114.885252	122.101223	150.030126
302.543233	114.720514	127.430332	147.465287
305.952757	117.705163	121.499657	146.515493
300.185608	119.202363	124.438699	147.817117
295.795456	116.269043	124.505313	155.507366
290.717608	117.075044	119.047707	160.304358
285.194059	123.274075	124.203421	145.026567
281.718979	123.045120	122.087771	149.143242
278.215896	126.066037	122.884067	147.363446
275.977686	122.732236	120.138962	153.706586
265.204873	125.796546	122.287364	151.638626
268.369249	120.247275	124.023561	150.644737
264.426783	124.127326	127.153153	151.827796
258.838524	126.664989	119.738869	150.617283
253.010380	127.094131	122.094390	160.434458
261.915017	123.784609	122.479967	149.171022
262.132494	131.320072	124.040918	148.416239
263.277049	129.106212	122.971649	153.479931
264.042969	126.635212	121.280241	154.964709
274.426557	132.991921	123.828844	150.370128
279.580703	131.040777	115.350893	150.656380
279.922212	128.883339	119.508966	148.375271
285.201941	131.134637	118.302761	150.616534
293.877145	126.455845	114.010117	149.600392
290.543976	126.389960	125.392282	147.314285
298.278360	124.534274	120.700151	150.144688
298.202741	124.403453	120.560243	154.591268
303.549109	119.438803	117.758368	149.590672
299.797713	118.018697	121.987662	150.372964
298.247745	122.253099	121.471930	144.854336
304.772304	117.696435	119.551186	152.541101
304.514516	122.906088	119.315160	145.281404
297.368321	123.022190	126.345650	147.173323
293.216606	126.190280	119.036779	146.822453
281.394270	135.020573	119.951039	141.781490
274.451419	138.124391	119.008091	142.775108
264.871778	138.109684	118.776379	141.692612
260.977686	141.058030	119.152050	145.216112
254.742041	147.531705	120.015969	142.363861
252.014439	149.458825	120.160282	145.560559
248.648357	154.870374	115.543161	144.207062
241.707678	160.478152	120.743918	139.613920
245.535581	158.225131	120.875822	145.517029
246.277141	158.624330	119.139070	149.061998
244.140736	160.452171	111.623840	146.480864
242.863108	160.872348	122.189869	143.824984
245.528478	163.748596	113.160801	149.574571
238.388626	162.310696	114.784529	148.154634
237.820973	163.255545	122.112318	144.159572
233.716927	162.798030	121.478917	146.402877
238.196295	161.410710	117.884660	148.307438
234.688892	157.508660	117.812496	150.145622
230.421417	161.356371	113.993892	149.835960
224.090304	164.970504	120.438224	145.837581
222.696698	158.701193	124.176021	149.795732
225.753439	168.796981	118.022285	142.434719
220.509797	165.881052	124.135804	145.140570
214.017194	166.399205	120.482879	144.597783
224.931532	167.275539	115.751585	156.291100
226.504291	172.576932	117.522784	142.796879
222.050027	174.430997	114.518833	143.791190
213.718413	184.943937	124.900614	142.054022
224.487064	172.896231	115.391533	146.852469
233.407470	178.519700	111.666119	143.068526
230.537157	173.317423	118.519827	148.540067
229.112905	177.153574	118.534244	142.337613
233.487254	175.776845	118.968861	149.084977
237.917181	175.852311	117.984369	142.279475
238.202792	175.750750	122.974487	144.512005
241.744623	174.843005	122.104080	149.639095
233.404413	175.860591	114.017350	142.619167
237.577317	177.043398	115.458540	141.561452
235.793539	176.787208	123.667108	143.455479
229.855549	188.699272	122.193282	143.914524
239.115471	178.566231	116.017554	143.194129
234.936944	179.845296	117.452522	146.964236
233.320168	173.669904	119.793416	146.652226
230.926830	178.582179	119.080465	141.966766
225.010489	177.628652	122.481624	148.456637
222.751946	183.276193	122.067334	146.925859
223.101546	182.917917	120.389433	150.737921
221.212030	187.258452	121.486060	146.850524
218.953662	186.960290	120.977691	150.777536
220.385472	183.005646	122.135867	149.050242
223.554225	181.790811	123.751603	144.924082
227.221369	173.666254	119.670340	149.826464
224.500028	175.324782	121.574045	150.036963
225.120041	178.662073	123.966730	150.087175
228.113078	183.316021	122.483214	145.914300
230.764997	179.400084	119.686297	145.334029
224.463093	177.392443	123.936868	144.973859
225.909032	172.630609	122.999322	148.096831
226.280063	173.971925	122.025559	152.448505
225.714968	167.335479	120.363159	149.577133
230.486515	166.733934	120.906148	147.354189
228.916832	166.160011	117.981316	148.219360
224.435513	168.504199	121.240765	147.461823
225.833144	168.513180	120.636465	146.636777
228.307207	164.370625	120.320742	149.145879
228.520423	167.459173	120.510609	149.250671
228.313427	163.997826	119.637049	151.654707
228.707413	162.790017	119.601309	152.710972
231.661357	169.474400	119.955159	149.505752
236.626812	174.935767	117.894956	145.905070
240.328006	176.007047	118.750308	152.879418
240.236651	182.062375	119.875455	144.073099
241.339015	185.138897	117.997107	142.348540
243.188961	181.655149	123.189714	147.993407
246.470658	176.669940	120.214971	150.920994
249.521861	190.958225	111.887856	147.372535
251.262034	186.734124	118.932764	148.050431
249.413209	180.922844	117.303241	147.774795
250.235085	184.426506	114.953735	151.697779
257.723322	185.993992	112.683635	151.368373
252.842853	186.207199	115.855834	148.723181
249.203979	192.152450	117.084004	148.394435
244.340778	198.883230	119.026439	143.296896
242.906074	199.776486	117.426042	149.624098
243.447468	203.838087	120.104640	142.702750
242.551110	200.909890	119.442580	147.978953
236.135163	198.033656	118.960777	151.645671
240.221332	201.487800	119.429633	147.564663
237.826798	203.305351	115.815886	148.267411
241.418551	200.507520	114.843716	146.211451
237.887480	192.312813	118.296906	150.216702
230.836545	196.546074	119.149827	149.561513
237.411866	195.137529	118.254223	148.914671
235.071032	195.954903	116.424314	147.326897
238.132644	192.584876	116.376802	149.714047
230.312343	192.222136	118.331331	152.969859
225.573104	207.261575	119.740059	140.899582
227.119868	197.325936	117.261298	151.480153
226.274802	198.099248	118.118359	147.201331
226.270452	195.413875	120.159551	148.498621
212.584273	200.343932	126.013122	150.026451
217.920570	194.152337	118.230338	150.072556
215.971595	201.287764	120.325741	147.678092
211.391364	195.485496	120.504710	147.849597
210.949571	200.228909	124.913727	144.112160
211.940366	201.979893	117.103992	141.730613
209.998948	197.528014	118.711749	146.891386
207.505231	206.281484	122.567740	148.576775
221.925857	209.301765	111.528618	143.098827
226.532634	204.421512	116.671221	148.742518
239.055948	204.678868	117.613658	148.347856
246.725556	213.070228	118.077663	141.123904
250.823298	208.071502	118.407217	149.595745
260.971551	211.157906	112.868039	141.464492
273.900047	211.437902	109.003716	141.027031
277.774941	221.825466	116.780411	142.825032
277.943962	217.096113	116.569754	145.473669
277.918789	218.957293	114.072363	137.769886
273.431794	214.820880	113.501110	145.151812
268.390601	216.249446	114.410628	145.282589
264.024663	209.562976	108.536894	138.634257
250.422972	203.455391	118.316520	141.679074
238.419576	201.213916	120.006932	146.902859
235.437930	197.657579	120.532349	151.075060
228.220157	207.744007	122.227545	148.969901
230.134475	206.165001	118.831549	148.927063
244.602529	203.508903	123.060335	148.150351
250.969873	211.641865	120.572710	142.680900
260.857985	209.379325	122.220650	150.783897
270.323066	213.523536	125.030371	150.704688
282.385749	228.289995	121.853429	148.055911
286.023434	240.720658	120.885522	147.876121
286.073936	247.589543	121.194967	148.039854
286.269438	257.694593	122.651026	146.780814
285.138966	260.799578	123.514691	144.579977
288.589044	263.833426	121.206599	147.152227
279.877307	262.500051	122.017157	151.189875
261.457410	241.390288	129.267136	151.946656
254.616006	226.839659	123.653929	146.063392
249.280795	209.132505	124.831416	149.502969
238.770677	197.932108	116.032613	149.140580
224.920454	179.279538	120.160102	148.395935
216.801396	163.748404	120.898211	155.188088
209.496693	163.497729	124.392934	149.341687
211.212090	162.090503	123.091632	147.699267
198.554776	159.364382	123.141448	148.220764
181.804938	170.393387	122.570886	148.661349
181.226843	166.668836	123.146588	148.665739
178.078359	177.791447	122.896364	144.604754
181.337452	175.248965	126.804534	149.910188
181.534401	186.501657	118.894020	152.802136
195.142698	189.070894	124.527057	147.872230
200.584514	200.775072	119.591588	142.231567
203.953784	197.681587	121.446349	145.834628
217.108848	186.214772	119.874179	146.538052
224.864453	176.293187	122.506178	148.311338
231.918711	171.103781	122.007648	150.580102
240.627824	166.514171	119.932290	148.549414
245.256612	161.051492	118.931559	146.313035
252.395975	159.055117	120.665062	147.755285
260.657326	151.351169	124.226236	149.238653
269.803859	153.552076	121.693090	148.346468
273.606677	163.219329	123.763750	147.602811
284.648256	168.449072	123.841665	149.269658
284.473188	176.216640	123.016031	149.301788
279.365020	184.741060	120.296541	143.111893
269.297033	194.227204	121.383723	148.135086
259.576241	201.775840	122.486453	146.996449
243.458589	204.967090	123.210252	149.642210
227.238118	206.529639	124.237446	147.156910
229.757077	201.536149	125.364028	149.162403
231.738783	195.073572	121.564106	150.419372
223.053673	193.721758	124.274549	150.231833
218.730769	195.825537	121.417894	148.572506
226.904852	207.578267	119.074128	146.772155
232.842031	220.104816	118.954505	150.049888
232.806683	235.990309	120.056562	150.192627
239.150798	245.348397	118.485106	145.712323
235.213437	243.408561	123.165033	146.565366
232.167706	246.445142	121.898320	147.962330
233.743623	250.030152	123.073229	149.441802
238.232175	249.211920	121.053279	151.940355
241.987686	248.792012	124.554537	146.014948
246.226264	248.537210	119.672473	148.427401
246.929923	245.569263	123.741007	148.766931
244.401321	229.693626	119.878814	153.416139
240.104218	217.914033	122.030729	146.649796
235.867676	205.351933	118.448934	149.724898
231.027816	199.689085	122.561928	149.516289
231.628443	190.901717	122.037568	149.080483
236.744070	184.138783	123.913927	146.937271
228.201621	169.426082	119.928216	155.285067
235.790434	164.768553	124.757994	149.777792
245.199523	150.945421	123.518849	151.736964
241.760736	142.009543	120.996752	150.478468
235.904249	141.194197	122.186474	147.686364
243.416437	148.917934	124.897205	149.011133
255.992385	155.013293	119.541542	153.423512
257.370820	158.943702	125.110058	151.553831
256.555170	161.581195	123.049436	152.422739
264.318145	164.990507	119.693183	150.054447
273.132259	167.581819	124.542974	150.119384
279.683850	162.275625	126.101900	149.839648
289.291444	159.744595	122.014048	149.973054
296.400956	160.452606	121.458115	150.054576
298.676421	158.935256	121.897060	147.820284
288.396575	162.675771	124.294002	145.308585
277.300018	159.099759	125.210170	148.479389
268.263151	161.026719	121.491274	148.095660
266.728637	159.139723	120.198275	150.199127
277.688708	156.397385	120.463717	148.826174
