310.000000	102.000000	39.000000	50.000000
309.236160	100.933792	39.110402	49.440936
307.459798	99.608978	38.490255	49.990699
305.255946	96.550664	39.041586	50.699173
304.353977	96.315735	38.225580	49.810938
302.732148	95.076195	39.273916	49.348548
300.680153	93.224177	39.385618	50.193495
300.284321	93.355233	39.127560	49.393322
298.814294	91.831284	38.283439	50.387106
297.749385	91.900134	39.534332	50.564556
296.255219	89.821790	38.272666	50.097934
294.785235	89.925514	38.932900	49.695710
295.867564	88.999360	38.137774	50.329267
294.928842	87.643852	38.894430	50.033256
292.450538	85.457514	38.957211	50.469278
290.268617	85.705889	39.650332	48.833157
290.992032	85.946218	39.196554	49.313716
290.092636	83.889225	38.587170	50.612869
289.219474	82.614149	39.266164	50.508603
288.796917	81.409147	38.509682	49.985786
289.257088	81.273869	38.956965	49.467607
287.930289	80.787330	38.678231	49.280995
285.390431	81.544064	38.832635	49.725242
284.465440	83.077717	39.671733	48.807681
283.557590	80.882629	39.853680	50.164008
283.556139	81.260827	39.935590	49.778893
281.124318	80.405758	38.846181	51.110247
278.032982	81.441401	39.290312	50.220609
278.019651	79.939588	39.208004	50.092566
276.059625	80.495567	39.510831	49.906533
274.780700	80.063366	39.340025	49.979173
272.546656	79.809232	39.194506	50.293649
269.553088	80.171783	39.776107	49.082828
270.518986	78.797216	38.962903	50.178440
269.324873	81.392695	37.768034	49.800397
266.059809	80.630036	39.882207	50.437004
265.272307	79.463196	39.029430	49.861076
263.823043	80.103377	38.525520	50.738989
262.314832	80.371607	38.172837	49.083874
259.540526	81.368615	39.862789	49.784893
258.473701	81.214806	38.691149	49.876809
256.862593	83.326323	38.888972	50.457332
256.381706	83.188352	39.351296	49.482313
254.433763	83.644356	38.821619	50.481591
253.278034	84.215455	39.259636	50.215617
250.809655	86.180316	39.750203	50.191940
248.860514	85.112396	38.781535	50.636515
248.572392	84.140734	39.491252	50.604752
249.531465	82.459951	39.531757	48.801635
248.806428	82.794075	38.807648	49.987131
248.806454	81.794605	39.748894	50.846740
248.409450	81.046164	38.717931	51.766716
249.144820	80.057165	38.439076	50.360197
251.872103	79.124179	38.762249	49.228418
253.487246	78.304991	39.917651	50.300525
255.141612	74.155163	38.826222	48.750311
258.520855	71.053633	39.354957	50.623398
261.956644	67.405798	38.675823	49.990898
265.720687	62.852826	39.045608	49.494517
268.887154	62.116285	39.074007	50.116916
275.028605	58.246812	35.515566	49.538699
276.989583	57.197408	39.030240	49.921982
281.447644	55.573919	39.628267	48.525597
285.549096	52.912993	38.703813	49.031315
287.889376	52.505222	39.269209	49.786560
291.142825	49.498153	38.207735	51.281342
291.982048	50.915470	39.924208	49.164325
297.816234	48.207802	37.504031	50.774499
299.390032	49.843809	37.595318	47.756077
300.111071	47.959246	38.734705	49.803636
303.144759	45.533789	42.096731	49.418730
307.152479	45.148872	39.649716	49.635697
308.535282	43.086548	39.131958	49.357589
311.477750	42.603735	39.590376	48.806445
315.406297	39.994272	38.346691	50.098875
315.859610	40.525230	39.610053	50.401315
317.207184	38.887872	37.736700	50.507180
318.176021	37.998333	39.700352	50.031101
319.062347	37.526592	39.789168	48.089753
319.808236	33.602655	39.209740	50.130527
321.694526	32.105334	38.266317	49.441115
322.202479	31.670466	38.884516	47.449922
322.137000	29.856385	39.237490	48.587989
323.054068	28.221195	38.917305	50.201161
323.312547	27.298981	39.979237	49.393004
323.260940	25.748314	37.618165	50.482928
321.891163	26.600547	39.298317	48.833640
320.572525	25.159670	39.305330	49.285711
320.444342	24.866644	39.204414	49.988142
321.025699	25.775060	38.122957	50.302816
319.449813	25.522380	38.995633	51.290624
318.830750	26.989851	38.729996	49.592898
318.879446	28.022408	39.654343	51.579593
319.570519	28.518423	38.994677	49.336902
318.847293	27.781880	38.437534	48.861582
318.646608	27.818875	39.031985	50.439591
318.258949	29.416581	38.621234	49.152470
317.666534	30.941696	39.343115	48.346246
315.544289	31.418359	38.076092	49.345019
315.511870	32.376798	36.941181	49.798804
314.214382	32.753394	39.597560	48.658938
313.899994	34.904888	38.039029	49.265766
312.377554	33.203018	38.713952	50.359347
312.905668	36.984991	39.131894	48.009555
313.349284	38.343971	39.103213	47.760380
313.887941	35.678703	37.793229	51.591280
312.603378	38.488283	39.295875	45.589109
313.123930	38.401685	37.378560	49.271990
311.427463	39.033580	38.544647	46.091510
312.395343	37.829690	38.422233	48.721595
315.022157	38.260059	38.188001	47.314899
313.801207	35.613158	38.044009	51.422148
315.188699	36.804256	38.938732	49.966987
314.077738	37.334128	38.884353	47.866075
316.775726	35.519489	39.313279	49.588030
319.650377	35.356784	38.330843	50.751878
318.895968	35.286421	39.707400	50.759173
319.684385	36.451047	39.776687	49.272652
321.846165	36.975403	38.181661	51.092852
323.113058	35.901942	39.381720	50.436561
325.102768	36.990898	39.479988	50.018225
324.816761	38.052928	38.329780	49.793089
325.130418	38.895417	40.010588	50.726720
327.909857	39.185265	38.631024	50.589926
329.344490	41.538868	39.510487	48.960187
330.253133	42.115048	38.878172	49.889146
331.001184	44.961350	38.529847	51.146082
331.840141	45.207113	38.740973	50.537340
331.406896	47.088569	39.007678	50.900353
330.608904	47.520692	39.746812	49.448667
333.064101	48.161890	38.633197	48.037692
333.085442	48.879542	38.110042	49.591101
333.173755	50.447252	36.821067	47.953442
332.579687	50.241318	39.173695	48.790796
331.269160	51.320346	37.533833	50.954585
328.715744	52.822986	41.227287	48.509317
329.213300	51.036317	37.769977	50.403259
326.652914	50.617161	39.010062	50.641881
324.610381	51.659895	39.070963	49.397032
322.077125	51.815389	36.898979	49.345417
319.556829	51.376060	37.675472	49.614225
320.659108	51.639834	38.725999	48.782175
318.811746	52.282484	39.139540	49.711810
314.380813	49.818596	38.147802	50.590573
313.145346	50.992552	38.799135	49.115266
311.063554	50.634904	39.677857	49.460893
307.838504	48.680447	38.546536	50.058314
307.083193	48.590904	38.571655	50.143831
305.548894	48.488549	38.122726	50.935167
308.326024	48.070315	37.657411	52.652778
294.414068	44.058570	41.799072	47.493415
300.838259	48.547414	38.317644	48.978373
303.461466	48.052242	38.700773	49.883176
302.430555	46.849370	35.646224	49.130987
301.726427	47.382467	39.261645	50.226126
302.976420	46.900476	37.256824	51.243372
302.152930	46.660574	37.798035	49.568875
301.756054	44.440396	38.919641	48.908700
301.872714	43.268367	37.596492	49.678440
299.041640	44.569994	39.022998	48.394676
298.443064	44.140835	37.884015	49.453570
297.067930	44.284980	38.556812	50.495461
297.204489	43.893359	37.838465	50.146382
296.518203	43.341472	37.264634	50.884382
294.661535	42.576243	38.739757	50.285976
294.571198	44.787321	38.889585	50.145542
293.449950	44.496398	38.871206	50.034660
292.699260	45.324608	38.792517	48.891688
289.324980	44.703455	38.697752	49.532208
290.391668	45.193177	39.523700	49.798856
290.340148	45.824878	39.105399	50.676915
289.389252	48.093626	39.214010	49.052595
288.955720	46.495106	39.263796	49.288868
289.032634	46.823169	39.740310	49.123050
290.990147	47.428418	38.329968	48.600090
290.503911	47.856981	39.859973	48.807500
289.720355	48.204451	39.904921	50.800031
291.892741	47.257354	39.188580	49.623492
292.824494	48.151070	37.721498	50.284902
293.303564	47.448890	39.202112	49.747707
294.723349	46.804290	38.932970	51.193607
295.174416	47.038426	39.005118	50.038311
295.182650	47.648357	37.936844	48.291328
297.848992	47.701910	36.882070	50.285312
301.605652	48.114421	38.559536	48.290929
301.669140	48.609713	37.615472	48.194609
303.083138	47.356264	38.722866	49.199170
305.714670	46.112028	38.908039	48.483416
306.656087	49.829085	37.037016	47.829730
309.038565	51.051773	38.122938	46.783460
312.045941	50.763578	37.779597	47.429452
310.406573	49.514551	38.236000	51.558966
312.896982	50.696236	38.879775	49.718642
313.515681	52.129020	39.749747	49.868045
314.640901	51.945886	39.321810	49.568323
317.869526	54.021513	38.496567	50.397096
320.349454	54.363654	38.967345	49.092849
321.861802	55.280432	37.979416	47.472374
324.336879	55.924125	37.814005	46.918824
325.707929	58.094224	38.161777	49.178008
326.283505	58.022794	40.354827	51.590582
328.103358	58.992739	38.742262	48.848156
329.768557	58.869246	38.784289	48.960221
331.838228	61.078803	38.489233	49.630878
332.731942	61.182996	38.133342	49.186987
334.165944	60.306465	38.816542	50.116249
334.366417	62.119991	38.745362	47.859712
334.766920	63.473288	39.662987	50.143409
336.204256	63.757562	38.903646	49.367693
336.105903	64.640284	39.893300	49.534811
336.219512	63.810613	39.515672	48.084294
335.280410	66.252622	37.828491	46.807023
334.229337	68.373152	39.527771	49.397784
335.675275	67.964052	38.482022	49.857396
336.498456	69.557595	38.668382	49.853884
335.238765	71.513392	38.748268	47.865503
338.926821	72.642677	39.148338	50.014942
339.837711	73.385877	39.583661	49.578860
337.793021	72.587038	39.151545	49.563606
336.303169	71.871320	39.347123	49.846486
335.331503	72.207297	39.555847	48.589767
334.159155	70.293083	37.937181	51.162919
332.670895	69.011010	38.559434	50.407945
332.772610	69.301544	38.787705	50.891895
333.560789	68.294022	39.410882	49.854429
335.142543	69.016988	38.832036	50.137237
334.957528	68.330741	38.785399	49.389200
334.170746	67.671943	39.341028	49.939243
333.886979	69.142267	38.370832	49.447863
333.615932	69.084747	38.814531	48.434451
333.400789	69.372107	38.730694	49.924261
332.384180	70.194005	38.807401	49.545018
332.175861	69.719422	38.893599	50.473775
332.306743	71.598862	38.691710	49.834468
330.500735	71.057132	40.033601	49.738613
330.275900	73.477111	39.717855	49.624458
328.778241	72.452538	38.186323	50.293603
327.334550	72.823065	39.474372	50.044511
329.060875	72.215205	38.518421	50.518313
328.286978	74.019267	38.355271	49.719122
326.424671	73.793002	39.114859	49.854929
326.652278	74.355442	38.699992	49.491165
324.909407	74.993265	39.264321	49.278572
323.338376	74.744120	39.127827	50.586420
322.730325	76.327877	39.259519	49.340807
322.797914	75.401761	39.445156	48.854509
321.829859	75.657410	39.017307	50.999694
319.810841	77.989937	38.208046	49.676841
318.035480	78.942956	38.584353	49.592161
314.541611	78.998234	40.091158	49.466619
312.995368	79.294198	38.344311	50.167288
310.528167	79.191840	39.202022	50.826118
311.224104	80.022863	38.907324	49.149943
312.218157	79.490865	38.992505	50.120156
307.507789	82.115411	39.587924	49.324495
305.355058	80.051157	38.884033	50.720825
302.057672	80.265512	39.427614	49.361416
302.971115	81.008525	39.372023	50.738279
302.760008	81.054574	38.108330	49.249758
299.422416	82.072794	38.536594	51.448470
298.019617	82.744567	38.788100	50.528669
297.634606	83.417852	38.829080	50.836330
295.219392	84.991022	39.844177	49.148679
295.741288	84.693906	38.622699	50.095586
297.314505	85.765942	38.373297	49.069483
298.098139	85.326111	38.418120	50.379513
295.651257	87.895917	39.453428	50.024232
295.813055	90.198073	37.853475	50.032158
296.495027	90.922750	39.248882	50.489727
296.527460	93.692684	39.643058	49.851283
298.216025	95.751455	38.895316	50.818971
298.169202	97.207711	39.464749	49.715505
298.166578	99.329705	39.524373	49.995494
297.647059	101.759403	40.142907	51.038278
300.569015	105.811288	38.155339	49.155308
301.042154	106.654642	38.333453	49.672644
302.148331	109.473241	39.172177	50.551119
301.688061	113.591449	38.931583	48.690912
300.008785	116.814570	39.801186	50.727840
298.554075	118.796057	39.638969	52.686498
297.546381	119.496557	39.402289	49.935807
297.413349	121.147310	35.436618	48.839623
296.378797	121.089200	38.155412	50.844490
294.170108	120.669504	40.035915	50.628621
289.947879	121.497984	39.758479	48.530303
293.802656	123.197647	38.878727	51.845170
299.998152	129.353561	36.388119	52.126102
297.000000	116.000000	34.000000	44.000000
297.968443	115.220688	35.014971	43.735013
300.498551	111.480217	34.342045	45.038919
304.279455	106.535272	33.943272	43.413078
306.691792	101.347383	33.974482	44.225987
302.890975	97.154986	33.931617	44.724031
301.477182	92.932709	34.273279	44.487702
299.803427	89.013350	34.490874	44.024558
298.908577	82.877333	33.282610	44.564868
295.706774	78.649443	34.123798	44.179601
293.227219	71.324191	33.737170	44.632547
292.322451	67.862887	33.350598	43.299397
290.134839	64.367405	33.771678	44.416518
286.960335	60.461394	34.330213	44.597939
285.216026	56.990117	34.203454	44.203371
283.383991	54.758648	33.386275	44.822703
280.694844	49.272882	35.409776	44.571318
279.956547	45.027808	33.328716	45.148213
277.829340	40.225425	33.983313	43.343410
278.191150	37.784571	32.691092	43.520595
276.781835	34.968302	33.056912	44.688121
275.131877	34.648033	34.024604	44.042707
273.049588	29.127709	34.587179	44.391645
273.382008	26.909017	34.127087	44.085498
272.401413	24.484872	34.137608	45.699547
270.994453	22.916823	33.873701	44.633905
269.333155	20.948605	34.933903	44.565863
269.728319	19.142834	32.866870	44.255528
267.341086	16.875127	34.718406	43.810291
268.007781	14.020401	35.631404	46.458250
268.144802	15.249219	32.874125	44.790731
266.531860	14.312452	32.872081	43.240524
265.840225	14.577125	33.878743	43.743354
265.110702	14.744894	34.080901	42.252500
264.187407	13.124765	33.463924	44.917064
263.796931	14.847485	33.434256	43.240094
262.848815	13.112094	34.058006	45.284004
263.815177	14.845629	33.357637	44.254248
262.771507	14.994252	32.499107	43.777193
263.489080	16.477745	31.757058	43.340887
262.228724	18.040379	34.595914	42.845330
263.517457	18.122291	32.434256	42.360195
262.065319	18.282809	33.178819	42.781196
263.677522	19.222613	31.824671	44.144813
263.843988	19.862006	34.037894	44.709188
264.703672	21.036014	33.713911	43.859638
264.816307	22.259181	34.100404	43.867284
265.996141	22.031122	33.884312	43.964424
267.758371	23.753077	33.256620	44.252017
267.588619	25.862689	33.553186	43.496551
267.112533	27.965156	33.951409	43.409207
266.743073	28.765772	34.249472	44.248364
267.813615	32.199600	34.313109	44.649079
267.431678	32.172391	33.817913	44.209407
266.923940	33.616308	34.575719	45.137283
268.411371	36.200933	34.278788	44.353979
269.476750	38.864626	33.588954	44.689560
268.883936	40.379132	34.170571	43.872149
268.654260	43.348925	34.414653	44.079163
270.369977	44.807165	32.950240	43.736132
270.942562	45.924089	33.732187	43.536989
269.812191	47.448148	34.955515	44.179450
270.281359	52.323180	34.248160	44.165875
270.112598	54.885241	33.565455	44.944073
270.016495	55.731717	33.654555	44.607417
271.100658	57.138993	33.656653	43.480622
271.562231	59.188876	33.961602	43.838774
272.837365	59.028482	33.366863	43.561261
272.066231	61.838912	33.812582	43.685248
273.395849	63.825936	33.118759	41.384607
273.923528	67.589236	33.672456	42.548712
273.593553	70.091265	34.126653	45.081750
273.913691	71.912363	33.656957	43.143263
273.316990	74.488268	34.028968	44.015057
273.898595	76.252645	33.424836	43.466788
