125.000000	86.000000	15.000000	16.000000
125.212949	85.728918	14.999262	15.762119
126.570748	85.023784	15.077370	15.677110
128.388748	83.396618	15.259320	15.924542
130.243171	82.540599	15.352810	15.990377
131.293418	81.481837	15.015697	15.864185
132.075310	80.671687	14.924632	16.069474
134.319036	80.564241	14.688304	16.067441
135.759093	81.153410	15.242245	15.948443
137.915840	81.986639	15.013181	15.929830
140.029009	82.940330	15.228286	15.743856
141.708573	82.102896	15.224824	15.827641
143.793071	82.093697	15.300546	16.314415
146.010977	82.226744	14.868511	16.012204
146.654054	82.050533	15.099614	16.145567
147.904986	81.626487	14.919799	16.166226
148.102837	81.098104	15.163914	15.873908
148.895341	80.857705	15.013176	15.956337
150.508368	79.134638	14.944895	16.426297
152.793003	77.801424	15.016646	15.911436
153.550689	76.760806	15.148133	16.331817
153.995952	76.307186	15.292607	16.213260
154.828760	75.643054	15.170541	15.618138
156.809653	75.021381	14.798663	15.901262
158.702658	73.406551	15.282215	15.927090
159.793009	72.819244	15.136386	15.688502
159.613309	73.106826	15.474614	15.495708
160.289361	72.630689	14.837140	15.970560
160.712500	72.695533	14.875610	16.304720
162.402134	73.241118	15.117703	16.150276
163.290585	72.987243	15.038097	16.095882
164.169600	71.698308	15.229793	16.431603
164.741377	71.770225	15.227037	16.583783
164.689727	71.643383	15.450801	16.344165
165.423945	71.349806	14.659273	15.886462
165.922638	71.598628	14.985256	16.152816
165.180265	70.905611	14.767837	15.419120
167.249666	71.393267	14.129174	16.365190
167.944573	72.223938	14.648642	16.372739
168.147057	74.156870	14.926291	15.948144
168.840632	75.079129	15.075223	15.875568
169.493603	75.059196	14.754017	15.781091
169.645768	76.949125	14.867093	15.906334
169.431323	77.434155	15.168342	15.974316
169.662017	78.031342	14.758973	16.838462
172.914844	77.686296	15.552429	16.408242
172.062164	77.397279	14.470140	16.700286
171.502962	78.113549	14.903491	16.097257
169.532324	76.031502	14.270836	16.317459
179.486709	83.008407	17.362710	16.155074
184.048385	79.472991	15.675364	16.556627
178.349143	75.116984	14.397130	15.500652
173.942174	75.779901	14.796234	16.107287
173.913649	77.653683	14.942756	15.996794
175.353256	78.658333	15.189471	16.027385
177.431232	78.370609	15.340644	16.303855
178.504399	78.714933	14.962451	16.011159
179.233166	79.613806	14.720198	15.858631
179.954290	80.902985	15.075752	15.648956
180.360155	82.099788	14.917525	15.980566
180.726952	84.345588	15.184229	16.956673
181.181084	83.121981	14.233393	15.563478
181.740353	82.625565	14.919292	16.239389
183.304605	83.679847	15.072310	15.923824
184.609964	84.969609	14.738320	16.365696
185.974263	85.506123	14.765531	15.686672
186.572922	85.385249	15.377016	16.255189
187.465264	83.827903	13.993818	16.245579
183.022863	86.172020	14.748768	15.637993
190.347133	87.632238	14.302349	15.690736
187.491581	83.527869	15.841367	15.575373
187.163394	82.499629	15.019558	15.690739
188.362461	81.060753	15.178533	15.742914
189.253624	79.419156	14.869759	16.169798
189.930472	77.906563	14.783013	16.169274
189.946371	76.391260	14.915789	15.830562
189.823783	74.478290	15.177133	15.963352
189.659974	72.949099	15.187068	16.145706
189.742608	71.717690	15.013887	15.881292
189.781067	69.802231	15.035308	15.926848
189.258148	68.817515	15.002819	15.940858
189.018055	68.445002	15.045466	16.073297
188.118367	69.225317	15.111023	16.059442
187.828005	69.593984	14.827985	16.122861
187.221083	70.011860	15.187384	15.942724
186.685073	71.272355	15.091564	15.822660
184.869629	72.249134	14.877490	16.135763
181.586772	73.043932	14.947100	15.802599
178.436877	74.099301	15.122310	16.063146
176.748781	75.372743	14.953597	15.670808
175.289424	76.898121	15.133165	15.732711
173.805688	78.424631	15.100472	15.740398
171.935857	78.068577	14.985295	16.293991
168.556817	78.526422	14.975670	15.987053
165.860144	78.405488	14.562241	16.114348
162.827705	77.453407	15.217674	16.167283
161.237740	76.369709	14.667244	16.039552
160.145791	76.121613	15.053487	15.840838
159.897977	75.695355	14.977392	16.173533
159.777986	75.036792	15.413455	15.970350
159.544936	74.272247	15.183061	15.832072
158.718760	73.382020	14.781331	15.939932
158.085766	72.441654	15.227334	15.634766
157.426137	72.366783	14.897584	15.844759
156.650082	72.818599	14.914448	15.761056
156.219779	72.457007	14.972614	15.947896
155.426433	72.506385	14.706208	16.017451
154.745778	72.298809	15.000685	16.257285
154.295592	72.669823	14.997765	16.058224
152.953399	72.897643	14.691427	15.993548
150.758281	73.078846	15.182264	16.082517
149.118853	74.570772	14.945223	15.962972
147.937775	75.576058	14.943871	15.992867
146.683691	76.735662	15.022995	16.003154
145.129485	78.813530	14.973537	16.124632
143.062563	79.520783	15.130023	15.985185
140.613776	80.882368	15.072586	16.312531
138.680147	82.716709	14.796619	15.956959
136.587078	84.817520	15.013255	16.033925
134.974805	88.264853	14.840815	16.037344
133.113185	91.694271	15.105384	16.074645
131.421861	95.167430	15.195506	15.927900
130.304505	100.376902	15.014555	16.249074
129.610875	104.215735	14.966386	16.375848
128.114086	107.397983	15.199689	16.209841
126.834312	110.137988	15.176202	16.034055
126.447592	114.084282	14.802748	15.965961
125.569356	116.505266	14.946699	15.671880
124.106251	118.453207	15.286836	16.255336
123.331003	119.999508	15.035910	16.205236
121.567680	121.377435	15.258750	16.167201
120.465187	122.626188	15.116243	15.824150
118.944303	122.188439	15.210915	16.266896
118.349105	121.070003	15.040556	15.977745
117.611225	118.262770	14.940775	16.293737
117.657194	115.737813	14.951522	16.260154
116.956810	110.456143	14.829883	15.959999
115.831803	104.494072	14.898287	16.108552
114.261791	98.484910	15.170729	16.095642
112.927835	93.356299	14.861325	15.811190
110.589728	88.475352	15.022481	16.250881
107.645592	83.329984	14.318646	15.760241
105.866078	79.106924	14.738028	15.806725
112.848494	83.954684	15.924063	16.953428
115.559043	83.489334	14.290298	15.606410
115.047204	80.720070	14.994381	16.325187
109.152676	78.131692	15.525708	15.675981
106.000000	69.000000	21.000000	23.000000
106.642716	69.302494	20.694086	22.948047
104.036798	68.654142	21.166642	23.002609
103.386602	67.143447	20.560302	22.618361
102.086703	65.722132	20.860732	23.069279
101.088603	65.874919	20.863451	22.794821
99.907436	66.159035	20.659161	23.210789
97.885955	66.131336	21.009894	22.891154
95.163578	64.343560	21.313846	22.901996
93.160191	65.235624	20.874812	22.265927
89.128200	60.431602	20.249912	23.454191
81.269719	64.091445	21.358636	22.900947
81.657823	70.455654	21.263466	23.126963
72.017487	76.358087	21.882704	25.297601
70.062149	88.427363	18.226119	22.451546
94.000000	67.000000	21.000000	23.000000
92.282773	68.414638	20.656013	23.441417
93.653286	67.542860	21.296313	23.541669
95.926805	67.053468	21.273254	22.890770
97.516735	66.426494	20.712263	22.665204
99.305102	66.959720	20.987825	23.096685
101.355454	68.396994	21.094138	22.832783
104.184216	69.284917	21.442486	22.829729
107.279194	69.333606	20.611544	23.029525
109.101667	69.063623	20.998651	23.244750
111.172061	68.355693	20.996608	22.976727
112.619755	67.272087	20.929601	22.966886
114.327775	66.746847	20.982685	23.043476
116.644005	66.770514	21.371340	22.907594
119.741839	66.325291	20.815320	22.945825
122.449076	66.827643	21.001363	23.352340
125.715576	70.076962	21.285844	22.658638
129.363402	73.835003	20.991006	23.062076
132.432790	76.570097	21.184235	23.025860
136.119525	79.061499	20.747594	22.573229
138.846779	82.752219	20.680390	22.906450
141.740514	86.249993	21.104332	23.177498
144.994412	91.664629	20.964320	22.442194
146.144985	94.856282	21.370960	23.367269
149.831583	98.780409	19.930282	22.599590
145.660313	101.009185	21.211521	22.890354
153.607802	104.908480	23.768033	24.415253
165.102911	108.364620	19.158025	22.412696
161.862445	107.324354	24.592072	25.485459
156.000000	118.000000	22.000000	27.000000
155.814251	117.709024	21.902905	26.951362
155.828524	120.005926	22.003696	27.064140
155.954626	121.503278	22.225449	26.894768
153.841203	121.980904	22.217753	27.099409
152.734375	120.248386	22.072645	27.240139
151.433796	115.623724	22.325515	27.050880
149.018871	111.058606	22.189114	27.111257
145.972469	104.633442	21.849814	27.649397
142.653736	98.536583	22.596627	27.227801
139.863915	92.831325	21.749991	27.522074
136.393904	87.384401	21.913157	26.458443
133.285999	83.495693	21.995057	26.912982
125.529823	77.983583	21.125258	25.774137
126.245505	69.697615	20.834171	29.411101
122.105396	68.834937	22.700795	26.813428
121.049754	69.827989	22.113321	26.527577
119.934343	68.725230	21.612455	27.005466
118.117494	67.366616	21.841472	27.455932
116.233181	66.749931	21.749769	26.348942
114.856017	66.769727	22.066193	26.803423
114.014570	66.679572	21.397634	26.939655
112.402080	67.727501	22.122053	26.659003
111.424663	66.665311	21.892958	27.059327
111.023554	65.674808	21.941874	26.895619
110.100982	64.416757	21.497485	26.472028
109.168036	64.352530	21.596172	26.252488
107.402804	64.008225	22.275931	26.490105
106.064203	63.411266	21.633205	26.804673
104.109109	62.797697	22.110273	27.668327
102.639350	63.058849	21.993330	27.017360
101.088197	63.271319	21.742470	27.212905
98.736288	64.138715	21.940084	27.017508
97.730503	65.425933	22.039715	27.268125
96.479556	68.266790	22.064793	27.009864
94.755100	71.259968	22.406354	26.736792
92.824778	74.324814	21.959877	26.699636
90.123718	78.169973	22.096008	27.266740
87.761925	82.411307	21.986578	27.094437
86.103885	85.026969	21.938981	27.110733
84.587430	87.757810	22.091611	27.125918
82.050099	91.592867	22.027158	26.859574
79.883830	95.677644	21.754993	27.049639
78.293227	99.138912	21.868737	26.352512
76.361817	101.868365	21.964858	26.973225
76.240190	104.202276	21.968922	27.379941
76.685522	107.584576	20.836046	28.551108
68.142705	114.573983	20.972481	26.333496
52.413206	124.684160	21.742410	24.357450
47.290334	120.213559	24.537452	29.030488
46.705865	125.470936	19.980723	26.185240
34.896564	124.031062	21.609051	27.384676
51.000000	100.000000	32.000000	33.000000
49.729328	102.359327	31.486934	32.732282
50.741559	92.214948	31.100942	33.732129
54.348366	87.410742	31.860413	32.688834
55.416657	80.441424	32.308811	32.705144
55.884315	73.172725	31.378997	32.789696
56.219606	70.428269	33.031978	31.801644
59.178976	67.107964	31.263713	32.572104
61.270562	64.128191	30.613148	34.280296
60.720519	60.233157	31.249373	37.010241
62.821917	56.283797	32.698935	34.719086
64.050323	56.119114	32.440985	39.831404
64.543242	59.297630	31.185105	33.230519
65.274333	58.321158	31.660621	32.999061
67.782712	51.716425	31.350483	31.638290
77.582503	56.150419	23.292257	37.985065
72.963719	59.598593	30.709104	33.393588
67.910868	58.610469	31.813217	34.606130
64.407650	58.923629	31.480905	33.596014
64.524261	64.806957	30.545671	32.557891
60.207209	65.961712	28.230027	36.314366
55.708211	62.460752	23.917743	37.606713
45.768993	66.326145	32.161186	32.662282
39.689268	70.276048	32.018451	32.220520
33.287488	73.317948	32.747337	31.717225
27.507274	76.066872	30.440726	33.200493
22.886429	74.981467	31.825821	29.175589
1.786302	67.792974	32.345910	33.680022
-0.023178	66.735925	18.506948	32.276226
-0.014773	67.308230	12.387226	32.798439
-0.045949	67.214741	15.001229	31.062854
0.000000	63.388844	16.267797	36.134353
-0.015259	58.589043	19.321861	33.166628
0.000000	53.862616	18.736820	35.513554
-0.000181	55.677652	19.164369	34.782510
0.000000	54.793775	16.313826	34.721926
-0.013538	54.600849	14.983721	32.725340
0.000000	60.155735	14.090251	29.180204
0.000000	51.262179	18.169317	34.620322
-0.003641	56.431263	22.115365	32.815064
