253.000000	66.000000	23.000000	28.000000
252.139624	66.095035	23.079215	27.836257
249.818956	67.817516	22.916138	27.663200
246.732127	68.206213	22.760198	28.587208
243.450926	68.627493	22.815896	27.787761
239.826039	67.802693	23.070991	28.746951
237.290610	67.024243	22.752018	27.872471
235.606133	66.607884	23.407911	28.344796
234.867347	67.377830	22.822393	28.088845
232.911318	65.472069	23.385474	28.206669
231.403254	64.727251	22.611695	28.013243
231.551344	64.937650	23.180533	28.285665
232.390171	63.670609	23.189350	28.103450
232.585262	63.346736	22.971560	28.137440
231.188361	62.569521	23.155866	28.156042
229.961042	62.256489	23.348161	28.187091
229.958688	64.213792	22.748229	27.986409
230.782607	64.750386	23.052433	27.623867
231.925855	64.914701	22.792519	28.142588
231.674158	64.023564	22.994985	27.610836
231.681730	62.865202	23.019800	28.018628
231.735333	63.442634	22.817139	28.543543
230.483394	63.983919	23.059987	27.657501
229.938992	63.376226	23.159070	27.667648
228.594607	62.469388	23.214793	28.058233
226.405672	60.107378	23.352471	28.138918
225.423590	58.843596	22.774418	28.241622
224.277401	58.276159	22.777680	28.330592
222.848089	57.494252	23.028245	27.927595
221.139759	56.722632	23.152839	27.625910
219.130926	55.617833	23.129591	28.148578
217.319078	55.885929	23.016103	27.963883
215.507140	56.829930	23.354917	27.881672
213.690167	57.828260	22.984361	27.773271
211.622553	57.522091	22.691587	27.729021
209.984307	57.080530	22.882362	27.996116
208.469789	58.654260	23.091139	28.125135
207.533342	59.482018	23.321523	28.087078
206.424078	60.529275	22.769362	28.056266
204.985439	60.560350	22.615832	27.640722
203.806804	59.897660	22.802692	28.227283
201.809222	59.815146	23.160553	27.772764
199.631493	59.398201	23.088618	27.802517
197.547532	58.476574	23.504995	27.952039
195.676514	57.037034	22.924849	28.233534
194.998270	55.905982	23.044896	27.730843
195.505033	54.777270	23.162711	27.854521
195.190526	54.003199	22.657645	27.915873
193.885495	53.115276	23.010745	28.152821
193.477093	52.564540	23.256973	27.725186
193.457531	51.956607	23.310226	27.517873
193.964619	51.213117	23.044437	28.273618
194.899343	51.031113	22.758862	28.215550
194.972710	51.883506	23.006707	27.962984
195.143381	53.066791	22.864132	27.311121
194.980262	54.537749	23.085483	27.867862
195.581444	56.612487	23.273189	28.363788
196.269012	58.299600	22.903352	27.589626
197.327634	58.051077	23.037014	28.283616
197.593577	57.354625	23.189316	27.353170
197.157521	58.705036	23.125632	27.473163
197.281919	58.371102	23.370279	28.238335
198.123406	58.976626	22.979625	28.471561
198.714059	57.865238	22.812947	28.340513
199.201705	55.912145	23.206640	28.077046
199.091598	54.493799	23.179572	27.995810
199.002485	53.188125	22.794885	28.038110
198.713312	50.223781	23.257627	27.900448
198.141096	48.737017	23.236284	28.361311
197.327975	48.467867	22.908823	28.262327
195.788536	47.979346	23.457909	28.389316
193.096806	47.954029	23.432988	28.062011
192.124219	48.909171	22.914112	28.044391
189.807520	50.373815	22.852680	27.668796
187.235608	53.017605	23.181059	28.070397
184.772337	55.998933	23.066808	27.611802
183.365987	56.741579	23.195067	28.019377
181.386273	56.323250	23.065600	28.021403
179.741798	55.920016	23.330687	28.429748
178.443839	54.651816	22.988063	28.500233
177.523622	51.695294	22.959406	28.051028
175.101142	49.600629	23.389415	27.665090
174.063812	47.540538	23.190621	27.938717
173.960548	49.127420	22.891518	27.861204
170.479960	51.420097	22.273726	29.319159
169.931542	49.626629	22.930326	28.420944
166.553146	47.546369	23.017188	27.724549
162.966363	51.413956	21.220780	27.614957
155.812918	51.851844	23.780024	30.031909
149.924214	54.871865	23.607645	28.724415
144.786996	56.294759	24.175312	29.026243
140.710949	59.864448	23.344187	27.658670
135.777258	60.449617	23.761079	29.581116
130.257687	62.003990	24.017211	30.368250
127.114669	62.379689	22.768004	31.199817
117.067749	62.179195	26.338241	29.723072
113.574851	65.474407	23.570780	28.316640
105.739458	66.992880	23.833721	27.977001
100.034251	66.526922	23.831827	29.062366
93.467204	66.981631	23.860845	29.856268
89.018146	66.821092	23.380865	27.963701
85.102513	67.059611	22.784187	27.523867
81.630005	66.789559	23.243559	28.268510
78.538983	65.367094	23.183664	28.379012
76.340430	65.260654	23.201771	28.010083
73.696243	66.292994	23.397911	27.324701
72.620496	67.401606	23.108873	27.173340
69.652461	68.395259	23.290757	28.849998
69.649791	70.323958	22.579465	27.754341
68.524474	72.180233	24.179761	26.098761
69.429492	74.867913	21.742346	27.394937
71.259639	77.723702	22.322887	27.692331
72.237070	80.640673	23.101867	29.058996
73.245812	82.255156	22.414827	28.660422
73.784820	82.424964	22.886147	28.223673
75.277104	83.088556	23.108665	28.490443
76.846005	82.531701	22.721421	28.057924
78.677221	80.785238	23.058848	28.437375
81.572847	81.899171	22.940310	27.375453
83.753321	80.782975	23.258798	28.343071
86.563836	78.943565	22.874146	27.879676
89.291379	78.473103	22.089954	27.851682
89.538365	77.297564	22.268977	27.616295
91.006481	77.061682	22.906045	27.475050
92.334516	77.943968	21.732902	26.195674
93.654764	78.953952	22.117109	25.342503
95.059083	77.483732	23.163926	26.787233
96.697731	79.450244	22.548545	26.791262
99.441682	81.660889	22.167818	28.337651
100.415403	84.629807	22.579210	27.765388
100.619412	84.118398	22.627740	28.966046
100.157418	84.808399	23.630384	28.357507
100.997609	85.077712	22.785197	28.276937
101.137955	82.634650	23.531235	29.967603
92.881331	77.996459	24.551909	27.568381
106.017486	77.426883	23.825339	26.654734
111.430411	74.546003	21.993585	27.400715
112.850135	73.690094	22.478216	27.938306
112.615269	71.652685	23.151262	28.051451
113.021161	69.707543	23.115605	27.645522
112.634011	69.101869	23.315509	27.810177
112.340012	68.987441	23.385310	28.145214
111.173538	68.958217	22.931193	27.712723
110.187076	68.755338	23.470490	28.205925
109.464509	68.101591	22.696443	27.986600
108.715561	69.215336	22.825320	27.910290
108.361792	70.576284	22.891099	27.843631
106.833710	72.277248	22.950413	27.627008
104.682881	73.575371	23.061632	28.042307
101.728209	73.631245	23.510528	28.139485
96.602581	73.175421	23.715342	28.178007
92.057059	74.391762	22.969757	27.605544
87.802907	75.530135	22.776491	28.028599
83.457934	75.862221	22.909170	28.076343
80.239138	75.332701	22.809487	28.162899
77.751428	75.055936	23.145530	27.734790
76.860257	73.802023	22.804938	28.114787
76.164476	72.089935	23.125300	28.466577
76.105087	71.621606	23.039392	28.040460
77.509648	70.950399	23.076211	28.047090
80.276150	71.596172	22.778032	28.324070
82.595746	71.717507	23.079935	28.049866
85.451094	71.128476	23.152166	28.063973
85.496652	71.921740	22.032807	27.505237
88.246797	72.115932	22.338691	28.064053
91.894214	72.637619	23.042347	27.533990
96.115971	71.456687	23.438898	27.932895
101.175285	70.698803	22.888250	27.798050
105.951620	69.629387	22.688350	27.738116
109.474325	67.711958	22.598391	28.267562
113.555023	65.553521	23.035241	28.113375
116.974734	64.531950	22.749574	28.042147
119.972396	62.658466	22.993299	28.666005
123.640620	61.364806	22.458969	27.906946
126.080185	60.615725	22.459529	28.645929
128.767304	60.010265	22.769574	28.842562
132.958653	60.167292	22.919713	27.973431
135.105299	61.895081	22.762839	28.796312
139.415710	60.057804	22.278458	29.011897
141.053094	61.764157	23.742256	29.600286
144.465501	65.446849	23.814818	27.661393
148.619244	68.615957	22.690661	28.112682
157.170599	60.670043	23.288406	28.715145
162.530458	58.982178	23.339519	27.800979
164.289133	59.182058	22.915237	27.799276
166.127649	59.961859	23.140100	27.268993
168.856172	59.238915	22.738245	27.498344
172.496335	56.733748	22.466695	28.939972
174.934554	55.229976	23.169571	27.130139
178.252640	53.063318	23.013195	27.985098
182.662642	51.313855	22.637105	28.068186
186.118867	48.352234	23.313687	28.404027
189.557010	45.811939	22.458746	26.787277
191.721491	42.962011	22.867507	27.854379
194.979450	40.611980	22.761692	27.243564
197.899389	39.314176	22.603788	26.648953
200.557155	38.807586	22.380701	28.007916
203.256506	39.760487	23.213020	28.131181
206.327678	40.122055	22.908750	27.481678
209.844007	43.248561	23.215920	27.242856
211.769647	45.291356	22.611290	27.747013
212.633383	47.128538	23.322579	27.962223
214.585159	51.240737	23.087565	27.141267
215.534207	53.294362	23.722853	27.549236
219.049149	55.642981	22.800886	27.600930
223.181165	58.033498	22.365375	26.902415
226.750406	58.772157	23.620086	27.146851
229.874904	59.107238	22.962559	27.123319
232.191243	60.655978	22.361629	27.380445
231.674674	60.120116	23.505995	27.146064
232.952773	58.620809	23.364122	26.978711
234.267997	60.479888	22.990826	25.674562
234.391250	61.022218	22.649706	26.224254
231.720715	59.298519	23.753004	26.968561
231.339302	61.459785	23.416631	26.548273
231.356739	61.382199	22.734311	26.097094
230.655496	62.644561	22.438451	26.858597
230.886550	64.382758	23.246043	26.733975
231.852367	66.042853	22.196721	25.900053
233.031420	68.670298	22.215455	27.214412
234.562034	70.853995	22.553907	27.119376
236.178926	71.497154	21.664270	26.655387
236.034885	73.632629	22.776283	27.203343
236.212434	73.930416	22.772164	27.394079
235.617932	73.976085	22.884038	27.835702
233.960094	71.933572	22.893109	28.349720
231.066608	72.185342	22.911070	27.215426
227.494524	70.880411	22.726054	27.567661
223.190577	68.274833	23.630879	28.280005
220.178779	67.045511	23.720536	27.863617
215.952319	66.355694	23.148991	27.996636
211.761221	65.531665	23.270453	27.752513
207.343635	65.061628	22.918463	27.025904
202.115406	64.431548	23.072812	27.697052
197.908836	66.145901	22.838653	28.062706
193.641661	68.446151	23.410249	27.735131
190.778424	71.413736	22.959729	27.634687
187.252546	73.905459	23.466652	27.518121
183.248855	76.387408	23.002809	27.394726
179.504287	78.815254	22.565609	27.390987
176.119893	80.516354	23.154551	27.255101
172.450016	80.946939	23.163360	28.037386
169.063651	82.051615	22.431565	27.077694
165.349985	81.637458	22.768752	26.866004
162.595637	80.831079	23.401524	26.559316
161.367256	78.692501	23.656037	26.964019
161.826175	78.604202	22.876438	27.156666
162.428549	77.228896	23.150732	28.176645
165.189801	75.853385	22.946612	27.862299
167.252881	75.982867	23.452319	28.373702
169.182487	76.308719	22.832355	27.709971
169.973412	76.929985	22.977162	28.830593
169.929008	78.937073	23.231201	28.375584
168.519938	81.669285	23.416930	28.229484
170.477560	82.460498	23.401631	28.386689
172.790808	83.051434	23.391755	27.816317
178.200052	84.237490	22.714479	27.526338
183.711057	85.089623	22.925627	28.091138
188.580250	84.385591	22.865842	27.873447
193.192498	85.471890	22.753736	28.056025
196.549579	88.292413	22.971973	27.477697
201.901417	89.366145	22.702346	27.123362
205.287491	89.076064	23.236852	28.024813
205.344636	88.722984	23.476370	27.123589
209.633362	88.857565	23.275830	27.616513
216.632052	88.684133	22.795416	27.718317
224.212267	89.075989	22.775231	26.741489
230.410304	87.999262	22.482902	27.677138
235.613850	87.765914	22.984867	27.651735
242.301911	86.962401	22.138307	27.387820
244.921712	88.540804	22.927467	27.813927
246.449438	88.333545	22.877504	27.446765
250.153634	88.579957	22.454707	27.473565
251.709724	89.240926	23.022815	27.272308
254.672460	89.229256	22.221273	27.256564
255.817454	91.607444	22.363719	25.943882
253.861354	91.615245	22.328326	26.258771
251.705343	89.762876	22.288573	27.995181
251.058352	89.537114	21.930753	27.319583
249.345343	89.871811	22.537320	26.694600
249.827038	90.053411	22.136767	27.156316
249.320363	90.594775	22.153851	26.932745
250.052948	90.934877	22.507467	26.558841
250.844956	88.944693	21.948117	27.915704
252.756269	87.522961	22.074871	26.870335
254.342061	87.129456	22.564981	27.213967
255.428591	87.802876	22.349717	28.159743
256.855552	88.563667	23.213530	28.309247
260.019499	87.956440	22.902593	28.354111
262.151073	87.982041	22.894861	28.224601
264.209430	88.297794	23.089309	27.721935
262.831334	89.298003	22.924205	28.168732
261.208433	90.279986	23.475678	27.916087
260.861124	90.713584	23.103944	27.655123
260.827590	90.485710	22.920966	27.909919
259.228007	91.640345	22.566067	27.901497
258.646552	91.388428	22.982711	27.770331
258.184226	92.124668	22.885144	28.281796
258.399648	93.272411	23.103791	27.698626
259.986834	92.405791	22.883247	28.021612
262.062440	91.983563	22.803685	27.992481
263.620829	92.387534	22.985034	28.264084
265.460543	91.559294	22.872803	28.345164
267.739882	91.207348	23.078270	28.159050
269.631017	89.660797	23.156228	27.799215
271.387583	88.616982	23.305658	28.072134
273.171221	88.476051	22.883950	27.983749
273.841021	88.028009	22.964654	27.667229
275.252258	88.003272	22.787008	28.007174
277.269015	86.518326	22.889544	28.636532
280.224492	85.722934	23.077159	28.241344
283.136938	83.934771	22.753039	28.347466
283.295619	83.822030	22.878819	27.912654
282.014140	83.987756	23.358730	28.250723
282.059229	83.892836	23.184469	28.108821
281.708084	84.246593	23.052406	27.986713
282.085182	85.109931	22.936319	27.673939
282.181296	85.601629	23.364253	27.951301
281.190494	84.627198	22.824598	27.615393
280.056425	83.417250	23.017858	27.981501
280.247718	83.480912	22.780792	27.995724
279.621697	83.293795	22.888107	27.985728
279.729223	82.878849	22.792766	28.364530
278.005727	83.049492	23.069013	27.611739
276.919746	84.010026	22.980903	28.189971
276.126534	84.534275	23.059194	27.980432
