245.000000	64.000000	12.000000	13.000000
245.237762	64.272053	12.128977	12.927421
244.854422	63.958149	11.770853	13.097680
245.016725	64.113013	12.011412	13.111295
245.196776	64.014656	11.954375	13.382858
245.419443	63.828810	12.141982	13.061814
245.380816	63.819716	11.981740	13.037281
245.277969	63.526151	11.938010	13.009879
245.666137	63.784714	12.025541	13.094374
245.912160	63.985475	11.946359	13.004029
245.720828	64.026776	12.068967	12.998907
245.738949	63.739771	11.979810	13.129759
245.816102	63.651220	12.212268	13.155510
245.884211	63.826469	12.000231	13.074452
245.733725	64.114357	12.020144	12.835729
246.421210	63.949088	11.956462	12.836917
246.467048	64.119635	11.878597	12.982409
246.216318	64.220101	12.168905	12.903016
245.696460	63.770401	12.014343	13.102299
245.501508	63.558895	12.215945	13.041073
245.357044	63.428414	11.938569	13.033695
245.487165	63.699130	11.969264	13.051988
245.433271	63.603964	12.050200	13.067186
245.601169	63.903087	11.915281	13.083623
244.979260	64.367670	12.190159	13.294429
244.265555	64.725778	11.997666	12.972802
243.418582	64.556549	11.936444	12.868424
242.895286	64.285354	11.974986	13.022958
241.944919	64.063938	11.983917	13.082030
241.254248	64.117750	12.125969	12.796836
240.337890	63.932702	12.091982	13.067999
239.831190	64.076716	11.898670	13.206672
238.892121	64.461228	11.992411	12.963707
237.888918	64.682050	11.849398	12.912908
236.319668	64.898721	12.012798	13.057414
234.921910	65.136500	12.143354	12.975479
233.254029	65.405559	12.063449	12.938907
231.633669	65.096672	11.794728	13.185912
229.841781	65.331360	12.031963	12.777457
228.400439	65.104874	11.979649	13.137527
226.699068	65.704235	12.100387	13.105327
225.062909	66.366062	11.933827	12.847053
222.463452	66.092399	12.295917	12.971371
220.889104	64.737659	11.847469	13.106205
218.902956	64.380254	12.091908	12.887368
217.410315	63.786269	11.818807	13.115396
215.344749	63.585728	12.355465	12.932545
213.848777	63.591587	11.910050	12.838002
212.128324	62.816452	12.053500	13.047712
210.298247	62.302195	11.947862	13.071480
208.649302	63.171328	11.977830	12.992814
207.052604	63.614027	11.955990	13.007215
205.013899	63.185156	11.919253	13.160743
202.710918	63.024398	12.132874	12.898787
200.923844	63.170347	11.966034	13.064105
199.473115	62.893801	11.938727	13.148538
197.703117	63.400692	12.178563	12.910967
195.975323	64.407396	12.031071	13.099916
194.133247	64.416377	12.020631	13.038142
192.727485	64.289171	12.212888	13.094056
190.925035	63.748312	12.016820	13.077602
189.113012	63.544332	12.102936	13.193012
187.298407	63.168225	11.903951	12.882630
185.146493	62.405300	12.022118	12.889813
183.334674	61.700371	12.122353	12.775455
181.655489	61.224781	12.071668	13.052969
180.506852	61.120663	11.932219	12.894283
179.037329	61.206978	12.024881	12.872683
177.062698	61.496132	11.850283	12.742945
175.290987	61.352294	11.872313	12.917008
173.409561	61.534388	12.053975	12.907190
171.911187	61.583677	11.989166	12.982529
169.880790	61.379154	12.146313	13.044038
167.301714	61.700329	12.214233	13.147868
165.382283	62.155262	11.956592	13.007768
163.579015	62.733568	12.317934	12.914907
161.737962	63.212432	12.034272	12.973266
160.419499	63.492919	11.983283	13.052836
159.552365	63.700066	12.182234	12.842743
157.663308	63.456393	12.178803	13.057102
155.331615	63.332951	12.103183	13.164984
153.365965	62.479086	11.933431	13.173970
151.795392	61.436410	12.193732	12.796487
150.709073	60.558166	12.121092	13.210528
149.932681	60.346759	12.233020	13.153307
149.659512	60.651337	12.089162	12.915032
149.366301	60.822860	11.979207	13.107490
149.535078	60.938335	11.566011	13.094211
148.895751	61.091784	11.905928	13.165451
148.778009	60.946500	11.904615	13.129003
149.114259	61.435521	11.950697	13.018039
149.348430	61.952401	12.100362	13.091818
149.731556	62.465739	12.131739	13.050133
149.600237	62.430798	12.074433	13.108573
149.856459	62.183113	12.142544	13.101333
150.765919	62.636021	12.235363	13.182446
150.923602	62.454034	12.220711	12.987217
150.945131	62.166193	12.087894	12.923718
151.454711	62.445399	11.889980	12.914723
151.326467	62.421490	11.957462	13.177152
151.611647	62.409825	12.205256	12.815212
152.045072	62.072651	11.929861	13.127336
152.141741	61.822890	11.951990	13.134368
151.696409	60.907046	11.958673	13.265083
152.139135	61.292061	12.015606	13.190035
152.101295	61.459507	12.205696	13.039538
152.340395	61.108495	11.948755	12.845043
152.319576	60.968101	11.904630	13.272572
152.403488	61.272932	11.880053	13.429620
152.263708	61.610760	12.027403	12.854402
152.982700	61.338286	12.082034	13.820402
153.317234	62.136497	12.014095	13.258083
153.220021	62.704830	12.212534	12.972514
153.188018	63.480314	12.015728	13.165204
153.358562	63.901640	12.259499	13.322078
153.700168	64.601496	12.089311	13.311387
153.975646	64.726436	12.039847	13.002260
154.757085	65.082186	11.781729	13.215773
154.841505	65.318906	12.115922	13.398467
155.496932	65.614598	12.090482	12.844850
156.710203	65.978176	12.560896	13.145014
157.465657	65.952319	13.064926	12.801367
158.054535	64.947409	13.336539	13.594312
158.093831	64.704356	11.862806	13.067498
155.957591	64.298979	12.083619	13.429538
154.797226	64.416973	11.785495	13.031391
154.313049	64.019392	12.066012	13.003125
154.086592	63.095041	12.019271	13.155915
153.960446	62.815894	12.107665	13.112555
153.931844	62.430696	12.027104	13.126809
153.326327	61.607569	12.022511	12.911536
152.522421	60.825982	11.945532	13.143286
151.116125	61.159782	11.967135	13.102269
150.324423	61.575844	12.139963	13.194937
149.453696	61.975982	12.001714	12.865558
149.270964	61.921023	12.159638	13.137612
148.627907	62.305790	11.951056	13.085742
148.076410	62.782722	11.993820	13.051808
148.012985	63.394895	11.982170	12.805118
147.846710	63.895611	11.995352	12.953403
147.427475	63.542714	12.077899	13.059967
147.244405	63.681512	12.163943	12.625231
147.532557	63.610450	11.917337	13.086626
147.607028	63.440050	12.117673	13.147428
147.050675	63.252696	12.264310	13.233997
147.214659	62.175074	11.905322	13.226027
147.067736	61.461363	12.082697	13.166899
145.630438	60.494448	12.090478	13.546198
145.014660	59.907849	12.022626	13.375645
144.212134	59.078432	12.209237	13.203816
143.217629	59.322978	12.288448	13.143196
142.195306	59.901971	12.038938	13.183795
140.661189	60.004211	12.066920	13.226335
139.334763	60.380264	11.956677	13.001347
138.403012	60.415390	12.197461	13.019038
136.686521	61.216117	12.055563	13.073823
134.430505	61.515369	11.944357	13.120998
132.211942	61.032016	11.873083	12.972211
129.991632	60.382820	12.136871	13.105813
127.826201	60.449340	12.023907	13.076191
125.593910	61.021529	12.096328	12.907097
124.263534	60.698372	12.108111	12.986703
122.888415	60.539045	12.277200	13.167314
121.187218	60.491390	11.904332	12.804073
118.911884	59.573032	12.055092	13.164224
117.935721	59.888939	11.970074	12.934413
117.286748	59.954803	11.876690	13.040428
115.809436	59.136451	11.983052	13.135826
114.452228	57.574171	12.069510	12.944925
113.075625	55.722461	12.086661	12.840586
111.554460	54.769606	11.954536	12.955259
110.378400	54.967640	12.055579	12.880991
109.242623	55.195466	11.861738	13.078258
108.222897	55.467665	11.800124	13.213601
106.761675	55.361163	11.982311	12.822552
106.079261	54.796734	12.123259	13.191301
104.983593	55.245950	12.001949	13.142869
104.069705	55.646844	12.036598	12.995938
103.619517	55.999422	12.006189	13.023134
102.788772	56.061655	12.071645	13.186477
101.832183	55.969178	12.054345	12.783390
101.763415	56.319911	12.050676	12.829850
101.862548	56.477818	11.964600	12.897956
101.568827	56.764336	12.075820	12.988708
101.328105	56.399323	11.909998	12.851860
100.890346	55.532917	11.859793	13.111366
100.035173	54.845146	11.974097	12.984446
99.266315	54.443914	12.107552	12.774716
98.297791	54.411880	11.996719	12.934663
97.436431	54.083973	11.883730	12.984361
96.630859	54.182103	11.863120	12.880173
95.158658	54.709866	12.034428	12.763992
94.538741	55.427937	11.993853	13.029087
93.450792	56.184796	12.038851	13.039238
91.941576	55.988427	12.028318	12.937371
90.107038	55.761210	12.094299	12.971515
88.137311	55.961434	11.975795	12.942248
86.997567	57.095037	12.001653	13.041843
85.461236	57.728925	11.885090	13.113275
83.622844	58.708143	12.135645	13.098153
81.649975	58.765145	12.116639	12.973422
80.213820	58.379154	12.033949	13.220743
79.356491	57.194474	12.011682	13.135120
78.395923	55.297639	11.959880	13.099443
77.738486	53.700613	11.846994	13.037242
76.850870	52.846038	12.194564	13.007892
77.143928	51.964338	11.929900	12.977600
77.048823	51.465048	11.985351	13.041455
77.099587	51.053653	12.093307	12.865010
77.307471	50.977423	12.033055	13.313561
77.755836	51.651899	12.310121	13.151123
78.923408	51.532054	12.183095	13.638942
80.003741	51.331971	12.333940	13.483044
81.250835	51.493351	11.948232	13.398788
82.168833	50.820074	11.943564	12.880893
84.077890	51.459095	11.950455	13.020824
84.646916	51.338114	12.027775	13.395625
85.316579	51.527276	12.943680	13.074527
87.403878	50.347883	12.189461	12.922059
88.987893	49.861637	12.180816	13.126861
89.878088	49.763971	11.801079	12.933563
90.219560	49.823571	12.105858	13.074291
90.486126	49.151194	11.948276	13.307094
91.063975	49.065829	12.148675	13.416695
92.151813	49.647137	12.061458	13.196775
92.615644	49.777111	12.164943	13.196965
93.276064	49.619476	12.026860	13.043207
93.513000	49.177702	12.301737	13.466753
94.153832	49.279247	11.959576	13.384803
95.470804	49.568591	11.879781	12.934895
96.035192	50.138845	12.037308	13.273481
97.351649	50.608141	11.633539	13.126541
97.496813	50.461874	11.797779	13.571773
98.062778	50.878152	11.339219	13.482149
97.886757	51.078038	11.913712	13.140900
98.299538	50.390813	11.110790	14.927083
98.403376	50.971321	11.677726	13.084618
98.891096	50.136268	11.651899	13.638649
99.037818	49.272305	11.922847	13.422293
99.532462	48.211362	12.056578	13.877135
100.231517	48.550529	12.066451	13.089919
100.474716	48.114943	11.885481	13.080078
100.916112	47.543742	11.860320	12.939869
101.166954	47.390105	12.040004	13.028563
101.527340	47.541493	11.883020	12.636372
102.173571	47.301633	11.903210	12.961625
102.476949	46.374913	12.212802	13.083734
103.513591	45.285970	11.841858	12.965290
104.506921	45.367605	11.909964	13.019062
104.999854	45.062809	12.172965	12.935692
105.538132	44.789766	11.997271	13.068726
106.751062	44.890579	11.975817	12.990306
109.130964	45.003766	11.931929	13.217687
111.553854	45.586222	11.935512	13.027636
114.006959	46.273305	11.932390	13.317313
116.828035	46.668990	11.677414	13.127160
118.313619	46.670005	11.996972	13.286302
120.848275	47.490269	11.621794	13.238558
123.899277	48.426592	12.261772	13.444964
127.933060	49.738572	12.158888	13.126014
131.924724	49.654444	11.798959	12.934580
136.125263	50.419546	11.885821	12.634891
138.296589	49.587688	12.062150	13.013949
141.178882	49.034066	12.188538	13.007141
144.127393	48.126305	11.962029	13.404385
146.415990	47.150057	12.090377	13.180867
148.043708	46.798279	11.937463	12.903260
149.768208	46.238621	11.919248	12.842087
151.267576	45.265007	11.882054	12.857166
152.457289	44.307476	12.175731	12.887117
154.305945	43.927478	11.849827	13.050061
155.117138	43.517259	12.036488	13.006832
156.589942	43.830940	11.893767	13.406737
157.833180	43.654437	11.963878	12.866141
159.863597	43.279084	12.192150	13.099880
162.272899	43.517542	11.721416	12.840424
165.135889	43.121165	12.051934	12.825885
167.164664	43.142040	12.646572	13.081383
171.245861	43.820165	11.766838	12.700449
174.304354	44.147543	11.967851	12.926555
177.819675	44.803326	11.857202	13.013265
181.703883	45.346933	11.935648	13.144182
185.773696	46.005286	11.647153	13.214035
189.661008	46.943186	11.889588	12.927154
193.437755	47.423814	12.130689	12.930827
197.721714	47.824689	11.850607	13.010706
202.431532	47.616967	11.893575	13.227187
206.703230	47.886593	11.904421	12.906678
210.656093	47.875097	12.173829	12.963047
215.282537	47.688401	12.288883	12.968439
219.516140	47.574185	12.143456	13.078109
223.281219	47.004812	12.023109	13.183523
226.196047	46.786212	12.107069	13.214687
228.438577	46.063698	12.201421	13.044202
230.803168	45.416440	12.113192	13.208519
233.564704	45.136585	12.179652	13.051580
236.168030	45.435416	11.846755	12.959401
238.944014	46.224754	11.947950	12.795518
241.139834	45.934199	12.042080	12.972531
244.932934	46.782790	11.713238	12.978626
247.764316	47.419141	12.076496	12.816645
250.618604	47.526492	11.974384	12.901228
254.060635	49.203149	12.071917	13.225779
257.075156	49.964662	12.235788	12.791896
259.842696	50.699052	11.896943	13.327485
261.938687	50.905358	12.077798	13.220343
264.581949	50.817471	12.050957	12.959313
266.476514	50.751643	12.304711	12.957356
270.060416	51.347995	11.821458	13.292546
272.911313	51.298231	12.110922	12.800239
274.764014	50.553087	12.424774	12.980260
276.552761	49.887645	12.143729	12.968141
278.741780	49.048684	11.792310	13.085671
280.590272	48.943238	11.992922	12.974246
282.656928	48.306114	11.728133	13.029549
284.111452	48.271624	11.958735	13.212888
286.105551	48.786203	12.294323	12.897802
289.340489	50.139510	11.901620	12.773666
290.662356	50.176147	12.446743	12.881576
292.080083	50.350668	12.610254	13.248872
294.497068	49.800598	11.477142	13.851575
295.235443	50.451590	11.983289	13.097461
297.043284	50.262628	11.866655	13.648869
298.788111	49.973951	11.434358	15.565200
293.000000	44.000000	26.000000	35.000000
294.343380	42.640426	25.555416	35.156327
294.514950	42.587788	25.811994	34.981211
295.629103	42.624090	25.948898	35.142512
296.667523	42.106288	26.230778	35.048076
298.063448	41.315399	25.902780	34.969832
298.820700	41.152261	25.848938	35.185628
298.512295	40.056537	25.729403	35.511292
299.042526	38.974851	26.007419	34.661179
300.130266	38.394813	26.066477	35.325002
302.184074	38.675406	25.590072	34.167278
302.688329	39.398236	25.718011	35.039108
303.265578	38.945022	25.961325	34.797813
304.308843	38.191317	25.477930	36.108635
306.702439	40.216733	25.636427	34.721245
306.575703	42.281896	27.271054	34.814341
310.966958	44.952666	26.797441	34.745703
313.519935	46.498672	26.193272	35.328861
315.248452	45.572114	26.375645	35.497224
317.951246	44.044426	25.932807	34.961724
320.726123	42.258225	26.019255	35.810167
322.630258	41.670281	26.155091	35.054360
325.030404	40.645737	26.199189	35.386630
326.097274	38.503800	25.609609	35.999721
324.814468	34.338235	26.312323	34.758121
326.460516	33.951391	24.977782	34.513637
327.728318	30.466635	24.236269	41.431371
328.969214	31.994393	26.599621	34.680380
330.170980	31.216326	26.086617	34.690815
329.062570	32.726469	25.592423	34.470299
328.033125	31.249270	25.961175	35.999068
326.218457	31.648604	25.998644	36.499791
324.170897	37.616526	26.059879	35.760738
322.647459	39.847139	26.111911	34.644873
321.956893	40.214697	25.619902	34.615234
320.926977	40.427325	25.492916	34.773668
318.537852	42.666142	26.308813	33.273420
316.753426	43.949945	25.902439	34.094114
318.095080	42.962435	25.624570	36.372547
311.616074	45.421198	25.690825	35.333365
307.180384	50.044921	24.675545	34.652029
304.782595	52.163613	24.872005	29.173453
302.589415	49.299491	25.956644	34.450011
300.112132	48.094953	25.813110	35.350356
299.532822	47.387209	26.012372	33.795374
298.635862	47.194889	25.957587	34.422310
297.036592	45.711456	26.634317	34.280206
295.828075	45.838279	26.165733	34.272673
295.005323	45.851804	25.641139	32.378702
289.976862	44.485047	25.513149	35.125752
288.054097	45.680080	25.866535	33.820162
286.078787	48.412185	27.338225	32.826051
283.203059	46.951561	26.383468	35.099483
280.154752	47.618313	25.271108	33.590299
275.165302	47.370110	26.744995	32.884984
275.077420	46.031530	26.589931	34.585688
271.913660	47.607708	25.493389	33.702296
267.699831	47.269930	26.485504	33.110252
267.156251	47.253883	26.866921	33.565014
264.778527	46.759913	26.206790	34.064640
265.375295	46.905870	26.761862	33.176061
263.871415	45.661555	26.636332	35.253008
261.085764	46.509380	26.015539	33.757290
257.776558	46.802913	26.719754	34.557266
255.583052	47.686345	25.987816	34.435233
253.960521	46.531498	26.602748	35.815158
250.151564	48.245393	26.562007	35.276888
247.332435	48.478977	25.994319	36.308927
246.864573	49.544024	27.254807	35.365851
248.351831	51.146094	26.484759	33.578888
247.289408	51.491723	27.132085	34.481633
245.636704	50.042683	27.156301	35.744603
247.214233	50.134235	26.384891	34.959949
247.508483	49.483771	26.056008	34.973422
244.862541	49.495297	27.573218	34.766825
243.306745	47.696251	28.800130	35.977765
239.153578	46.734956	21.550817	36.593598
237.220781	43.710311	25.937929	35.747604
237.695886	42.434130	25.599433	35.164923
237.834747	40.415301	26.027459	35.301966
242.465170	40.369495	25.959836	35.362302
247.212245	40.351174	26.553459	35.348634
246.305005	41.729239	27.013181	33.757791
244.043711	41.353741	26.697555	34.592647
242.261021	39.276087	26.594352	34.627863
239.914649	37.324655	26.223458	35.197126
235.689224	38.380488	25.987787	34.796379
232.974404	37.169171	26.132631	34.528014
230.031750	36.841416	26.135245	34.376553
226.022732	38.071960	26.655785	34.084291
221.970331	38.997692	26.710826	35.590570
217.357022	40.576928	26.349078	34.208620
211.876456	42.359357	26.280854	34.762216
206.615681	43.476562	26.386529	35.201906
201.323184	46.081057	26.055904	35.516466
197.164057	51.929292	26.139029	34.879444
193.016029	56.402349	27.329866	34.158917
181.798860	60.198236	28.246477	34.362710
172.815267	58.937809	26.690540	34.456387
164.907265	59.729070	25.675843	32.826487
151.408989	58.489067	26.745004	34.868728
142.217717	59.073649	26.214411	34.375671
133.480512	58.001686	26.242360	34.425557
137.837435	51.072439	24.338451	33.709326
137.746125	47.775490	27.343996	34.075196
124.127182	44.287441	26.899419	36.207232
116.732980	41.595751	26.352605	34.804726
107.083580	35.900395	26.762880	34.063002
102.001674	33.362532	25.157327	34.330913
96.686648	32.019168	26.104975	35.788675
92.396484	30.790561	25.048141	35.297248
88.463942	29.350951	26.946281	35.335371
86.222590	29.118164	26.097931	34.716520
84.028203	30.746961	26.205914	34.528184
83.132666	31.158104	25.739300	34.730239
83.624955	30.352663	25.821600	35.564715
82.286941	30.181577	26.514903	35.406912
82.201696	29.433734	25.818287	35.275434
81.368993	30.453881	25.631871	35.033665
80.819617	30.315324	26.300079	35.058014
79.973399	29.515047	25.897346	34.246833
79.776648	29.130745	26.022637	35.170911
79.270624	27.763253	25.958837	35.721875
79.834107	29.127139	25.737845	34.655483
79.392107	29.400308	26.309187	34.174807
78.558931	28.636423	24.443182	34.629312
74.760705	26.902247	24.997189	36.037981
67.140238	32.857085	23.982906	34.166062
51.809872	37.124898	27.876655	34.786915
44.100646	37.734564	26.967924	34.187869
39.918492	39.152498	25.501818	33.821465
36.448642	38.998180	25.916928	35.348385
31.112076	39.681688	25.931014	34.694136
25.678325	39.908492	26.593621	35.599470
20.764758	40.486911	25.412454	36.438432
14.131706	38.154672	24.878205	37.253938
