294.000000	135.000000	44.000000	171.000000
293.420529	133.423508	43.758273	173.300249
295.185498	133.764610	43.560806	171.270203
297.311209	133.911114	43.920003	169.076541
296.955797	134.323924	43.388691	170.019728
298.373188	137.039362	43.420306	172.199617
299.707806	129.948911	44.801514	176.492870
300.335128	133.603693	43.046228	170.039344
300.459614	135.286617	44.044358	172.505205
299.774556	132.335223	43.749676	173.782089
298.392942	130.473929	43.333262	170.031469
294.709066	136.951437	44.620548	173.111501
293.918259	135.034331	44.694426	170.044559
292.065023	137.530529	44.187178	172.067064
290.850241	134.239747	42.773805	172.938323
287.228189	136.591765	45.047900	170.295484
285.572449	134.873380	44.787855	172.842439
284.310551	136.037270	44.296952	173.145356
284.221294	141.989126	42.768569	164.194563
280.938499	139.086910	43.814358	171.102876
278.671769	139.227651	43.667254	175.107048
276.817215	142.487610	43.617777	167.824005
274.895952	136.817787	45.519026	175.999141
272.759413	140.450936	43.545291	167.162660
273.393556	137.587959	44.122705	167.824547
274.233509	143.643543	44.860558	169.017500
273.817773	139.166522	45.996545	173.056747
272.739435	145.120505	44.382670	167.393762
271.494184	140.540493	44.818745	171.737534
270.661211	143.766199	44.024994	172.074289
270.540282	144.731043	43.490352	175.989479
267.091110	143.084629	43.972143	175.058910
267.514892	146.945688	43.910630	166.494729
264.316122	145.799999	43.911900	174.575339
263.800589	149.769206	44.127212	171.681199
265.458461	149.891596	43.338251	171.882707
262.121442	150.966661	43.441523	171.326998
259.400503	153.921674	42.376524	163.794189
258.722886	151.711335	42.862052	165.530218
255.927161	152.280909	42.373073	162.493009
255.050771	151.899899	41.991114	163.185305
252.873215	150.682815	44.170269	167.552489
252.464593	147.569183	43.383612	169.690365
253.637474	150.746190	43.304528	165.961435
257.893761	151.127052	41.007780	161.954556
256.642533	150.873146	41.918857	167.554803
257.341608	148.252147	41.022220	165.505497
258.581042	155.105561	41.775794	163.607018
259.434626	151.431101	41.628561	156.147794
257.222313	152.623248	43.567256	158.729448
256.360137	148.051560	42.473313	161.399688
255.459643	155.432174	40.578916	160.591616
252.384690	154.028574	43.463941	162.865403
251.568915	150.212507	43.262917	157.943786
253.466416	146.240447	43.293580	168.909670
253.970487	151.918973	41.088998	161.223384
250.349757	148.921798	43.385230	167.795933
250.586285	148.056991	44.574297	157.956614
251.167595	141.812233	42.053749	168.280613
251.169585	137.973434	42.813804	179.269812
256.099123	141.665678	44.553495	168.315511
252.921939	136.624746	45.106600	169.606552
253.491225	138.981340	42.670934	162.132793
250.620749	138.077019	43.394769	162.234742
247.239083	137.578450	43.439209	164.543345
252.635711	135.718708	39.866478	162.440446
253.918748	132.498855	41.725239	167.697022
254.180980	136.943617	39.837698	163.673811
257.926533	136.859267	42.336978	160.116873
258.532638	133.959642	40.342958	155.945210
261.083752	135.661537	42.277947	160.729101
261.814604	135.885032	38.304848	159.806987
256.397416	127.519978	43.412651	166.256698
256.585147	125.855035	42.925004	164.765233
256.383922	127.269951	44.081931	170.113419
259.529936	128.273037	44.396892	171.179246
259.359789	129.282694	43.700966	166.855663
256.919214	129.730249	43.990733	168.415307
256.609977	130.186512	42.494040	168.822294
255.497972	129.391533	42.294501	169.024411
256.290294	127.409571	39.570198	171.184752
255.656841	127.488173	43.612707	167.121635
254.808993	131.035606	43.176761	167.168288
255.350694	132.446875	44.337795	169.541248
256.470593	130.239149	44.110904	171.880154
257.790014	130.147051	43.738910	168.302009
258.157899	130.311299	43.409468	170.157980
258.823773	129.476980	43.689063	173.898120
260.045827	124.862072	42.848903	171.362300
261.038040	124.944579	44.413893	170.008183
260.108880	125.830337	45.954011	176.181178
263.075751	125.800485	42.548098	172.191552
262.360351	128.585810	42.631716	165.935236
262.716659	131.640999	44.804101	166.788831
263.891233	132.923982	44.180925	167.774188
265.503029	127.757900	43.981080	169.036569
265.628413	126.190795	44.059218	169.115492
263.839705	128.665199	44.899693	169.694116
266.626560	125.290948	42.852495	170.506032
267.057586	127.449457	44.651179	172.593519
269.679896	129.332537	43.764223	170.052279
270.830097	127.554137	43.729026	169.021664
273.251987	126.061337	43.562699	173.025056
275.829566	129.397426	43.364259	169.551999
276.910675	129.232066	43.475285	165.403891
279.779097	131.332212	44.346916	167.887721
282.035482	133.021834	40.967544	156.295010
282.359774	134.639490	44.183076	178.996058
284.870984	138.954308	43.129565	171.447806
285.460595	141.434987	42.613907	177.107554
287.418692	151.739065	43.877625	165.158908
282.000000	136.000000	38.000000	154.000000
287.171856	138.671610	38.757879	154.549206
291.841485	135.718448	37.971264	155.619155
299.485948	137.771124	38.845226	155.067057
306.717440	140.244037	37.800447	152.640435
312.386010	142.008878	38.175776	154.796292
318.653905	137.081472	38.413499	161.053206
328.644007	141.105574	37.767751	153.509919
335.800954	140.417655	37.478727	153.303633
343.279004	142.432388	37.815916	153.716364
349.920297	140.604120	38.336614	154.528320
357.576975	146.046955	38.049745	149.040586
364.591489	139.932427	38.866053	153.744800
368.468726	137.076866	38.526641	151.246105
372.967206	134.514291	37.890954	153.304850
378.734034	135.824513	38.385850	156.401689
385.687485	135.650523	38.599676	155.727518
391.728141	136.592191	37.820963	154.019679
394.411586	134.013562	38.120295	154.067956
396.636791	133.438302	38.607106	155.373634
401.912981	138.362751	38.030181	154.049908
404.863899	139.157609	37.829837	153.279276
406.615035	141.683530	38.635294	155.816221
410.006931	148.243663	37.948277	148.879306
414.649573	145.728050	37.726566	153.638839
419.413908	144.511163	37.844901	153.213630
423.144639	131.821881	39.013499	155.071879
429.358760	140.367930	39.683785	152.062883
434.197096	135.876198	39.429519	156.606190
438.083810	133.822061	37.055511	157.212545
440.770214	140.816027	37.991754	150.929902
445.533878	139.571576	37.320747	151.494161
450.490299	136.907933	37.875736	152.778685
455.367171	136.568404	37.739622	150.394153
458.497211	141.560270	37.973239	153.469204
462.402947	140.233302	37.820164	152.701550
465.184942	138.395700	38.652898	154.610715
469.903341	140.053187	38.265628	153.440196
477.418604	139.596476	35.916544	153.034154
480.743722	139.021517	37.980177	158.785405
484.777583	137.502093	38.446441	155.434773
489.310668	140.190278	38.076318	153.310249
495.668499	139.785100	38.440952	151.426616
500.365435	137.614062	39.250255	157.742444
506.662847	138.750146	37.139407	150.757032
510.776537	138.336265	38.620892	157.084183
514.616140	140.268350	38.377395	159.151705
517.173141	140.199820	38.767880	155.957571
519.572143	140.707775	37.231096	153.971844
523.366444	140.761292	37.662257	158.067556
527.261923	139.625831	39.507734	157.106700
530.781042	140.023173	38.825682	155.425443
535.258290	140.223147	38.309430	156.101992
539.683988	147.737071	37.992418	152.402784
546.581522	148.278417	38.721319	153.826947
553.490560	144.559676	38.383636	153.992538
557.511493	139.377689	39.057037	154.365487
562.366759	144.146424	38.694210	151.936271
569.584809	140.499757	36.343211	155.424932
571.245070	142.311750	37.668569	158.007411
573.504356	142.752684	39.057740	153.765575
574.412077	144.649876	38.110358	149.612497
577.673052	141.550050	38.546001	154.720313
585.843590	150.261733	38.193912	151.924417
588.715181	142.537839	39.042326	157.235624
591.366787	143.418605	39.528497	159.451489
591.600130	143.088412	38.214188	154.815741
593.046556	146.330095	38.335714	152.346089
599.224611	146.175657	37.547360	150.970521
602.708419	153.321986	35.211245	150.523688
604.779423	152.996680	34.408738	146.863687
608.399606	141.790226	31.234895	160.588096
610.630658	146.664087	28.902020	157.085386
604.246869	148.396679	35.112256	159.208833
594.103175	136.966081	36.416613	167.663017
594.902380	154.574095	38.290027	162.945648
602.449652	169.314991	33.821702	155.638390
607.591286	147.248580	29.929345	169.762904
297.000000	151.000000	38.000000	158.000000
296.315215	149.815821	38.273528	158.185943
296.112566	154.899758	38.378116	159.000675
296.547850	156.287566	37.996523	157.351708
298.834632	156.936332	38.099453	158.889066
298.311376	163.433253	38.245332	159.827046
296.273492	160.422093	37.941622	159.184397
295.795303	165.351658	37.628313	156.629176
296.342719	159.714327	37.250655	159.258829
293.406588	161.109205	38.178595	157.236885
295.257149	162.475533	38.169638	152.970214
295.312456	156.900895	37.832869	155.563603
295.714662	155.359312	38.511277	156.712494
298.464613	156.663134	37.368654	153.653900
302.394543	154.844416	36.933500	153.394293
303.938590	154.603131	38.276726	150.693345
305.551429	150.545500	37.739369	162.279651
306.840812	153.838099	37.737378	157.484441
310.364058	158.785759	36.601164	154.345303
311.206331	151.421185	38.834024	157.921491
312.911773	147.073330	38.511807	161.618611
314.176776	148.165192	37.404762	158.370174
315.466835	151.140176	37.941367	158.259477
316.839379	148.578111	37.253233	150.988224
318.136479	153.936668	37.093803	155.273009
318.641596	156.150168	38.016436	152.543564
318.666488	152.659970	37.586270	156.555260
317.259926	150.349705	37.693845	155.248295
314.724381	150.620603	37.416208	159.012531
315.790162	154.627668	36.956495	156.611554
313.779715	156.546299	38.147552	155.370441
310.493710	152.482514	38.935499	158.715651
309.375165	155.344072	38.882943	157.988040
309.390652	151.083700	38.150828	160.027406
309.567096	152.731178	37.813912	155.423230
308.677917	155.106652	38.508413	153.767524
308.935553	152.060837	38.054908	158.740812
308.847300	152.935090	37.416763	155.476720
310.752122	151.913859	38.652315	158.076724
311.748096	156.600731	38.474752	153.320185
311.783127	151.300654	37.903966	159.141064
315.188090	160.088326	37.607668	149.607430
318.960108	157.992163	36.701197	156.826529
320.526040	162.363468	36.865666	154.463300
319.038125	159.465167	38.120015	159.760628
321.985254	154.787026	37.595196	154.246274
323.795019	155.995645	38.331560	154.668625
325.898620	157.028743	38.570315	156.080285
328.640715	160.454984	37.464369	156.019324
331.267625	158.909940	37.733226	154.080998
332.346144	160.324260	38.296533	152.554288
334.449186	160.363509	38.669999	156.494379
336.377446	155.440319	38.772505	160.235947
341.603343	159.724044	37.821037	159.130602
341.892154	163.006833	38.231439	155.766669
342.453129	162.725978	38.941643	155.597153
343.098561	162.647227	37.840452	153.872002
344.881519	160.601342	38.186892	157.800633
347.891089	161.766259	37.695827	155.979753
347.403645	156.687701	38.144300	159.752279
347.386076	162.104679	37.857757	153.918058
349.771941	160.333236	37.391484	156.194310
351.877837	163.691817	37.757248	158.218608
353.943095	163.082218	38.086846	153.739442
355.465555	159.742832	39.073918	155.959232
358.143571	165.037626	38.171271	151.650479
362.410282	157.896006	35.911203	160.513506
365.485803	162.487139	37.548003	155.683810
366.457423	158.662982	38.573598	156.004543
371.436536	159.603190	38.197166	157.391018
373.060203	161.614731	38.856853	156.294153
378.541211	161.886586	36.676993	149.851879
381.128900	159.234765	39.221738	155.819119
384.554063	161.826161	38.331122	157.199642
387.409169	161.092853	36.941087	155.131956
388.565586	160.791114	37.288039	160.908782
391.409266	162.519073	36.490423	155.234738
392.452098	157.165435	37.605476	159.082856
393.456050	165.244981	37.774548	153.062866
392.656001	160.484545	38.566899	159.789125
390.474339	164.136023	37.736588	153.671314
390.835239	167.306539	38.145737	155.383660
391.329101	167.581937	38.031983	156.315332
390.092209	166.075732	37.429466	161.945516
389.668513	173.454874	38.310212	153.415106
392.556295	168.329910	37.461691	161.191801
395.560331	171.975262	38.104213	157.316655
397.975738	174.209713	37.870332	151.611216
396.610905	177.642788	36.915561	146.565455
397.382637	176.155325	38.347863	140.714687
404.669904	179.022066	36.098914	139.028863
414.456493	173.581584	37.055401	153.410325
418.597984	170.172887	36.731144	155.826646
420.976930	168.499871	39.360879	159.270279
422.789507	164.910093	39.192301	159.134263
425.084335	162.953731	36.653994	158.114668
426.549942	159.655094	38.073517	159.312078
429.448464	161.697883	38.051832	154.099207
431.438359	161.719112	38.229243	158.141969
431.524474	159.093804	37.974799	154.343179
433.849962	161.473490	37.699931	156.069740
434.022118	159.705434	37.499260	157.868515
432.336324	158.572853	37.722782	158.348679
431.177709	157.416874	38.660578	163.895228
430.342034	158.048725	38.205203	158.142509
428.694273	162.405045	37.884439	157.833744
427.716351	162.592857	38.953070	157.707705
427.796125	157.750433	36.329624	161.775841
423.917613	160.547726	39.266509	162.603179
419.911159	162.710993	38.684109	160.507248
419.423558	166.053865	37.300601	155.578367
417.094494	159.442595	37.908517	161.217061
410.981011	158.006311	40.315753	160.965490
407.915920	158.778822	37.479121	160.271634
405.080124	159.765045	38.511283	159.160922
401.940541	160.766989	38.165921	158.880574
398.542563	164.247723	36.640258	155.138785
394.920341	159.006236	37.786592	159.416732
394.988820	163.472561	38.265298	157.757042
394.553990	159.741192	37.780151	158.101406
393.634871	163.005036	37.384192	159.506171
391.356168	162.318473	38.012020	157.037520
393.227576	161.681421	37.237547	154.518430
395.025422	163.877172	37.934205	157.408436
395.691708	165.908531	38.339996	155.063121
396.471762	159.387717	37.810759	158.791972
397.717164	155.486938	38.356813	156.391832
398.310705	154.556619	37.687997	158.841825
398.509903	153.949400	37.694626	157.753262
398.993845	155.318409	37.886495	159.646927
399.348495	156.193471	37.914521	155.092551
399.427592	158.330096	38.103793	156.203457
398.244783	157.916603	38.450843	157.075972
398.402944	152.208007	37.224941	161.345352
398.932142	156.089821	37.380913	158.964460
400.861939	157.174339	38.844959	156.122132
400.149077	155.169574	39.169099	157.274922
400.043733	153.221156	38.223035	158.556682
398.928202	152.886641	38.439765	157.467724
400.946533	157.192106	38.635769	158.436984
401.507004	156.375188	37.656606	157.607257
400.742748	149.487520	38.005095	163.902179
400.105268	153.182996	38.436329	158.981039
402.111397	159.545812	37.734473	151.230716
403.876560	160.152560	36.788798	158.236336
403.979078	154.092458	38.585223	159.626699
404.013909	157.893969	38.226249	156.626823
404.856506	153.542192	38.032196	158.508316
407.435031	153.761673	38.625662	154.980338
407.460895	156.028009	37.352123	153.821993
407.345698	150.716340	37.809950	157.008375
409.216753	150.647181	38.070724	159.028273
410.555568	154.318651	37.790905	158.930513
410.801476	153.894175	38.307658	157.975901
411.910416	151.198683	37.158997	159.308076
412.181720	149.816075	37.868135	156.350759
410.257057	147.662290	38.838591	156.682213
408.687951	151.315678	37.808892	157.339033
408.185369	150.756236	38.154771	157.340326
405.580677	148.554778	38.405886	160.291846
404.713182	144.069230	38.568474	160.913757
402.330799	141.865316	37.699318	158.907214
396.764179	144.355323	39.006598	156.208967
395.444949	147.557321	38.052325	158.070625
392.216914	148.607854	37.498741	154.315243
387.862946	145.161003	37.474080	158.875906
385.965304	144.930941	37.794239	155.903005
383.934901	145.286471	38.267190	159.292809
382.415801	140.728562	36.984389	159.059618
377.641721	143.033234	38.487976	160.893294
376.010950	142.363617	38.627434	155.348980
373.688390	140.378427	38.724112	160.543358
371.887881	141.221525	37.290110	156.457552
370.291375	140.639671	38.294311	156.908446
369.422312	141.460540	37.729265	159.295326
367.757510	138.957176	38.293647	155.219636
366.795120	135.608956	38.081094	159.030113
366.454239	139.442372	37.607430	156.846587
365.378480	136.199728	37.907679	155.710495
366.144396	133.278074	37.956668	161.098540
365.006230	135.304529	38.582634	160.144297
363.274148	132.218460	38.340654	157.049880
362.747787	125.954071	37.263616	158.128413
362.855309	128.978344	37.394540	156.239337
361.479678	124.648577	37.500202	159.408350
359.841484	123.310098	38.378127	158.558324
358.665290	124.341570	38.620909	158.995865
358.074221	128.486981	38.657926	157.381647
357.645213	121.500787	37.484300	160.708165
354.406120	124.096533	37.844556	160.897518
352.965755	125.196416	39.070158	157.223421
352.388686	124.971414	38.111347	156.697167
351.969965	121.325106	36.892541	161.338382
350.916649	119.116178	37.831986	159.015045
351.171033	122.765311	38.465264	156.288326
351.573301	121.302530	38.145809	160.387759
352.265686	123.812412	37.882872	161.790510
351.524984	123.436848	38.691485	155.157775
348.982379	124.322634	37.144447	162.664335
347.151105	129.772947	37.389373	156.481832
345.812195	131.897902	37.636680	157.693880
343.391098	130.137231	38.228579	159.762524
341.285656	130.574193	38.147322	158.048692
339.920885	135.528012	37.903844	153.725724
338.670171	133.545356	38.341730	157.618025
337.927788	133.016058	37.274174	159.097217
334.484299	132.777301	37.492441	157.543024
332.597003	128.398683	37.546714	154.536159
330.954667	128.095627	37.935166	159.308128
327.463244	129.938396	38.109508	159.625138
324.280382	132.504212	38.064708	158.145983
320.201473	134.177473	38.104464	158.735344
315.468502	129.207107	38.529012	160.460664
313.907391	129.898918	37.596869	158.750581
311.759214	129.310948	35.928781	159.461696
309.675065	132.584926	37.402565	157.529977
306.285985	135.349750	39.064195	153.994409
303.539087	130.807951	38.335835	156.235559
301.446617	135.547961	37.729461	154.943035
299.631141	131.675144	38.446963	157.873354
296.860555	137.626842	38.149499	154.260715
295.279938	137.184232	38.575705	157.743212
295.521617	138.476537	38.034814	155.373520
295.119217	134.549799	37.509956	154.958974
294.334226	130.049617	37.439440	160.524136
294.421148	135.982718	38.132539	159.621183
289.692915	137.110227	38.250264	158.790730
287.644195	138.947423	38.375808	161.286482
284.337539	137.844545	37.442109	156.069150
284.436490	137.834301	38.389930	155.431577
287.043118	142.958933	38.101257	156.351082
284.850955	140.467677	37.676163	156.046949
284.883448	140.239774	38.689397	160.827575
285.379410	142.330235	37.450729	156.057779
281.503476	138.480818	37.977328	162.433406
281.969270	138.421262	38.403812	158.749755
281.832727	140.139590	36.809142	154.976453
278.702867	142.048273	38.792610	159.808813
277.399639	146.392924	37.116755	157.183900
275.040958	141.118754	37.124516	159.708326
273.346235	139.918126	38.182325	156.827243
273.245076	140.783817	37.734632	154.485392
269.888167	141.086506	38.065610	157.583294
268.002236	146.572382	37.150675	153.974515
266.855544	147.845264	37.636119	153.656154
265.578668	145.650845	37.338464	155.599519
263.852545	147.561502	38.061510	159.562235
261.220545	147.621847	38.569513	160.098162
262.320212	144.846143	37.849225	158.645051
261.402665	152.349384	38.965562	157.049811
262.231762	148.402083	37.773146	158.864749
263.012137	149.703516	37.101986	151.879856
262.967302	152.367545	38.699823	157.679563
263.747202	148.853455	37.730549	158.453328
265.029304	152.057154	38.478343	155.873177
265.585006	151.960587	37.602245	155.888201
266.896386	150.687714	37.115952	158.619651
268.778407	153.883293	36.163099	150.081609
268.359398	151.785920	37.523314	156.716076
269.877804	147.582849	39.064323	158.556015
271.808119	149.331662	38.037775	154.432640
272.983658	140.710840	38.371346	156.125482
276.175059	141.396441	37.341409	155.442298
278.482716	143.641280	38.101693	159.032475
280.527878	148.459726	37.718455	156.759751
282.731543	150.674657	38.500021	156.814692
284.909170	150.089801	38.128821	158.977514
283.809231	153.613122	38.433014	152.531578
283.087396	152.666326	38.280109	153.047404
283.085760	156.032908	37.622261	152.347077
281.768147	157.483669	37.438277	153.317084
278.857193	157.872233	36.248026	160.585877
277.645756	158.960506	36.808438	158.174553
274.882121	153.980833	38.246437	161.803674
272.847184	155.206040	37.794006	160.923481
269.759066	149.158898	37.539343	159.867889
268.437021	149.856692	37.151488	156.849473
267.854388	149.648723	37.919189	156.019788
264.438751	144.851640	37.325699	160.502278
261.053249	144.135824	37.948281	155.273101
260.864478	141.880169	37.787617	156.781288
260.427505	148.329680	37.935374	155.414925
260.778093	150.206074	37.530336	155.290113
260.764622	149.161450	37.168893	160.818532
259.666013	148.240011	38.742972	158.298501
260.021926	155.132701	38.722997	157.962221
260.629106	154.177592	38.514814	158.401193
261.492786	157.605742	37.994676	155.042629
262.833347	157.229401	38.302440	156.564140
261.860108	159.106572	39.022397	157.444782
264.578138	162.639807	37.771947	155.946793
266.206276	162.374202	38.096259	158.737619
265.082717	162.881935	38.042291	157.173273
264.106652	160.250887	37.466452	158.029360
265.089476	160.106734	37.505349	158.089253
263.219641	157.598932	38.797248	160.717982
261.183005	161.999870	39.046248	154.976590
260.382701	159.869144	36.884317	155.391314
258.902843	155.755683	38.014487	160.977328
258.232586	153.404532	37.788176	160.858305
256.495928	149.407832	38.117672	164.721813
254.008877	147.350037	38.513191	157.387267
253.937689	149.457868	37.649449	153.708428
249.977550	144.895603	38.057017	158.847279
248.516080	145.384914	38.147689	157.694391
246.004318	143.572387	37.598199	158.843253
244.663190	145.330402	37.682079	154.477458
242.828363	135.236368	38.518558	159.671679
242.018168	134.788764	36.930337	159.662240
241.988432	134.092729	38.169936	158.166744
244.400310	137.002707	37.147860	156.837500
244.306345	138.755787	38.861335	157.093744
244.855319	139.385491	37.461987	156.244689
246.009000	135.363150	37.366862	159.589250
246.177753	135.559258	38.155845	154.402454
247.094183	130.312924	38.906797	160.831986
248.950015	131.733583	37.830940	158.358553
250.642343	132.963487	36.973790	159.023929
250.891156	138.243700	37.643469	155.293361
251.821822	131.065202	38.073376	159.918806
252.663412	131.282046	38.820454	157.279546
252.270837	122.903168	37.896367	157.288087
253.467370	118.914053	37.961502	158.277318
256.408820	118.536519	38.475426	159.114195
256.951794	120.975973	37.633139	158.765104
256.069163	121.282983	37.567999	157.100922
254.170947	113.958671	39.067465	158.542043
253.952270	105.102705	38.378236	157.710696
255.233264	111.247980	38.084853	156.096815
255.885220	110.504137	37.209735	156.401777
254.937522	107.487412	37.412507	155.938097
255.169916	112.242298	37.574307	151.863927
253.643978	105.870264	37.159593	158.451345
255.491363	109.466194	37.718818	158.307651
257.223059	107.264949	37.634949	160.212623
256.549935	108.378929	37.215291	154.839749
254.340892	105.677489	37.490273	157.792608
254.611772	108.848891	37.852845	156.582572
252.417155	106.198143	37.966691	158.901992
255.032771	103.827902	37.340564	162.448770
253.570695	107.043806	36.874948	156.812120
251.927482	104.587554	38.044963	161.169105
253.317753	107.423468	38.008648	157.117025
252.188112	101.704177	37.415742	154.405365
252.783271	97.719115	37.693524	157.138051
252.098107	98.161373	38.029231	154.888209
251.485465	90.727055	37.975172	158.101879
250.363394	92.222140	37.601061	155.624732
251.140705	89.357170	37.742032	156.995651
250.037093	86.786376	36.901749	157.475595
247.182894	85.935488	38.081913	155.207871
246.475401	80.954466	37.626522	161.249266
244.575935	79.184805	39.202705	157.754668
242.707855	77.172096	39.016448	158.112724
240.888017	76.410790	38.562885	157.582044
237.538407	76.334380	38.126726	156.785017
236.086389	77.137627	37.975429	156.945236
235.573390	76.026315	38.434160	159.035568
235.681895	78.687024	37.076092	154.445906
234.638691	76.755358	36.791601	162.562218
234.455182	76.530093	38.583303	157.224789
235.664706	70.316446	36.930733	160.133833
234.831914	72.371694	38.437640	156.605561
233.602333	70.126317	38.185565	157.306990
233.062560	67.582104	38.190755	159.351645
233.323734	64.867718	37.800610	159.281231
233.552447	60.419751	37.284694	159.351053
232.211849	61.771796	38.397413	158.623487
231.296667	58.306306	38.082063	155.164632
228.345825	55.388516	38.605327	156.669797
228.927853	52.011311	38.491983	155.374451
230.288023	51.072621	37.700627	164.077862
230.281103	52.646185	38.391829	157.709393
230.234825	47.437754	37.783679	161.107480
227.752542	50.536231	38.673638	158.248588
225.058487	43.698115	38.805419	160.310407
222.913444	46.212403	38.174822	152.239532
221.462871	43.402272	38.667860	158.538200
222.903143	45.318872	37.985633	154.509226
222.577967	44.815800	38.221408	155.978435
219.653430	46.910363	38.299807	162.471529
219.173228	45.539071	38.241853	159.257540
219.017814	43.015529	38.088072	158.256117
219.878290	40.647598	37.846323	159.533994
219.385865	40.916213	38.249215	156.768555
219.279094	32.908259	38.289312	158.386888
218.217001	34.130043	37.065422	156.979009
217.830218	33.286332	39.049356	160.949120
218.767723	31.861690	37.750618	158.727048
219.829055	34.309635	38.101001	155.820320
218.733275	35.025805	38.009973	155.223605
218.711808	28.414668	38.329827	155.802887
220.186617	26.295355	38.726757	160.387424
219.503662	29.260746	37.843500	154.930260
220.486921	25.703837	37.347510	159.859472
220.064506	24.058514	37.297260	155.046157
217.822236	22.335777	37.494113	157.657540
218.472325	22.166456	37.627589	154.895846
218.497558	24.913113	37.894071	153.936904
219.648531	25.028689	37.639567	156.528184
217.957387	21.980431	39.290796	157.573972
220.887292	26.522920	38.036138	158.111202
222.115927	28.979690	38.157613	157.032621
222.659337	23.432491	38.064200	158.792903
223.417320	34.049045	37.471602	157.007662
222.414909	33.851021	38.222289	159.063285
220.062309	28.749842	37.593390	160.344105
221.022219	27.089825	36.648130	158.667777
220.946362	25.421763	38.272767	158.184672
219.789100	20.344764	38.119546	160.896820
218.274956	19.559017	38.587291	157.703692
220.860270	19.810502	37.443995	156.663024
220.802500	17.357394	37.402007	160.770783
218.237887	17.995956	38.493258	158.064029
219.274643	19.542347	38.007492	157.526573
222.255355	22.184495	36.741764	155.312096
220.856774	20.825114	38.572303	158.969753
221.616128	16.355960	37.840223	160.060423
221.760873	21.911008	37.139330	157.293067
223.226853	29.887492	36.996392	157.017477
224.547520	28.159292	38.251807	159.236477
225.992121	31.032335	38.606602	159.967350
225.294626	40.515127	37.486235	155.652921
227.703815	42.549006	37.302692	153.387350
228.256720	42.641477	36.486668	155.534331
228.249487	46.090214	37.696986	158.920246
230.936241	49.500852	37.539784	158.893051
231.193127	49.764882	38.366974	157.514484
229.779388	50.933840	37.865692	159.351713
232.306443	51.296158	38.496989	156.287731
237.859474	54.246854	36.862423	155.194898
239.178364	53.992579	37.399898	152.325075
240.727823	53.240876	36.431111	150.888234
241.638532	53.146978	36.929413	156.193446
243.601746	56.910652	37.285491	150.913469
243.004385	50.201860	38.567112	154.626745
246.098254	49.558939	37.500105	157.901436
248.064958	48.283840	37.310914	158.051426
250.868287	49.269163	38.340376	150.309603
250.878636	47.492606	37.932353	154.289941
251.100589	49.701121	38.755702	152.074424
252.197664	49.106966	37.340629	156.249235
254.297328	53.092663	36.237935	151.352649
255.256143	54.566554	36.709068	159.759416
257.908735	54.721818	36.413178	160.891828
255.191589	53.716395	37.002842	155.956726
253.220973	52.150108	38.685864	160.565838
255.298978	54.229010	38.169311	157.107369
259.180803	50.755138	37.480267	157.630783
260.410569	47.824725	37.550862	156.213884
258.568311	44.203121	39.161958	158.636781
260.251816	45.081664	36.977167	155.700742
260.939513	43.671459	37.794331	156.758309
263.047923	44.593934	37.543212	156.510680
264.651899	38.183988	38.227233	159.618841
265.437616	32.489714	37.731860	160.867900
266.736499	39.739725	37.726926	155.858848
267.092914	38.845213	38.096313	158.219510
271.609281	38.232584	38.044383	156.286988
275.476058	36.524089	38.174193	156.759696
276.463988	35.945600	38.815806	158.326141
276.885692	31.253221	38.387252	158.195063
278.993812	32.154598	37.982908	157.237633
281.632635	36.304531	39.141051	158.036527
284.479435	36.931631	37.196033	155.528454
285.763072	36.446581	39.034529	155.833832
288.007968	37.137876	38.386121	158.222410
290.737156	36.114712	38.074298	160.031742
291.752802	35.662984	38.319734	157.479953
293.996408	36.763035	38.418294	158.091648
295.874307	33.837948	38.447864	156.472280
296.930455	35.519659	37.924707	154.266050
297.304842	30.122544	38.121370	160.300173
299.074713	32.730820	38.591772	157.795719
299.417601	35.954249	37.847461	158.337208
298.748512	34.155642	37.410527	153.904253
300.045127	35.525089	37.102299	153.496906
300.505580	32.185734	38.436149	153.945360
303.598255	33.398897	36.858432	157.334274
304.963147	33.125965	37.063019	158.733643
305.415201	35.114921	37.401401	157.904650
306.815721	36.196682	37.854640	158.784069
308.409550	35.247258	36.964799	158.023026
308.634490	36.071379	38.517360	155.990463
311.187845	41.202871	38.561153	157.273332
310.631029	36.719868	38.776649	160.062161
309.969749	32.164342	37.687016	154.965199
311.899506	34.856753	38.004975	156.723602
314.349467	29.044432	39.082634	158.400420
316.253619	29.058639	38.115183	156.014217
318.849765	30.662501	38.330748	152.211599
319.721751	28.117070	37.590359	158.689125
320.493469	26.842234	37.447260	157.992777
320.150702	31.329014	38.246480	156.945729
317.886274	26.476980	37.605608	160.831748
314.828476	26.478654	37.782973	153.711457
313.323474	24.732326	37.474626	158.873543
312.342890	23.733512	38.015026	156.737950
314.524824	23.474420	36.894044	160.807892
316.241505	34.395085	37.438214	155.668882
319.331134	37.720893	38.542047	157.645276
319.048684	39.902043	38.029400	158.919038
320.483002	45.565471	38.298423	158.768056
321.689023	44.506284	38.864774	160.702324
324.058890	45.869928	38.467820	155.498996
326.899599	41.226858	37.955824	158.549713
329.206428	38.517856	37.575638	158.420157
332.974148	38.278488	38.305553	153.488903
337.482542	35.637655	37.964997	162.202969
340.335790	39.112970	37.444888	154.229597
341.706021	38.238483	38.254908	158.400709
343.100332	33.622836	37.564083	158.861101
341.492637	32.958945	38.111971	155.645425
342.639131	32.422487	37.476705	159.517290
343.705009	34.023475	37.076446	152.491724
343.951056	35.950687	38.236578	156.130775
342.940791	30.299268	38.305263	158.281578
344.373360	30.794387	37.896882	160.291911
344.286378	32.908833	38.729643	158.429236
345.677162	32.363195	38.099151	156.898280
347.005550	38.751515	37.738287	157.178695
346.098835	42.138080	38.596007	158.212256
345.800802	39.179552	38.615511	157.502041
346.432472	39.695748	38.710793	158.874436
347.663948	43.870580	39.571279	157.027709
350.669339	32.093746	39.127198	160.651013
351.952058	28.078032	36.958937	160.272110
353.039631	30.079810	37.509285	158.636048
352.259506	23.495211	37.090195	157.312289
352.599475	17.669616	37.243699	158.331537
353.342930	17.755000	37.085200	156.722221
355.001605	15.024504	37.277034	156.285636
354.079261	12.788109	37.337837	153.760205
353.257116	13.674895	37.803257	156.677768
354.894217	13.411074	37.548927	154.010354
356.664091	13.045525	37.467503	158.293245
360.820885	11.862720	37.946774	153.896482
362.547477	12.040366	38.519333	160.691506
360.429585	10.135739	38.220192	162.020689
362.477776	9.604960	36.804531	159.245256
362.345808	13.487904	37.677691	156.137506
361.768316	12.990818	37.818751	160.062051
361.710737	13.950770	36.678615	157.723143
360.291976	11.576798	37.801733	157.517460
361.153027	10.827309	36.704506	159.624735
361.424363	14.951405	37.779679	160.210324
359.962498	16.514829	37.717853	156.444329
361.420085	14.784148	37.237916	158.364578
360.235491	14.273596	37.844931	160.620202
360.953751	15.608068	38.252645	157.285887
360.112673	12.979767	37.763931	157.917352
358.941331	18.643487	38.161076	158.831448
359.680896	18.493496	37.955383	159.397244
359.701175	19.076016	38.236534	161.759351
360.902239	18.467666	37.178241	157.744133
361.754465	24.583148	37.844697	157.296623
362.730750	24.390443	38.008471	155.470883
362.421811	22.551069	38.310234	159.687083
361.637310	22.158135	38.029633	158.196625
360.632671	23.004474	38.208930	157.505228
360.795097	21.543146	37.757551	160.570647
361.846479	26.761343	37.743553	157.411337
362.150709	25.987599	37.847989	157.344194
361.379070	24.254075	36.892853	158.399190
360.546949	24.397130	38.301046	157.085350
359.877919	27.363296	38.348054	158.483593
360.216211	27.346083	38.389102	158.116041
361.862418	22.819207	37.977002	160.808419
364.353725	27.966046	36.939968	159.114172
362.076757	29.065439	38.043565	154.878300
361.615285	30.752183	37.445294	157.791841
361.202093	22.545289	36.986775	159.096148
361.201598	25.749877	37.412692	161.544472
361.339982	28.003176	38.153339	160.554257
360.690094	29.113934	37.446860	156.185315
359.046876	31.527432	38.649561	157.620318
360.441540	26.398618	37.760284	160.315458
359.218577	29.506755	37.271623	158.158637
357.738128	27.531995	37.555629	158.507580
357.355427	30.572844	37.261777	157.752104
358.309757	30.835552	37.406521	158.858623
356.638644	30.805148	37.997058	155.031718
356.396466	32.384952	38.813706	158.126058
354.945139	38.410134	38.631564	156.295729
354.790153	34.380218	36.974056	156.418819
353.483427	31.526926	37.993640	158.194709
350.286667	30.758278	37.428651	157.447159
348.479839	28.930325	38.040922	158.316828
347.489646	26.079951	38.166115	161.742602
347.625090	29.557472	37.683366	158.498180
345.336315	25.923432	37.174211	157.526245
343.832492	28.583053	38.758550	158.107960
344.699947	26.593300	38.204267	158.261616
343.524541	29.537364	37.459001	155.202922
341.956859	28.318095	37.941771	160.386256
341.837385	28.167884	37.424175	156.976458
339.413043	28.895262	37.830310	157.840364
335.953582	24.607168	38.098077	154.862724
332.009281	21.297422	38.037316	158.017701
331.555204	21.332592	37.727896	153.252112
331.163962	20.599391	37.062381	153.734507
330.239846	20.281136	37.970567	157.523120
329.080978	20.228707	38.378605	156.184075
327.802739	18.161328	36.817817	157.658165
325.996677	18.355414	37.164016	155.689808
323.038232	21.456536	38.233593	153.827746
321.461137	16.651819	37.365336	154.872965
317.503846	13.107910	38.216847	156.104705
317.099023	13.646994	37.412459	155.501123
317.175339	17.460242	37.397249	159.133978
316.532246	22.435636	38.351319	153.417860
316.478499	18.445934	37.477312	157.241063
316.564867	15.696747	37.665028	159.289574
311.483006	13.026957	38.385219	159.766212
310.804453	18.429152	37.791472	157.000960
307.821880	16.742516	37.925288	155.459271
305.680709	19.645676	37.557504	152.879117
303.654410	18.734768	38.439567	156.868186
303.835000	21.739408	37.928155	157.474177
302.247249	18.252149	37.519792	156.157378
302.342622	22.779862	36.959338	159.287031
300.104192	23.733911	37.234582	157.986913
297.967496	23.630472	38.067166	157.534205
295.090947	26.150324	38.101825	159.193685
292.722379	20.833852	38.537666	158.185167
293.000425	21.573281	37.092163	153.298021
291.765771	21.774852	37.434460	156.262967
291.164226	27.544697	37.478958	154.935713
287.974454	25.040754	38.901009	157.107006
285.737307	24.896694	37.690721	156.533841
283.607837	23.524696	38.546822	157.234261
282.592499	23.127961	38.398421	157.073770
281.624944	25.952569	37.707259	157.680669
280.682920	25.362893	37.501142	159.097624
279.257512	26.346796	37.953908	156.868248
279.922566	28.000890	37.736633	158.822802
278.807556	29.627106	37.919003	156.010802
279.181888	28.413446	38.344219	158.953276
279.205424	29.076186	38.069178	158.073072
278.426161	30.227692	38.133649	156.444299
278.053971	32.918254	38.387743	155.707344
279.889821	33.060205	37.569719	158.345755
280.500297	35.455654	36.193250	157.018269
279.373525	40.751009	37.219511	158.689098
280.182950	36.243824	37.714370	160.040245
283.255004	38.343601	38.461250	151.604805
281.501487	40.879365	37.774946	156.548394
280.923123	44.392737	36.083354	147.847471
280.180238	44.826676	37.270239	151.458938
280.102600	48.346341	37.757051	152.008199
280.922617	46.023817	36.360074	150.926595
280.002521	46.298266	36.908817	153.716999
281.638275	47.447363	37.339732	150.724755
280.319178	48.520486	36.872253	147.849051
278.015246	46.852717	36.888100	153.099240
278.378407	42.982706	37.542599	154.266667
279.794592	41.383953	37.021695	157.571502
280.002431	40.071642	36.952339	151.882508
279.650597	38.762104	37.253053	153.757081
277.189479	32.773649	37.850768	158.344590
276.411343	35.058475	37.956301	154.649136
278.016035	29.980849	38.169938	156.175664
283.384284	28.802350	35.371895	163.950299
285.823744	37.438607	38.764676	157.440864
285.862685	41.230328	37.640519	158.018062
288.176972	37.984639	37.303671	156.727865
291.574524	37.451244	37.860624	156.138467
294.203222	43.562861	37.886488	152.677960
295.142001	41.008911	38.783665	150.587295
297.680887	38.819462	38.109727	153.617405
300.328174	40.683760	37.555879	151.589264
303.547911	39.308544	36.433453	152.899728
304.532929	41.567085	38.702075	151.717019
306.747681	40.505847	36.781833	152.026287
309.180318	43.729184	37.961416	146.929642
310.996017	39.919716	36.714466	154.756860
312.612516	39.977584	36.304961	154.296633
314.245365	39.136705	38.636331	152.879965
315.182107	40.630486	37.874826	151.092237
316.543132	39.861170	37.605944	156.174191
318.783564	36.879534	38.166578	158.699303
319.961759	37.750123	38.874545	153.002458
321.878342	37.642130	39.163077	156.089856
323.835383	37.125592	37.770423	158.443264
323.702865	39.309046	38.524578	156.053934
325.713682	35.204287	38.227793	155.946271
324.813777	35.160889	38.799152	154.376468
326.547658	31.155635	38.074124	159.665125
328.292610	31.102575	38.455477	158.317512
329.512525	32.767121	37.659293	157.501793
330.214447	35.003903	38.910732	157.968461
331.308053	35.752816	39.179117	158.470488
334.190554	37.887950	37.395639	156.291769
334.940197	39.826476	37.918674	154.782065
333.747851	34.772134	37.372126	155.952074
330.811090	33.966064	38.007623	155.421801
330.541853	35.376599	38.337283	157.634396
331.966934	29.592537	38.080749	159.582923
334.320531	35.748579	36.298842	154.844390
337.596485	37.560981	36.336415	154.104543
339.719949	42.111592	37.250255	156.087933
343.408434	45.574954	37.295589	150.719074
341.680058	46.030024	37.905848	151.518669
346.415732	45.188902	38.645162	154.337049
346.544271	37.660524	38.722227	159.514192
348.071049	47.118448	38.052951	150.184001
351.363510	44.873725	37.095476	152.060229
353.195046	37.188696	36.239291	152.074965
355.406233	40.084533	37.046236	147.515903
358.689022	37.452849	37.293591	151.431790
361.527289	49.235527	37.077494	144.462439
364.490250	46.661240	37.690609	151.802739
371.356616	37.388987	35.618485	146.245357
372.784238	39.590401	34.934898	141.746102
374.372744	43.178262	36.235952	149.301080
373.888592	39.699576	37.737761	154.118621
375.982464	44.255106	37.936458	144.873690
377.920336	38.698058	38.038940	156.273665
380.889936	40.410239	37.058706	159.026870
385.340093	36.070371	37.464448	155.707124
386.461327	36.163624	38.847039	158.464245
390.269887	43.535136	37.720084	156.570881
389.547699	44.776614	38.168436	151.901000
392.560082	43.267587	36.837154	155.457596
392.150673	41.291222	37.936541	155.573206
392.281470	43.242683	38.062800	153.857847
393.250651	41.153237	36.563159	153.305130
392.518812	36.123652	37.444926	157.455186
393.898931	40.768989	37.075303	154.888690
394.022381	46.106320	39.156218	155.443168
392.796088	44.652273	38.866128	155.564687
391.957313	43.527258	38.351113	158.794931
391.645167	44.493071	38.386146	153.155456
390.721638	42.857586	38.584665	158.298162
390.970510	44.748190	38.792110	157.601853
391.280310	44.426667	37.344947	156.557506
390.590762	43.375569	37.954270	159.814849
388.937599	42.490210	38.674999	159.069793
388.133745	44.113573	38.886290	160.213767
387.664306	47.330787	38.040528	157.843418
386.113901	48.657271	37.537842	156.988329
385.879473	48.317071	37.310109	155.805092
386.702860	49.743096	38.737647	154.996303
387.959549	50.622395	37.879607	159.871778
388.043398	56.382116	37.778156	155.725528
387.148803	56.999364	37.247120	160.810000
386.429845	61.000793	38.358109	159.070114
387.570383	62.453369	38.122996	157.195249
385.762451	59.453512	38.621710	160.523901
386.352946	59.423511	37.142220	157.247272
387.242865	58.634170	37.608221	157.241867
386.533219	64.727412	38.392710	158.388310
384.539963	62.831907	38.053462	158.229776
383.185391	65.546326	37.714472	160.429959
384.777720	67.075632	37.449295	158.311275
384.197184	68.121308	39.052703	156.489882
382.860731	66.844732	37.489402	156.635581
382.078026	73.124518	37.401790	156.597329
382.506496	74.102145	37.731710	158.428390
382.545876	71.641418	38.573011	163.146950
382.663392	69.565256	38.062741	160.222109
381.378839	74.482612	38.694095	157.970699
382.210831	75.741881	37.922995	156.270051
381.429376	75.994426	38.596751	157.083435
383.345485	78.529778	37.261023	156.504653
383.701186	77.363070	38.310756	155.778260
384.775313	77.554523	37.755462	154.969277
384.884616	80.020391	38.478338	156.242164
386.067967	84.871867	38.103251	157.213133
387.645052	83.313937	37.176417	156.178649
388.424752	79.727039	38.090763	159.118964
387.621570	84.192794	37.776667	157.474664
384.911484	83.095686	37.495359	155.203670
386.263585	84.176059	38.583295	155.267550
386.825001	83.449383	38.237256	156.510156
385.828121	79.090442	37.642861	158.396595
384.921441	82.984258	38.368435	155.922565
384.695846	84.851698	37.593707	156.018613
381.724004	91.196133	37.465255	156.819340
377.997426	91.923711	37.984518	157.064013
377.732452	91.243451	38.012849	159.698098
378.202992	97.581927	37.546241	155.644956
379.796156	99.614196	37.635403	157.318680
378.100422	98.827240	37.470827	157.897566
380.701860	103.439069	37.337258	154.357617
380.121873	107.670443	38.364298	157.864498
381.816173	113.272147	37.561528	154.769955
380.219767	113.771540	38.063061	157.949288
379.558087	117.963595	37.425558	152.548334
379.567785	116.234519	38.458474	154.366283
379.105602	114.868856	38.159465	159.369782
376.444762	115.618717	39.162477	157.265271
374.880808	119.840113	38.090857	155.682266
373.114341	115.428115	37.541693	161.913250
371.339248	118.065788	37.422979	155.054432
369.095819	118.531316	37.442420	154.799390
368.013773	119.158051	38.118409	159.238354
367.990931	117.535786	37.689893	152.468011
367.443318	116.444325	38.274058	157.340484
366.602602	114.892490	38.349466	154.414208
365.620755	111.035451	37.507419	156.748656
365.451394	115.153218	37.500353	156.061382
363.448109	112.156855	37.821064	154.240871
360.662370	110.185100	37.691245	155.948897
360.773884	107.479618	37.881502	155.109451
358.604903	102.534199	37.884796	156.365944
359.361665	98.153597	37.635033	159.244442
359.702453	100.649064	37.670049	160.171313
359.994808	104.015568	37.679300	157.927290
359.584504	105.303428	37.836468	154.648749
360.609876	100.401539	38.364057	156.784091
361.814992	100.207574	37.959726	156.051844
361.922019	101.201190	37.848927	156.395378
361.924913	102.183981	37.196438	159.698092
364.754531	104.693178	38.193241	155.997225
365.279558	102.825872	37.326278	161.863944
366.491441	103.884950	37.196553	157.111719
367.774079	106.552974	38.143421	156.112421
367.782380	105.505563	37.796994	158.548204
368.865865	113.087936	37.861455	157.048168
370.005553	117.613942	36.926914	155.176557
370.611831	112.678646	37.253224	157.608400
371.771547	117.642285	37.143432	153.559431
370.955870	115.161318	38.309408	160.122611
372.910165	118.202704	38.433423	159.006805
376.095350	114.277249	37.507481	159.042119
376.773000	115.053780	37.759295	156.270313
374.696831	115.208216	37.885294	160.241647
375.855519	117.063328	37.744045	156.557636
376.506238	118.931142	38.710115	157.936203
376.961656	118.391401	37.578063	159.903111
377.276929	115.679247	37.817748	159.443375
380.102761	114.829830	37.599065	159.238718
382.757967	117.132453	37.917579	160.439233
386.387758	116.655198	37.354929	159.139798
388.912102	114.726417	38.460989	156.043795
390.694137	117.480998	37.356425	159.273067
394.612444	121.098833	38.307441	155.693144
398.127236	119.939391	37.535762	160.439354
401.310506	120.128685	37.293773	155.619765
402.266021	118.259734	38.140176	160.279631
404.210561	117.732704	37.380281	160.182246
405.934406	115.174664	37.531825	159.108531
407.070282	116.268708	37.945901	155.505936
410.076925	115.074317	37.350775	159.367211
410.015787	118.799479	38.329274	156.707909
411.629427	123.240604	36.493182	158.810046
411.891955	123.149223	38.178851	160.839894
410.585757	119.142282	37.521526	156.450596
406.902470	118.060775	38.146433	158.239959
404.084825	117.174607	37.670805	157.530162
403.019942	118.099130	38.095540	159.040163
400.894276	118.198467	37.914209	154.767162
401.328493	115.361337	37.258859	155.861789
402.233433	114.077485	37.507948	156.294860
402.093308	114.014348	37.880992	161.385722
399.908825	119.098325	37.554039	155.648871
399.752831	111.829937	38.336215	157.807090
400.140587	116.030147	38.269828	156.938024
400.376461	115.679957	37.723259	154.977387
402.391041	113.524184	37.971501	157.305201
405.337939	108.823943	38.223939	159.654040
409.258844	108.244864	37.579399	160.376640
410.421067	112.407430	38.787264	157.046258
413.457175	115.017386	37.353949	155.763363
416.158789	121.643907	37.928193	158.564804
419.257255	120.230820	37.235360	158.047683
419.834558	116.113138	37.516560	159.956499
418.450170	114.282070	39.192994	159.285474
419.419904	113.286190	38.138090	157.866512
419.845912	115.665925	38.452459	157.420915
419.895551	113.949113	38.218865	157.155685
417.762289	111.479593	38.540295	157.575370
417.130832	112.996986	37.850797	157.372552
417.483864	110.313620	37.645516	159.878014
418.754173	115.860471	37.618132	155.572468
417.884394	117.228418	38.087282	159.579872
418.981808	115.715564	38.382572	159.008784
421.855710	120.788883	38.193483	158.423586
424.852231	126.198490	38.427534	160.253091
427.128536	129.307052	37.787841	157.560362
430.706922	129.669738	38.314929	157.286845
433.661714	125.372918	37.530352	162.804267
435.300351	132.676997	38.259126	153.531376
435.439058	129.100774	37.739508	158.917244
437.631833	130.116932	38.478677	160.082018
440.123953	129.196678	36.726493	159.865238
440.698547	126.680437	37.841503	158.976523
441.158435	121.904834	38.171869	162.854206
444.619653	117.489813	37.772889	164.869297
444.509815	113.770520	38.339311	163.317094
444.089615	109.173529	37.771674	162.352283
439.604887	111.179328	37.830966	160.715658
435.998207	111.304962	38.199023	160.467262
436.902164	109.024859	37.149622	162.009003
435.708308	111.438285	38.025374	162.750591
435.338723	115.916720	37.483506	160.965290
432.402445	119.840043	37.825019	158.704328
430.312527	119.169371	38.337784	159.193434
431.067336	128.871387	37.898316	158.190221
433.492446	132.165243	37.185560	157.755205
433.306482	132.076954	38.167425	160.499800
433.828916	132.354980	37.926786	157.808747
432.523805	128.796382	38.118137	156.624072
434.163280	135.633518	37.892946	157.962880
434.358036	134.586937	37.558320	155.848696
433.644280	132.180853	38.310635	156.486600
431.787379	136.390094	38.422622	158.311053
432.595590	137.340202	38.467869	157.964349
432.706237	138.336802	38.542392	156.397298
436.661650	136.728519	38.421205	156.726498
436.265986	134.953251	38.464961	160.916470
438.505217	133.315345	38.480034	161.547194
437.691289	135.549254	38.515427	158.476444
438.645768	133.989805	37.820634	158.236283
436.913231	137.774857	37.880716	157.862356
436.511690	141.971977	38.443134	154.120957
440.473829	138.572629	37.571762	161.232778
445.264358	135.890511	36.944507	159.404839
443.906654	136.716051	38.760908	159.687192
447.717300	135.664934	38.036111	157.013552
447.318945	139.981023	37.989597	155.981100
448.200472	138.281565	38.408389	159.549942
449.340054	139.739887	38.375669	160.156282
449.687361	139.209661	37.480657	160.209032
449.344253	137.958807	37.499506	158.963152
446.618685	138.186023	38.614738	156.245180
446.924094	139.912508	37.716310	156.435954
446.557536	136.544355	37.783961	157.298233
445.295154	138.959828	38.139854	158.917341
446.186564	141.111585	38.384289	160.588591
443.999311	139.493149	37.596100	157.361245
443.055743	141.804965	37.918658	158.885989
440.182509	138.027926	38.330354	161.734460
438.433539	140.512364	38.338804	158.183937
436.568035	139.344554	38.014990	159.693990
434.939501	138.294788	36.614273	156.614386
433.719924	136.512315	37.812379	159.457310
433.396869	136.964584	38.184296	156.595594
429.965173	135.338554	37.842604	157.679903
426.859204	136.638080	38.305099	155.033048
423.475734	133.855598	37.893213	156.466985
418.750650	128.113234	37.699073	161.442201
416.621267	127.102356	37.758109	158.664629
414.460337	124.926489	38.569326	158.325390
414.149580	128.490227	38.038171	158.665945
413.435800	120.841120	37.157888	158.311380
411.972222	118.092833	38.491824	158.556851
412.203848	114.907680	38.641892	158.484314
414.475671	114.767277	38.870485	158.712880
418.318130	110.950669	37.831443	159.890076
420.247308	107.499944	37.145751	158.185560
423.224389	106.100941	37.839467	157.399339
420.923506	104.142942	37.927847	158.078999
420.562360	100.588167	38.778500	157.445531
421.879582	98.940363	38.861256	160.633681
425.255066	102.834782	37.195254	156.870844
426.111921	101.364419	37.974747	155.388556
427.924264	100.263325	37.468084	157.627947
429.245369	100.653134	38.261398	158.697607
427.367361	97.726610	37.576230	160.209807
425.419808	96.258787	38.600642	156.316889
425.366447	94.672302	37.564158	155.784129
426.779441	92.940690	37.837391	157.211639
426.085691	89.323642	38.221493	159.903513
425.775991	89.853619	37.009760	162.922770
424.395060	93.496297	37.699124	157.339976
426.001101	90.758631	38.298453	160.411320
425.724445	91.327692	37.342545	159.356121
426.187224	86.970578	37.468570	160.518603
426.989996	85.954866	37.737633	156.994046
428.114928	87.465774	38.063739	157.673812
429.893612	88.561178	38.715242	157.868293
429.619939	90.025107	36.827951	157.500855
430.366382	91.003299	37.318622	158.025409
430.587578	89.410783	38.874113	158.066895
431.446554	87.513983	37.937218	158.013532
432.010609	82.849799	38.307628	158.379525
434.361986	88.466029	37.198375	159.037086
433.587665	88.257301	37.863519	158.684565
432.962281	93.049303	38.587060	158.946346
432.410602	92.819004	37.813408	158.499272
430.422451	95.420646	37.910112	156.766972
429.110261	94.644814	37.845604	155.070186
429.528052	98.780173	38.326506	158.320281
433.522926	97.478106	36.971932	157.558697
433.719979	98.717521	37.457499	158.900862
433.208421	105.592004	38.421393	155.151201
433.417833	106.667434	37.722213	156.143432
433.689850	102.842884	36.958997	159.434211
435.864657	103.751119	37.399289	160.150383
435.592593	109.413118	38.492624	159.950197
435.193578	111.617360	37.615324	155.918245
434.891030	115.264465	38.797320	160.268714
435.172280	114.820267	37.686005	159.839198
433.831495	120.939028	38.079798	155.050649
433.631054	122.005521	37.607567	157.080198
431.940330	122.227929	37.870894	158.771946
431.895141	127.581460	38.325783	157.397730
430.080698	127.545403	38.376063	159.754815
428.800128	133.021164	37.806749	159.239525
428.048100	135.706844	37.671362	158.009681
425.074151	132.851724	38.348455	160.289740
426.893945	134.955640	37.245099	160.514754
427.652469	136.379581	38.095469	160.227256
425.388861	139.538882	38.757999	152.742315
425.476156	137.578898	37.806856	157.637484
425.537751	142.159444	37.696621	157.959721
423.961312	143.825172	37.741470	159.537865
424.936838	141.300755	38.029757	160.995515
426.693870	142.655305	38.416561	159.725796
429.006674	140.103947	37.337745	161.571742
428.313512	142.228578	39.063253	162.055107
427.654581	144.584247	38.178491	158.487019
428.212133	142.373482	37.583672	156.528672
428.253352	139.649907	37.988370	158.103939
429.136492	137.452788	36.839636	159.333578
428.124587	137.104015	38.855476	160.187803
430.082682	145.417847	38.392603	161.700434
429.225199	144.967509	38.316819	156.480582
427.251453	146.865246	37.141582	155.841568
427.364519	140.685674	38.641936	161.350935
427.621785	145.936576	38.325241	155.979714
429.307891	148.606922	36.909488	158.468533
428.896105	146.183976	38.566971	158.062697
430.937181	145.348446	38.113108	157.077677
429.443248	144.627787	38.096274	155.324309
430.481292	142.334302	38.645313	157.762063
428.067020	143.933523	38.045984	159.786886
428.354599	143.107644	37.631089	158.392295
427.639564	140.569621	38.256169	155.814481
426.708909	141.163545	38.655193	157.627372
429.417129	144.141443	37.454083	154.500258
430.131132	146.633457	37.797493	158.029010
429.056887	146.807259	37.625390	157.732970
428.170133	140.621334	38.469880	157.933606
429.384824	140.684480	38.205010	157.698167
430.099686	143.137130	37.804989	157.927977
429.036930	142.606723	37.766627	157.436718
427.174972	144.619565	37.520423	155.265908
425.879659	142.201986	37.638969	156.839797
425.576276	140.293382	37.708930	159.542689
424.805423	136.745731	37.564301	157.115941
424.378682	135.134438	37.432585	160.641722
425.614392	140.682183	37.276898	156.227327
422.965384	139.872881	37.627705	160.726272
422.064823	141.060290	38.367386	160.127714
422.222704	144.376835	37.727385	159.100962
421.715581	142.389345	38.801029	162.028463
421.904199	141.124443	38.097306	158.930493
421.871376	142.479786	37.915130	157.686537
421.624420	138.293178	38.635461	161.220824
423.557118	138.864079	37.537005	156.757939
422.885064	138.072580	38.276625	159.999786
422.974829	138.427685	38.076368	161.175566
421.532540	139.170970	38.066869	156.820809
420.418650	138.396418	39.166408	160.003302
420.722023	136.489353	38.645027	156.401611
420.650560	141.977096	37.674358	156.758902
421.394768	140.543454	37.913191	159.811375
421.012056	144.418304	37.712566	155.151218
420.349427	145.022222	37.947360	152.589319
421.570431	141.919236	37.435173	160.018063
421.818254	144.062322	38.015388	156.562454
422.825436	145.771941	39.123361	151.317752
423.355760	144.560910	37.816866	154.833862
421.521829	142.235620	38.863322	157.340934
423.947864	140.218543	37.752294	162.110231
425.783519	141.345625	37.850652	160.424314
426.714783	149.182097	35.772962	154.369307
424.404995	141.897225	38.639335	157.044687
423.633084	139.588269	38.616140	154.841675
424.924509	138.504359	37.457991	153.078738
423.860077	139.440930	37.320906	154.191040
422.748564	139.682906	37.686291	158.146000
421.447490	139.713482	37.389366	160.982749
422.032084	147.033840	37.682506	155.964622
419.300242	140.730004	38.316112	157.761119
418.109280	141.356235	38.455296	160.622759
418.982370	143.559952	38.584282	160.697156
418.112575	146.149919	37.663955	157.791453
418.758312	140.642152	37.764447	161.870940
418.186308	143.702719	37.605737	159.466389
415.904647	139.322521	37.404067	157.351295
413.666472	140.251040	37.542908	155.686606
412.845189	144.272938	38.265476	158.492643
412.497769	138.021461	39.211891	162.789820
413.807370	142.789535	37.773029	156.594444
413.494171	141.772931	37.900538	158.881666
412.461951	140.146954	38.231153	160.989704
412.804628	140.276270	38.232492	154.857516
411.211794	138.280749	38.390838	155.522924
412.289870	138.456657	38.763529	154.494576
411.771229	138.317369	38.045267	158.533105
409.336191	136.355769	38.482843	159.447069
408.032882	136.910287	37.730890	155.767621
407.410218	132.526399	38.032082	157.189599
408.290523	131.580911	37.493209	160.316595
406.577658	133.466274	38.279126	157.691370
404.239307	132.586478	39.077655	159.544243
406.684981	129.791369	38.691128	158.139446
405.740978	128.645880	38.971984	161.571011
406.844461	127.911227	37.107736	157.732637
406.212104	129.280221	37.881099	157.920391
405.784454	124.815651	38.196373	159.155414
406.565005	121.198456	37.550046	160.233681
405.902531	124.921274	38.135685	162.295037
405.759281	129.328325	37.726970	157.061184
405.006438	125.690089	37.404115	157.193028
404.501255	120.767973	37.757939	160.043171
403.357224	117.765707	37.596851	157.732425
402.426357	120.884161	37.841905	161.769243
404.023545	118.948423	38.171837	161.040519
398.652759	119.405289	38.028253	161.025757
393.162389	117.561229	38.439181	158.928016
389.735514	123.004314	38.877013	155.233843
384.684603	123.128979	37.719780	156.452010
382.141197	124.198199	38.024300	159.441655
378.598478	122.537701	38.137533	158.747019
376.518010	124.465313	36.928056	159.059034
373.196301	126.274031	38.244743	160.041553
371.209266	125.668388	38.019329	158.641552
369.595210	122.146145	38.344506	158.538885
367.403424	119.288685	38.445741	157.250220
366.644008	116.168168	37.117239	158.936106
364.405517	114.378144	37.632636	159.573033
363.589674	117.431681	38.039389	158.334128
366.083689	122.857061	38.067114	158.081197
368.514570	123.318807	38.699090	156.770551
372.870066	124.180059	38.010238	157.742525
375.243103	125.145449	37.335338	159.885538
377.509988	130.542703	38.416985	161.356681
382.479681	134.411726	37.801825	156.631655
387.213000	128.329598	37.829819	160.921685
390.268434	130.679662	38.680717	159.698418
392.186441	131.570646	37.858102	158.600167
393.735281	136.215919	37.896591	160.514495
393.715497	139.342200	37.409770	156.925990
391.765111	144.282254	38.532574	159.117168
394.414883	145.162339	38.022830	156.680008
394.096197	146.992987	37.774714	156.379153
392.937143	153.032196	38.503216	158.167527
391.653466	150.019648	37.664518	160.016922
391.972741	150.680151	38.455455	158.026361
391.957598	150.745155	37.915633	159.733752
390.443537	151.894850	37.609200	158.919276
389.118825	153.640170	37.790643	161.389273
390.053603	156.236780	37.708417	156.933433
393.046296	153.382488	38.444551	157.336243
397.423991	151.445746	37.401538	162.854021
401.402440	160.369223	37.814573	157.570800
402.050564	162.636623	38.436061	156.708919
403.222108	162.508605	38.128366	160.103555
404.525125	166.049102	38.126639	159.040643
408.125818	167.806684	37.268423	162.807580
407.215262	173.410980	38.052010	158.357526
405.656136	176.205273	37.910102	159.197391
405.462294	181.396159	39.122137	157.214283
407.639789	183.672484	38.066398	156.300431
407.855496	182.747017	37.638395	157.123776
407.432495	183.158455	38.483016	153.257171
409.510307	178.323131	37.323742	158.715167
408.444008	177.839464	37.858293	158.943250
409.202993	177.262736	37.796350	158.482733
409.065987	174.845403	38.089554	160.460615
408.252838	174.925308	37.939681	158.756814
406.094098	174.209623	37.422906	159.544829
405.748451	172.269513	38.356892	159.859545
406.912027	177.108155	37.914845	157.806150
407.250162	178.480844	37.595070	156.086198
406.379604	176.902892	38.075479	157.773175
403.024051	174.593147	37.402082	155.362639
397.990314	182.584223	38.580881	156.473700
395.081188	183.668181	37.726449	155.167959
392.428167	181.293931	38.218526	159.692828
388.685349	179.812588	38.373431	157.143113
385.423042	177.307793	38.567920	158.424142
384.803107	174.498559	37.870664	160.870571
383.826845	173.619369	37.691537	157.743354
384.697452	170.577070	37.692212	158.916517
383.601376	161.692245	38.138410	157.931574
382.161518	160.994660	37.977877	156.927454
382.813733	158.873618	37.058427	157.868966
382.543141	156.130000	38.629355	157.415318
383.797088	154.376217	37.727187	159.591552
383.365142	150.709497	38.672054	156.543921
382.618016	143.749176	38.064988	159.998584
381.953454	145.324009	38.484867	157.364728
381.135887	140.924668	37.001126	160.290941
378.550365	140.184636	38.357349	156.965832
380.102435	137.723764	37.720617	160.293062
379.326081	135.104943	38.416744	163.216097
380.628316	133.010868	38.118909	156.863506
382.254291	134.094538	37.349907	157.479867
385.031726	131.971825	37.794961	159.273711
386.587353	129.194136	37.621438	160.254513
388.510394	131.238558	37.102390	155.232989
389.361190	128.017591	37.903105	159.118906
390.453493	129.125015	36.728295	159.891528
392.090172	128.761828	36.909956	155.812593
392.891594	130.981314	36.494789	154.451138
390.988195	124.394590	37.218484	154.723424
394.846339	126.516082	38.317483	160.388656
410.986728	96.545359	37.004951	161.049619
392.106642	119.724318	44.923095	170.400566
376.000000	114.000000	49.000000	145.000000
376.928423	108.054588	49.810972	146.435382
378.422719	109.195477	50.225706	144.000151
378.840229	114.566510	48.353984	141.862389
375.488999	112.575259	48.990059	146.716461
370.708343	117.173867	48.422379	139.592539
370.474656	117.633449	45.808957	149.545156
369.619726	121.191672	48.379474	144.935328
367.180297	124.037213	48.609771	144.392432
366.091244	119.178005	50.103768	147.243588
366.398803	126.216960	46.696441	144.116674
363.315571	123.870801	48.135143	144.577009
362.523577	123.036187	48.846394	145.803348
362.620197	120.932738	49.820176	146.047055
362.246041	119.134224	48.737028	144.830126
359.417216	122.394848	48.960490	144.145267
357.556463	126.107616	48.733465	144.877283
357.034935	124.389909	49.445413	145.474538
356.885231	124.274602	48.895892	145.010705
355.435161	124.460283	50.163431	145.823201
353.927142	123.414677	49.365444	146.901246
353.690394	128.461808	49.400092	143.361601
354.455927	128.341925	48.168631	142.632293
355.135481	131.509118	49.359058	143.560270
352.905807	130.935063	48.397837	146.137037
351.190525	138.996432	48.931657	147.126197
350.688973	142.100008	49.585709	141.781671
350.570464	136.815376	49.408813	145.521470
351.270773	140.998982	48.418935	147.565493
350.535105	145.734989	49.268227	143.343622
349.004875	145.955504	48.868293	145.032692
348.718614	145.238773	48.850677	143.817127
348.120547	148.485057	48.919966	145.046749
347.671739	148.156738	48.038622	147.414044
345.683213	150.390653	49.682105	144.862919
346.619274	155.245127	50.241904	143.389538
348.440463	152.421476	47.408929	144.379176
348.864890	155.251020	47.674849	144.664280
346.166338	155.880391	49.452682	144.718704
345.960454	155.566880	47.563120	143.876307
343.485679	159.044067	49.090144	143.098772
344.778424	158.867695	47.957204	145.856718
345.051338	160.983489	48.296673	146.260362
345.271176	161.419703	48.142432	145.194591
342.504133	160.451739	48.668895	143.332041
343.973293	161.531714	49.084915	144.851785
344.160252	158.853431	48.831414	147.640393
341.637699	160.758806	50.064412	144.312268
341.191697	165.147324	48.441087	145.959856
339.370462	163.774008	48.934755	146.010638
337.496354	163.131392	50.330950	144.133928
338.793449	162.400575	48.672706	148.019214
339.107685	167.266603	48.673399	144.020658
336.337235	168.037700	48.468552	144.618148
335.664276	164.429650	47.788147	142.549773
334.062286	169.039799	48.737033	141.690051
331.418540	168.235608	49.285027	144.181765
328.865544	171.116739	49.534064	145.611764
326.971713	173.084552	49.433482	142.615596
327.175628	166.648188	48.307749	143.560772
325.815063	169.843418	48.974392	145.629949
325.114376	172.262354	48.291206	143.311696
325.442933	173.659082	48.900668	144.293677
323.558306	177.124276	49.255717	146.704704
321.633333	173.086136	49.533210	148.453814
317.382367	177.437923	49.319286	144.030746
316.160537	181.567392	48.711658	144.468578
313.128455	179.550025	49.397395	146.322939
313.019656	179.119850	48.085787	147.477160
308.883003	176.245298	49.918431	144.522171
309.322283	179.526208	48.351089	144.543549
305.994835	181.369093	48.956608	145.804908
302.970837	176.856065	49.185557	146.083629
300.858061	179.733523	48.787748	144.249256
297.182587	183.824880	49.554456	145.373665
293.582998	185.681437	48.220714	141.237576
291.711789	182.259961	48.643603	141.863775
288.078078	184.204279	48.730696	139.042281
289.051570	181.378134	48.504351	144.287903
287.858621	180.693012	48.497009	145.650888
284.148023	184.551676	48.367820	142.854934
280.335851	185.439683	49.027115	143.283941
280.004399	186.762558	48.558076	144.632974
276.027081	185.179524	48.898225	144.381521
273.708099	183.568256	47.999195	142.260433
271.508498	184.063684	48.527664	143.957864
270.189460	180.920145	48.959732	148.249772
268.169096	187.879963	48.763464	140.987631
264.284126	181.560486	48.632118	145.338730
262.235616	185.123332	48.507244	145.649924
260.894258	189.486066	48.998656	147.566382
260.212484	192.350370	48.661782	141.918103
256.266917	187.001089	49.035890	144.613707
254.368967	191.095248	48.421038	145.120113
251.485477	190.708554	47.373834	142.256953
248.108438	193.131615	48.024279	143.327423
246.840829	194.386287	49.007572	143.345779
244.750016	195.114302	48.254022	137.798996
240.725867	194.950022	46.720378	140.255975
237.659486	194.115805	48.016158	145.957885
236.020395	193.486120	48.316292	141.412912
234.262399	198.787362	48.050351	131.701986
229.835417	193.299921	49.855495	140.326974
228.651582	193.146969	48.531330	141.347574
227.180836	196.125616	48.867102	141.793983
224.140553	194.001239	48.760800	141.165808
