167.000000	69.000000	24.000000	127.000000
166.533457	69.127246	24.188747	125.116753
167.351696	68.650388	23.906336	126.320582
168.015850	66.870215	24.768373	125.934627
169.728673	65.674880	24.679032	125.875263
171.555630	67.543952	24.185282	125.212811
173.393375	67.251491	23.782647	126.345178
172.433962	68.191249	24.367403	125.919789
173.673467	67.053284	24.023270	125.442695
174.492578	68.588643	23.663304	127.666049
174.876788	65.133736	24.344324	125.679205
175.660687	65.729016	24.228588	126.893635
176.306750	68.553145	23.964570	125.402431
178.102619	66.572092	23.537767	127.995570
178.439832	66.651806	24.022138	127.205229
179.554645	68.204862	23.593411	128.053279
180.106182	66.178845	23.918914	128.002110
179.031298	72.075164	24.174706	125.026674
178.754212	71.963253	23.606451	127.209386
177.600847	74.798739	23.743356	125.289062
177.815451	76.644087	23.896535	127.011036
180.908128	77.008717	22.201251	120.893829
182.592896	74.576976	24.544844	125.300046
178.122606	77.715983	23.976921	121.208496
175.985942	77.131523	24.627071	128.387924
174.722396	84.714009	23.704000	123.436264
174.003963	86.816154	24.555340	122.784888
176.662450	82.369390	22.876465	130.876383
177.115246	75.984802	24.286185	126.149908
177.817249	74.936167	24.128791	127.010245
178.984670	72.469628	22.985658	128.219487
182.612843	69.274382	23.672954	127.738036
183.775102	67.527385	24.829187	126.363265
183.848823	70.022830	24.556105	122.865644
183.283273	69.230692	23.567443	125.718051
180.885404	70.982718	24.749839	126.423643
180.742994	71.771605	23.106708	127.762435
181.322692	71.783353	23.672517	124.469511
182.399013	70.670726	23.838367	126.371572
183.300955	73.071521	24.484190	121.759002
184.762259	66.436889	23.827747	128.517830
183.509849	66.840383	24.011898	127.586333
184.141676	69.991916	24.066348	123.719888
184.548019	71.193972	23.268277	125.035012
185.655361	67.355536	23.049152	127.092090
186.256249	65.662069	24.533407	127.988317
188.017145	68.891564	24.006347	125.169663
187.851145	65.398008	24.549858	129.129643
188.313542	67.263857	23.738365	123.744293
188.810448	66.715378	23.579797	126.210764
189.541176	64.153449	24.329005	129.421609
191.268924	67.145881	23.499807	127.858874
192.155701	68.439101	23.236975	129.265949
193.225163	68.686143	24.210452	126.775732
193.395067	67.327846	23.529541	129.215526
192.816038	68.492955	23.364959	125.827026
192.088056	70.751462	23.727631	121.994413
191.762942	71.586767	23.435723	125.843490
190.018215	69.605781	24.846430	127.548811
188.834240	72.434672	23.942787	125.350317
189.116680	69.314259	23.919351	125.476279
188.947370	72.471437	23.764124	120.582648
188.520456	69.888611	23.104214	125.721658
188.286350	72.842116	23.789794	126.162698
188.719003	70.682520	24.132555	123.560524
190.599030	70.944396	23.016799	122.126414
190.314660	67.544090	24.377897	123.219504
189.981725	63.646550	23.781109	127.193623
188.788282	63.025592	24.101700	125.102510
187.707525	66.971757	23.679133	126.562185
186.200439	70.544151	24.884905	126.807832
184.922703	73.591320	23.704742	123.370259
185.011986	72.420382	23.850056	121.863002
185.084836	63.287823	24.194647	123.296227
182.979647	69.797647	24.002550	125.026061
180.927166	73.965725	23.758489	125.655948
182.363144	72.479493	24.364582	122.841339
184.515802	71.656817	23.601719	122.696612
180.601762	72.565680	24.649572	122.609692
180.329116	65.726983	23.568530	129.419655
180.958975	70.560463	24.209430	128.789130
181.134049	71.798745	24.249173	129.561417
181.269857	72.477853	24.100049	128.893843
182.626921	72.094146	24.049531	126.112852
183.018077	68.789538	23.749818	123.780713
182.644059	69.620512	23.805389	123.007759
181.445649	65.621984	23.670706	127.768708
182.597430	64.176591	23.217553	128.258015
183.284251	66.295158	23.802248	127.408422
183.797891	67.848377	23.946960	125.277653
184.660906	67.476870	23.777843	126.513012
186.111676	65.335945	23.953406	125.381116
188.020540	58.302324	23.682785	128.824422
189.217245	57.579250	24.143709	126.761731
189.290934	59.772516	23.839799	128.400134
189.397815	64.279568	24.210856	124.917033
187.957249	69.685264	23.745392	124.825621
185.165940	79.834081	23.876655	126.093053
184.571610	85.538256	23.669892	123.923566
184.724255	76.735756	23.718091	130.489689
187.190583	73.786818	24.132033	126.815913
188.764629	67.956982	24.424161	125.003649
190.675905	64.394896	24.005123	123.444230
191.146508	58.446636	24.959292	125.730099
193.636596	56.512631	24.226368	120.133561
188.807065	74.294642	24.301374	120.413651
186.787572	73.270904	23.968071	125.590566
184.801716	79.008653	23.742477	124.907001
185.674774	75.200498	24.003803	126.287302
186.490538	67.611504	24.544373	125.293573
186.684176	69.113533	23.766572	127.469472
187.082788	67.273319	23.994859	125.556914
185.451724	70.265335	24.505444	125.540159
185.625945	72.138417	24.249538	126.509695
185.424636	70.506754	24.167856	127.563927
186.671216	71.778860	23.561352	128.075034
187.356480	65.202112	24.112821	128.581368
188.745681	58.514665	24.629106	125.968617
190.140889	54.351086	24.015059	124.826245
191.288598	51.790293	23.702948	128.643844
192.140430	50.549453	24.030299	126.920452
191.749176	55.684098	23.591585	121.475581
190.265065	56.997361	24.639463	126.799314
190.072162	60.254936	24.103784	123.219444
189.587967	61.938365	23.900934	125.894599
187.958307	66.988750	24.325415	124.387573
188.246391	64.906563	24.187790	127.189790
187.637174	66.674442	24.260644	124.523178
186.674284	74.616071	23.882268	128.399210
186.610847	70.162468	24.637612	127.730179
187.595135	69.343165	24.023180	125.272129
186.441810	70.259710	24.625793	126.164147
186.375020	70.001160	24.357487	126.159706
186.881351	70.545453	23.554485	126.477079
187.762377	69.308594	23.739994	125.246991
188.489427	68.716745	23.659150	124.436306
189.531368	63.107556	23.887493	125.533006
190.018186	64.193093	24.608375	125.152657
191.094290	56.468898	23.717412	125.309292
193.223320	55.435265	24.387588	126.384997
195.171122	62.144460	23.336194	123.348713
197.225857	60.364613	24.360222	119.323181
201.202790	51.845132	23.023069	120.881307
202.462823	43.260237	23.983346	121.159137
203.441843	46.383843	23.649303	123.073058
204.206222	51.325682	23.511437	121.766942
205.002521	52.646952	23.169499	121.767877
205.337681	44.394090	23.673247	124.014924
205.624052	68.964482	20.722197	107.146555
205.798890	47.303915	23.759970	120.033945
204.706108	42.724163	24.319555	120.479487
206.175015	28.358732	24.446275	124.401612
205.228454	40.066989	23.903506	117.932718
205.345847	39.222548	24.097784	122.314893
203.830742	45.982725	23.687571	127.295901
205.237221	51.756932	23.752035	125.047150
205.365398	52.452444	24.150812	126.899422
207.623257	54.923908	23.525336	120.639417
208.731544	57.006028	21.815017	122.109952
209.046570	53.683021	23.660188	125.145984
209.526375	53.238937	24.291694	127.006558
211.242785	49.375017	23.705294	124.430201
212.246550	43.975201	23.683101	126.925309
211.966999	49.229352	24.069433	125.058972
210.716842	56.116920	23.049319	123.342511
207.777840	57.010523	23.845124	119.952069
206.811645	59.570727	23.985132	119.784861
205.854922	56.400466	23.735225	124.047734
205.240282	59.877381	24.867820	119.452276
204.562376	49.648288	24.112815	127.955995
204.491402	57.604788	23.247298	119.382406
204.136039	59.233656	23.781662	122.135367
204.230483	55.156887	24.234721	123.276540
204.942702	53.521533	23.998873	121.693246
207.070442	49.733341	23.973325	122.611067
207.022769	47.161498	24.870491	125.852948
208.129862	48.015321	23.869117	125.007302
210.769513	46.179871	24.221195	125.277321
211.951044	47.115664	24.186425	125.824702
215.318368	53.636516	24.196915	121.172617
217.282523	55.651081	23.854378	125.929565
220.034143	56.622283	24.249223	127.389314
219.761461	49.200539	24.348210	129.068457
221.570796	60.284050	24.196777	125.178992
222.860566	59.062332	24.305721	126.976419
223.543632	58.361539	24.321093	126.624299
224.355128	57.124133	24.100648	126.897704
225.651868	54.001923	24.172353	127.228753
226.017121	55.237053	23.877068	125.576196
225.377362	53.398502	24.046505	122.348699
226.153533	61.603819	24.202071	122.644896
218.597611	45.558995	24.595242	120.678357
219.960108	45.173094	22.728614	115.018367
218.736665	49.727901	23.739823	114.569910
215.786402	45.763062	23.772374	114.654333
213.762027	46.139977	23.173840	114.544876
211.764654	41.653351	24.378442	119.129136
212.284530	57.698877	23.791412	101.368668
211.894891	48.107894	24.136234	124.856498
210.906680	49.917049	23.714592	121.468404
212.320901	49.180921	23.297457	115.276726
218.612061	69.161598	25.030943	118.866092
221.769080	68.692324	23.840447	123.350016
221.441329	61.003983	23.602622	127.311931
219.183033	61.958698	23.798228	125.501179
217.110794	59.895062	23.557913	126.490158
215.058689	50.929821	23.594042	130.194517
213.285960	58.639539	23.431662	126.590277
211.043494	62.107167	24.154515	124.879077
208.896411	64.488233	23.909435	124.915700
206.451195	67.420276	24.056023	128.014764
204.162224	67.855620	24.247866	125.372847
202.388653	68.294378	23.640564	129.206618
200.243442	65.607994	24.495247	127.490168
198.552783	69.677431	24.190917	125.438883
197.858437	69.380196	24.116290	128.270235
197.193546	66.959092	23.925041	127.946177
196.138554	65.990427	23.706371	125.285419
195.246617	64.770412	23.797413	127.420229
194.156396	60.720015	24.574344	128.123234
193.866302	65.984939	24.175509	127.287036
193.166492	64.388361	24.357903	126.184496
192.644010	67.066134	23.794313	123.924640
192.162619	61.885910	24.296239	128.000699
191.538477	61.068403	24.088361	129.008887
191.669932	60.740993	23.700621	124.678971
190.590233	55.706812	24.381797	127.132066
190.352981	57.655628	23.830768	125.636005
189.795788	54.060417	24.004014	129.237531
190.910103	51.696532	23.471937	124.808599
190.284393	54.234074	23.431348	129.277709
189.589211	59.444438	24.010319	125.770851
190.506883	56.061083	24.090694	126.464366
192.065885	50.902860	23.863182	127.910363
192.404115	55.218202	23.055517	123.000234
190.741519	61.501381	24.130767	125.237241
190.248187	65.352811	23.877986	125.465507
190.383745	63.967365	24.397400	126.292449
192.928403	67.307554	23.757045	128.750585
194.375031	67.622877	24.108103	125.872819
196.521926	69.727716	23.831858	124.511640
197.042524	65.814921	24.515056	127.058974
200.690704	62.856543	23.954726	125.539448
202.176257	62.097197	23.707287	126.642194
202.250034	72.093317	23.946368	125.935657
201.308734	74.719820	23.795217	125.177983
199.465800	73.383505	23.924138	122.916571
198.645202	71.897309	23.784391	126.427990
198.893575	74.035409	24.083997	126.645091
199.708580	72.815712	24.102742	125.656620
201.722855	68.547524	23.697489	126.715695
203.220612	63.434331	23.822286	126.385791
203.974368	57.519213	24.501606	129.686854
205.423490	56.061591	24.071519	125.718213
206.405321	58.374533	23.903059	125.380955
207.368751	59.702391	24.428459	128.098072
208.789032	60.042678	24.125118	124.644398
209.791300	55.896934	24.083422	123.517666
208.384751	53.283840	23.939760	125.215122
207.660544	46.798276	24.098561	130.532200
207.899926	56.566022	23.723568	125.642363
206.557815	60.359139	23.932725	126.696779
205.969330	67.013901	24.087640	127.499978
206.211315	66.889982	23.888001	125.989477
205.831785	66.436947	24.474329	126.286757
206.085388	67.936472	24.260614	126.377783
206.591085	69.726096	23.817316	122.742549
206.151190	62.233606	24.207885	127.479997
205.082461	56.578818	24.630043	128.074147
205.366543	50.506950	23.896465	129.108272
206.032684	54.608027	23.991292	125.744928
204.918440	61.541995	24.378243	124.549621
203.664611	60.965663	24.319721	125.718330
203.042788	66.342572	24.034268	125.596563
202.875142	71.081066	24.109629	127.084250
201.817781	68.946385	23.946901	126.159814
201.854097	70.514373	23.703893	124.405731
201.488940	70.527605	24.153216	125.300767
201.917360	64.319891	23.802054	127.711707
202.121253	63.144139	24.437232	125.366568
202.005681	66.759930	24.290407	125.219027
201.434747	64.074175	24.207260	126.591074
202.354572	64.760866	23.991377	126.769072
203.666065	62.737416	23.292416	126.825027
203.421511	62.096679	24.191900	126.083051
204.101656	58.129823	23.817470	127.787785
203.881242	60.339519	24.015965	126.525798
202.856154	65.494905	23.985538	127.240972
201.963353	67.929838	24.141638	126.561871
201.972821	67.629774	24.413471	127.059135
201.578312	62.781138	23.948273	128.393915
201.841174	63.344504	24.188073	126.990450
202.756521	62.156229	24.582774	127.959933
204.486778	61.372265	24.224608	124.920802
205.135473	59.037720	24.075315	128.360612
205.912241	56.697072	24.191098	127.380391
205.809468	55.065696	24.321058	128.908883
208.690236	58.126816	23.633647	128.933893
209.688502	65.296622	24.344370	124.964594
211.223507	62.912152	23.720293	125.769647
212.623557	64.797778	24.013833	125.136021
212.968078	66.845179	23.570624	128.250833
212.126132	65.727680	24.057509	124.595014
211.660814	61.001817	23.690371	126.756789
212.310407	65.013603	23.938874	127.869626
211.793106	63.831615	24.299247	125.315200
210.722688	64.268296	23.820050	127.614282
209.633185	68.849804	24.012691	124.566345
209.735961	70.384173	23.914928	125.259855
210.547835	66.434045	23.987094	125.466546
212.060717	64.052383	23.636805	125.999742
212.236416	60.575322	24.273983	128.920002
212.754073	59.307517	24.065337	127.680394
214.201043	58.540390	24.020470	124.755514
215.494044	53.653048	23.811783	124.930657
216.771606	48.179743	24.249320	126.125565
217.886264	51.993340	23.741605	124.663822
220.149426	47.081754	23.654748	126.031561
221.785365	49.149847	24.404577	124.634601
224.468747	52.251639	23.967725	124.745389
224.897548	55.275133	24.536995	126.645121
225.313694	54.132948	23.851929	126.339330
224.982544	55.562844	24.021624	126.756086
225.814145	56.351521	24.409610	128.776171
227.391768	62.060913	23.693934	126.733417
228.042427	66.119740	24.023559	125.462745
229.047994	60.792396	24.080625	126.627845
229.478147	55.880869	23.972339	127.843257
227.021219	57.716734	24.044638	127.554394
225.986634	56.647912	24.000205	125.288732
225.901659	54.546601	24.096174	126.034078
226.209322	53.699552	24.025216	127.399102
226.192874	51.834747	24.226393	127.963385
226.612165	52.343908	23.880532	128.047914
227.692024	52.977042	24.371768	125.001741
230.139337	47.178788	24.420039	124.349927
231.328902	46.428411	23.564962	121.878742
235.265940	46.561302	24.693006	125.043450
238.375658	53.347838	23.535527	117.665426
239.610006	56.672534	24.220420	121.230334
241.668331	59.828834	23.740367	122.069601
245.567798	55.171903	23.551434	127.292248
246.820429	53.990849	24.328754	127.963765
247.513426	52.714692	24.305377	125.819299
249.390216	56.313076	23.636255	128.553439
249.719212	60.279752	23.838246	131.769075
245.925123	51.527803	24.590553	125.883242
244.926773	54.433955	24.272144	130.029459
242.359220	45.835007	23.626021	125.055586
240.169717	43.674711	23.902869	122.259202
237.669908	44.592857	23.979321	122.579911
235.915047	49.460586	23.992388	121.057284
236.427073	45.841522	24.776567	122.525318
239.143492	40.147479	24.025461	124.580722
238.184306	45.247834	24.296306	127.596809
237.507811	45.645512	23.359340	123.384112
237.661841	42.360994	23.278707	124.473421
236.516347	44.070705	23.732618	128.024437
241.022444	50.615111	24.122839	127.179916
240.959851	51.521264	23.476053	121.770434
238.140389	55.463978	23.835307	121.607698
236.613059	43.091913	23.834511	128.981363
236.209263	50.265266	24.045328	127.669880
235.516251	57.359636	23.435523	125.875274
233.042851	53.351081	24.425605	125.556315
233.054183	57.552361	24.395978	123.550407
232.206147	55.244448	24.560514	127.246510
228.783643	53.037682	23.633934	127.585320
225.629017	49.035221	23.925606	126.835374
222.177440	49.524252	23.979279	126.210068
219.799221	52.397123	23.536561	126.752196
217.271368	50.576882	24.350875	126.676357
216.693976	54.057533	23.723516	124.653048
215.749343	51.312507	23.869437	128.253760
213.331628	51.902287	23.629360	124.033549
210.543907	51.516566	23.610203	125.054867
209.058526	55.256784	24.290990	126.050197
208.395795	55.282348	24.084029	126.763949
204.952332	49.639906	23.931636	127.568701
201.026061	51.476065	24.517860	129.101812
200.407048	49.755666	24.035548	128.427877
196.468927	46.390061	24.636296	125.143235
195.125433	46.126953	23.454972	123.366882
192.098700	38.964841	24.326764	126.601235
192.380669	45.883382	24.000750	114.215280
189.873752	36.521532	24.495803	122.855604
188.939022	40.492671	24.107154	126.769391
187.323284	52.277994	24.405477	125.747510
184.982856	59.526709	23.765472	126.117017
182.179381	60.501308	23.626984	124.287333
180.439873	64.024647	24.067074	125.919882
179.156316	64.039513	23.939065	127.309067
176.754257	71.319353	23.678030	127.785792
175.631415	68.584942	24.117839	126.654717
173.372045	66.022632	24.406758	128.307948
173.695669	64.903123	24.137692	127.909095
174.528920	60.644418	24.188904	127.114318
174.808846	59.719341	24.107282	125.363141
174.461638	57.564858	23.729930	126.241178
173.708308	68.252242	24.277009	124.378054
172.880322	65.504676	24.115120	128.622986
171.917207	61.970884	24.101550	128.872582
172.157423	58.513234	24.165388	126.598630
171.993087	57.999016	23.695428	128.283798
172.320505	62.127775	24.013956	127.836554
172.589215	60.204440	24.172274	126.079053
172.405612	60.877151	23.811759	126.123452
173.288741	61.571458	24.002664	126.615975
173.716964	59.744682	24.134412	127.806162
174.642829	59.740150	24.165337	124.986216
175.554134	63.183440	24.162175	127.539130
176.846679	70.911059	24.291287	125.979870
177.520628	71.026396	24.266614	125.716863
177.550327	64.655533	24.336306	126.856968
178.461923	62.798470	24.061581	126.894681
179.271684	64.212277	23.908349	128.855772
179.399817	63.372110	23.877427	128.092461
178.249767	64.693897	24.543375	127.638153
179.142045	67.536563	24.107665	128.181172
179.585627	73.095718	23.875410	126.268144
179.651190	71.201381	24.192868	125.000928
180.083296	71.901642	23.961370	127.558022
181.245456	69.708148	23.921277	127.137542
180.917115	67.851960	23.769457	126.264500
180.591205	72.111591	24.386102	124.410319
181.889474	75.414220	23.753520	127.898258
181.927895	74.453708	24.104389	126.019288
180.907038	65.979038	23.846726	127.337361
182.079055	59.249394	23.462818	126.403085
183.381122	59.495965	23.867982	126.398579
182.782870	59.575094	24.457332	127.970961
184.442780	58.604014	23.826775	127.850905
184.661655	58.887244	24.149645	127.159162
185.574574	57.121514	24.036016	128.500697
184.944140	60.547197	24.163754	128.114530
185.560515	63.693399	24.031508	126.015511
187.175433	63.467006	23.915701	128.060395
188.199049	62.055971	23.676017	128.542553
188.007657	67.276500	24.205206	128.750297
187.739462	71.129716	23.341220	125.262948
187.331091	64.601500	23.892475	128.860446
188.208009	64.961434	23.875503	126.976678
189.249704	62.852042	24.086728	127.849092
189.063816	61.198264	23.724513	128.543083
188.595796	63.353105	23.827661	126.318322
190.080967	63.380475	23.670285	128.087743
189.824781	66.208709	24.112231	127.051293
187.999138	62.664748	24.472888	126.807486
189.551040	63.597920	24.137779	125.910647
192.558175	62.571608	24.256741	126.502367
192.841735	60.447857	24.100164	130.277016
193.345325	59.316101	23.905329	127.964347
193.593746	58.833774	23.898011	127.563549
193.732821	63.899202	24.043063	126.784132
194.018768	66.855254	24.349554	126.672902
195.676013	67.916840	23.489593	126.442770
196.513692	58.878838	23.743118	127.447547
197.534494	56.467367	23.789111	128.272893
197.952971	58.672547	24.474460	126.907161
199.375768	57.730013	23.970320	127.283574
199.792599	56.133032	24.014172	127.234798
199.920071	53.800634	24.281439	127.374788
201.423933	64.818948	23.622496	125.916545
202.873377	64.691109	24.410966	128.715127
203.598676	64.437835	23.950246	128.578603
203.686847	63.730378	24.393824	128.041401
204.893654	65.564173	23.932319	125.602868
205.498012	65.280123	23.746737	126.391477
206.452387	63.055708	24.267770	127.271703
207.774771	63.826182	23.275721	126.715286
207.778191	62.644914	23.864641	129.684325
207.687959	63.735116	24.046326	125.514986
208.215831	60.063352	24.211522	127.322811
208.703489	60.566845	23.696170	128.954562
208.963178	55.955475	24.382141	128.614492
209.673751	64.986847	24.299224	125.755871
210.200847	69.634578	24.103560	124.841215
210.942817	71.549240	24.109895	125.906682
211.454804	66.393995	23.342938	129.456450
211.877782	64.327161	24.220718	124.444955
212.689375	67.449346	24.073454	124.680891
213.618642	63.167776	23.779177	130.494387
213.303116	67.427974	24.037110	128.016224
213.896816	67.126043	23.874300	128.393028
213.527066	66.354321	24.407953	126.632165
213.708677	66.380803	23.607979	125.511886
212.730346	65.625576	24.362051	128.086208
212.340577	67.360334	24.477871	127.058902
213.683055	62.856097	23.835388	125.697585
214.542001	59.862406	24.150322	127.627013
215.921229	62.467763	24.375319	128.973501
216.944588	68.582148	23.887200	124.966157
216.811478	67.625611	24.088668	132.140362
217.193222	62.483798	23.460722	128.055868
217.271440	58.882892	23.981785	130.014908
217.477633	59.379446	24.300017	128.723551
216.368861	64.073039	24.295065	125.135116
215.956651	64.561735	24.213222	128.000622
217.355934	67.557029	23.605626	126.486915
216.872515	64.091732	23.960758	126.964701
216.471865	64.398259	23.430379	128.495250
215.730215	65.312983	24.089801	123.654224
216.018861	60.750829	23.957717	126.631508
215.609951	64.813967	23.923827	128.905976
215.982656	62.793372	24.141144	126.170355
215.761806	58.694544	23.838154	129.325287
215.485165	63.270413	23.970542	128.848697
215.124410	63.819088	23.800064	128.795584
214.857250	58.785443	24.330165	124.071157
215.438125	56.108181	23.810189	126.677224
214.929350	55.712421	24.339175	127.008521
214.797427	62.487497	24.102826	129.938979
214.843618	65.665030	24.431477	128.350029
214.818069	61.406850	24.245139	127.500996
215.604035	64.115889	23.820617	126.085987
215.813506	63.473803	24.048487	128.796738
215.476821	60.467892	24.228522	125.277088
214.955834	57.544199	24.475269	125.109345
214.826443	59.025752	24.062701	125.624478
214.513877	59.975924	23.911765	125.923104
214.698234	64.012433	23.696256	128.161519
214.744842	66.784502	24.342851	128.480195
215.831962	65.951361	23.529001	126.626881
214.879303	62.968510	24.435722	129.361601
213.320859	63.528629	23.901481	124.725906
211.887801	62.297622	23.850321	127.425221
210.647552	57.816089	23.733546	128.700987
207.170446	58.290590	23.161505	129.490532
204.477591	57.504896	23.804021	125.822757
203.459325	58.178536	24.128390	124.830872
204.601237	54.973239	23.771655	124.561380
205.660349	55.557230	24.251969	127.071060
206.135070	57.458734	24.299981	130.871612
207.123794	61.731109	23.529424	126.231579
205.750279	56.060111	24.229651	128.566924
205.259434	52.146283	23.876183	129.154840
204.820587	52.091441	24.141627	128.617038
205.881256	55.188957	23.915757	126.445091
206.173700	58.671863	23.828867	123.759352
206.700263	57.566976	23.572600	124.449929
206.571209	56.602310	23.771875	125.176958
206.649986	56.917142	24.279016	127.907329
206.231421	53.866649	24.120750	130.329591
206.589174	52.407240	23.531222	127.342379
207.228734	52.125295	23.996925	127.282488
207.515018	52.152844	24.101387	124.408546
208.477022	46.502983	24.143356	126.743390
207.548397	47.490335	23.933652	125.223473
207.958687	47.462162	23.718705	126.238375
208.837521	46.963770	23.241432	126.978930
209.787006	38.317424	23.946612	127.837044
210.447345	38.447997	23.899115	128.225817
211.145683	42.011854	23.760663	126.555732
211.509082	50.349669	23.588114	125.791518
213.038914	46.092680	23.944259	128.098469
212.308112	44.246753	23.711666	128.237354
211.544542	43.839787	24.275352	128.469297
212.640174	46.132785	23.903597	125.380614
212.814143	40.375338	23.654079	127.735372
213.947487	40.814102	24.142595	129.939939
214.787420	46.111038	23.744350	128.535529
214.741832	57.959133	24.270147	125.158667
213.082406	53.983893	24.230349	126.934377
212.875348	52.831106	23.593268	126.919250
212.809563	47.182333	24.211662	128.692142
212.300180	47.367758	23.774843	127.557645
211.453294	50.678194	23.797860	127.474414
211.320332	48.605660	23.628834	126.088439
212.163591	52.036119	24.073022	125.084515
212.447536	58.042900	23.884848	126.270038
213.381831	55.621370	23.624449	127.329754
213.513680	55.210228	23.881065	126.192950
213.594638	52.247646	23.965113	130.017207
214.891837	55.737159	23.853024	129.008702
216.016870	62.603027	23.435162	128.346449
215.541757	63.654445	24.187197	128.002668
215.495916	63.154303	24.254967	123.692942
215.414323	62.062597	23.867159	126.239105
215.769552	63.471971	24.059793	126.684610
215.840115	63.435429	23.936567	125.747554
214.863649	63.789277	24.070520	125.424045
213.825552	62.157428	24.098537	124.807401
214.081320	64.831244	23.821955	126.326139
213.438076	67.805729	23.717275	126.942453
213.453622	64.497418	24.309432	126.982475
213.355468	56.334660	23.850064	126.840971
212.943676	55.541198	23.731397	127.201978
212.129150	58.878739	24.043466	125.845231
211.661428	62.353002	23.607318	128.517933
212.650086	55.616910	24.198053	126.624380
213.063589	56.806863	23.782082	127.302160
212.754122	56.547684	23.801912	127.931358
211.492851	57.040622	23.965999	128.492515
211.371676	61.658996	23.302633	129.432946
210.964812	71.397150	24.089694	125.378282
211.238842	68.158806	23.729270	127.475184
210.097501	68.628761	24.204384	125.795079
208.940718	62.109091	24.143810	128.527345
208.261271	62.530089	24.164229	127.376581
207.668113	61.347957	23.947683	127.357665
206.855768	61.778416	24.508670	127.822589
206.115109	57.250541	23.870367	127.661502
206.924162	56.266902	23.987203	125.259028
206.890848	51.828546	24.362440	129.054494
206.862127	57.882220	23.915010	125.766179
207.375902	56.629536	23.675971	124.111595
206.659712	52.585436	24.168117	127.706584
205.937081	51.214345	24.225763	127.217519
206.959679	53.534270	23.677325	124.168752
207.291319	55.067123	23.882450	127.109798
207.224765	59.959295	23.558521	124.707722
207.292181	55.151592	23.965237	127.542683
206.773672	54.169529	23.862824	127.728485
207.237234	55.622790	23.836811	124.877889
206.861336	55.073189	23.661946	127.385644
206.803986	54.086553	23.921975	127.351945
205.895644	54.225248	24.041272	126.795111
205.625963	54.470620	24.143626	126.074394
206.094529	50.522487	23.648077	128.261876
205.108874	52.652479	24.261875	127.279846
205.277951	60.069711	23.690163	127.096258
204.189046	60.687231	24.110984	125.541341
202.248287	55.586485	23.741944	127.277351
202.745569	59.220666	24.393285	130.368433
202.978710	63.559562	23.802143	125.660046
203.319430	62.730688	24.261890	127.468101
202.354367	60.671920	24.264273	127.168156
201.049200	62.638788	24.289264	129.156328
200.437840	64.827153	24.172519	127.349539
199.811049	60.756223	24.057523	129.381747
199.009628	60.902788	23.694718	126.536553
197.957497	58.398861	23.948227	128.019107
197.910885	56.944508	23.617728	125.572125
197.025815	58.097720	23.634792	131.154168
196.333446	62.058864	23.803756	125.782039
196.852886	60.937321	23.580978	123.691028
196.032727	58.023731	23.662853	126.773014
195.748685	57.266528	23.946850	125.910237
196.318889	61.154752	24.390335	124.434787
196.467337	60.194443	23.879173	126.937802
197.694202	62.913207	23.935107	124.451734
198.004816	58.525247	23.405105	126.854399
197.046779	56.881937	23.464275	127.161254
196.451193	58.067800	24.692521	126.711253
197.057474	56.852434	23.639219	126.165793
197.193984	57.275725	23.336283	124.905961
197.908098	58.297519	23.260923	127.578897
198.587817	64.795482	23.811121	125.484496
198.759068	63.490649	23.535058	127.084170
198.649248	58.105588	23.789632	128.776170
198.227636	59.753793	23.559069	127.766455
198.528076	63.265652	23.884947	127.184454
199.424877	66.087052	24.121434	125.275413
200.604871	63.266248	23.799653	128.687138
202.426234	65.332037	24.033941	127.642530
204.641614	67.357851	23.588249	126.790410
206.397134	63.318024	23.583090	127.701759
207.362354	60.652768	23.614337	127.477726
209.203529	60.285714	24.615757	127.916537
212.199231	63.387936	23.580182	128.583299
212.405329	67.490628	24.198874	127.788172
212.977841	67.243667	23.768171	130.086698
213.315369	70.957893	23.763827	126.029509
211.895632	66.159624	24.298649	126.100076
211.213928	65.081308	24.199187	123.206601
210.691625	62.006295	23.280776	126.980330
209.763531	59.741348	24.136291	127.902388
208.859416	64.126898	23.613023	126.316088
206.957226	65.145841	23.999570	127.321854
206.463991	63.352411	24.267554	125.592409
203.700601	53.288793	23.793642	127.052414
201.265511	51.381188	23.700904	126.192429
198.607496	51.761917	23.829990	122.879743
197.569808	55.510814	22.643147	121.528552
194.976814	50.774389	23.335428	121.690443
192.289120	59.002920	23.486031	122.486210
187.374985	62.771656	23.902694	118.924402
189.376957	70.290458	24.252093	117.040587
185.582951	58.767405	22.663544	121.378851
176.166770	45.231557	23.853934	123.138650
172.811230	45.465487	24.167290	124.077960
170.779496	49.801912	23.009264	126.004815
169.462271	60.181502	23.964094	125.660518
169.453647	39.749234	23.812682	124.950306
173.361092	38.399442	25.749602	119.894865
179.004696	41.569489	22.539587	119.933820
179.146381	41.295371	24.451997	120.792839
180.000957	33.663718	23.949346	120.137096
180.059101	29.591741	24.382050	126.446059
181.817811	32.901223	24.108274	124.285438
185.478247	32.144971	22.326881	124.290230
185.616696	34.906237	23.580713	119.565677
186.054076	29.047256	24.200195	124.708378
172.598004	55.252012	25.359969	132.130869
173.713819	65.296874	23.731392	125.561924
174.890024	65.218008	24.100946	126.668858
176.142146	67.550080	23.333319	129.787510
175.220302	70.239133	24.238154	123.412253
177.218828	68.422502	23.633251	124.098803
178.229453	69.137244	24.354007	126.879587
178.680093	63.925147	24.006185	127.301271
179.489141	62.520286	23.774552	124.442402
180.647116	57.782581	23.590461	129.256569
182.233552	57.402646	24.209924	128.759183
182.949847	63.354577	23.673999	126.506204
184.507785	64.685527	23.682464	125.122519
184.485546	65.574111	23.891915	123.894229
185.915317	58.395974	23.793631	127.110812
186.945165	51.254985	24.288540	127.236237
188.559154	56.319122	24.090060	126.017549
189.788282	58.937459	23.758815	130.283537
191.539932	60.878420	24.232548	126.378029
192.713768	66.499736	23.513390	128.485896
194.242178	63.628332	23.894649	129.618633
197.105137	64.895440	23.557144	126.991752
197.202838	62.199313	24.058801	127.284597
197.461392	67.607544	23.851079	125.325084
198.495366	67.217562	24.250003	124.133220
198.904754	70.816654	23.925820	125.783613
199.011016	62.309073	23.844475	126.785848
200.370885	53.498871	23.679144	128.842971
201.873276	61.322954	24.524685	127.793547
201.541760	62.239674	23.964363	127.183929
202.055624	60.063046	23.559048	123.619057
203.114135	51.273603	24.145550	128.185836
204.558307	51.919141	24.267446	127.485020
205.424682	55.075162	24.044437	125.728956
206.644095	58.831044	23.863615	127.340535
206.017223	61.507597	23.718089	126.027845
205.760412	62.500237	24.057033	127.250925
206.696206	57.637275	23.870949	126.700860
208.274932	58.103591	23.636691	125.758540
207.117826	60.559675	24.517745	126.650992
207.024970	62.369883	24.296362	126.987514
205.736747	58.265962	23.757176	125.091219
203.880845	53.833984	23.898602	126.744539
203.417965	55.360885	24.409902	126.559505
203.647935	64.652150	24.080393	125.971908
204.273586	66.931654	23.612695	129.236785
204.588455	76.406940	23.988936	124.729931
206.018693	74.891705	23.959564	127.353301
205.848377	69.766735	24.346090	128.018090
205.877648	69.826564	24.480729	127.873698
207.227792	74.531550	23.652532	126.372474
207.474625	80.653210	23.693868	125.759273
207.291485	78.108725	24.234305	125.859038
207.393540	74.869243	24.450335	126.907871
205.871490	78.809590	24.532410	126.863571
205.103123	84.459555	23.447002	122.407698
204.885615	78.106545	23.579936	128.585418
205.664984	76.505146	23.803888	128.038179
206.953962	72.930626	23.952881	128.203224
207.832912	72.069619	23.802635	124.660783
208.485373	68.568840	23.784189	128.460895
207.285239	70.843170	23.767147	128.113439
207.089389	82.959171	23.674668	123.348622
207.386526	85.658116	23.547432	126.951978
207.893349	89.612517	23.990189	125.976243
208.631286	84.247119	23.757572	126.434800
208.699904	76.081272	23.592936	127.699221
209.000381	70.915954	24.104554	128.251767
209.865499	69.480076	23.871304	126.910018
209.811553	68.456833	24.084087	127.274934
209.309247	72.113572	23.729720	125.014300
208.432422	74.828560	23.959179	127.900977
207.961675	75.098628	24.153308	128.058425
207.420675	76.374952	24.298057	126.579887
