264.000000	311.000000	37.000000	69.000000
265.531845	311.351891	36.818679	67.275361
264.837934	306.791768	37.794690	70.039734
266.548110	305.225144	35.894223	68.706153
267.928958	301.059383	36.332343	68.894214
266.344433	303.437403	38.124522	65.239942
268.873079	293.385618	34.869799	73.137204
269.221816	294.566996	36.613345	70.116186
270.032010	301.635492	36.343449	67.748087
271.019777	299.254409	37.103500	67.349820
269.278844	299.818303	35.416341	69.789589
266.933280	299.315981	37.322106	68.787984
265.165059	299.046929	36.627266	66.657286
262.978600	292.665574	36.058976	69.238288
262.715402	291.602467	36.394904	69.542656
261.179025	288.561543	36.752798	67.656484
258.653718	289.036735	36.723914	69.097453
257.433215	289.994406	36.457360	68.840030
255.947403	287.728808	36.885809	70.245705
253.275281	288.877000	36.079332	70.985290
251.999895	289.244890	35.319720	70.481731
251.757576	288.969655	35.094292	66.713685
250.337201	287.341346	35.567151	72.490563
249.178537	289.060771	37.455492	68.228799
247.703608	285.191081	37.624409	68.118346
246.733986	284.966638	36.826876	69.351801
246.374077	284.148908	37.149966	71.372828
244.856791	285.932252	36.457455	67.226850
243.333126	283.750544	36.061659	68.230683
242.973964	282.346595	35.094608	71.940708
241.422302	284.868012	36.211377	68.900314
238.784529	281.580157	35.217293	68.020562
239.094806	281.155973	36.998885	69.724642
236.506831	283.784214	37.536498	68.250958
235.454279	281.565566	37.235605	70.355206
232.509461	281.142565	37.156706	69.400723
230.105338	278.518357	37.765370	71.123925
230.134401	277.039308	35.266932	73.141185
228.983842	278.410506	36.182365	69.542050
229.857082	276.693083	35.987891	68.142983
230.972453	274.695982	35.071930	70.484063
226.538783	277.252738	38.255744	71.005715
228.351447	277.957423	37.997259	66.518923
228.426615	274.552384	35.908437	69.209316
229.316510	275.953067	36.113443	69.023524
228.208653	276.268979	35.597964	69.282578
227.392685	276.873255	36.995543	67.189848
230.267220	279.119954	35.595807	64.237218
227.952016	277.659611	37.106303	68.082567
229.218252	278.894334	37.346153	66.975147
230.406753	278.537244	36.636910	66.045709
229.360827	276.058465	35.474139	68.721631
231.646226	277.006625	35.416814	70.151826
224.612489	275.614955	37.417077	71.811171
232.804465	275.165698	36.698607	67.365001
239.476973	273.331568	36.415784	71.113239
241.017848	274.939315	35.823706	66.873584
244.864480	275.354951	36.480538	69.753156
247.920276	275.137863	36.373948	71.395248
247.397329	276.526615	37.028834	67.765491
241.757658	277.208771	38.141069	66.329204
232.059241	271.727359	37.291580	68.752436
230.421122	270.262966	35.963347	67.557409
228.768112	272.673412	37.641838	68.973486
231.145011	273.778230	36.272018	68.462232
228.584979	274.266029	36.906148	68.473401
226.126445	276.822719	37.223463	68.697615
225.649823	277.610334	37.634033	69.735095
226.173577	278.389574	37.076835	68.753522
226.496651	278.548979	37.797118	68.772118
227.247227	275.892690	37.735599	69.107982
224.828356	272.510680	36.109366	68.507261
223.669756	272.177874	36.979332	69.681608
222.965144	272.639577	37.023828	69.650817
223.953188	270.508330	37.635902	69.743706
223.747897	268.117634	37.489592	68.519481
222.878905	271.349931	37.522044	68.687035
224.238527	270.170997	36.757148	68.930943
224.592497	270.009102	36.665128	68.997024
222.278267	272.478998	36.476105	69.495299
219.997907	274.582670	37.052123	67.994298
219.597597	274.766498	36.912405	69.506028
217.896211	278.853356	37.592230	68.882922
214.865761	281.924642	37.041322	68.349626
215.375582	281.602978	36.326209	68.533772
215.341878	283.616396	37.109391	68.609173
216.548933	284.043260	36.727099	68.676550
216.648510	284.695457	37.940773	69.990220
219.013397	281.856239	36.482692	68.559463
219.857169	279.311683	37.905239	69.382926
224.081085	279.969915	36.337915	68.667321
226.806498	280.702039	36.967517	70.153243
226.982426	282.234393	37.584092	70.026767
221.751442	280.031503	36.459231	67.835511
220.349312	279.756123	37.303973	69.702641
222.758234	282.793743	37.129580	67.566531
227.085846	282.584886	37.581082	68.730783
228.634503	284.521139	37.086984	69.682282
229.937536	285.584007	36.533848	68.867213
231.219261	285.889445	37.025152	69.337411
232.572591	289.588236	36.722020	68.238092
234.298174	290.272104	37.713149	67.686385
234.507528	288.330159	36.637087	68.865460
234.846043	287.097825	37.449802	68.499533
236.861213	288.334144	35.961987	68.538387
238.921147	287.231542	36.464859	69.172972
240.098028	286.802595	37.142114	69.258175
240.255757	286.877277	36.785009	70.345939
241.943613	286.337141	36.996440	70.211168
244.645502	288.800627	36.114918	66.720473
245.066595	288.674544	37.228929	68.762776
246.394197	290.959099	37.097559	69.416598
248.689455	290.783649	37.105305	70.439843
249.624102	293.358588	37.073404	68.938834
251.184676	292.532906	37.059909	68.482583
250.473127	292.328598	36.416799	69.618958
250.183296	290.735545	36.502135	68.580120
252.871342	291.965483	37.002810	70.265462
256.558608	293.619596	36.129603	69.785981
256.668685	293.878252	37.472263	68.344503
254.451705	291.209232	36.845797	68.405551
249.231193	287.589084	37.584641	69.362198
248.445935	289.941719	37.218795	67.873877
248.447007	286.257663	36.973191	69.844075
248.398810	286.219139	37.430921	67.674756
249.375784	287.077308	36.233172	70.132779
249.300277	290.311327	37.428900	68.635467
249.961320	292.249916	37.272704	69.482888
250.547152	292.500492	35.124400	71.455729
248.840734	291.029748	36.837493	69.536251
252.220651	288.312673	36.544497	70.388020
253.367679	286.176779	36.560088	70.066932
253.604085	288.538361	36.823088	69.110694
252.523688	291.879680	36.359125	68.195504
254.376341	294.053654	36.285271	69.349140
252.811588	292.983709	37.093697	70.025655
253.883038	290.933002	35.498721	70.266283
255.998074	291.926144	35.865117	69.830630
254.679145	291.913466	37.912714	68.510531
255.468268	291.549240	36.785768	68.716151
254.764406	292.063025	37.598436	69.160066
255.244645	291.308414	37.090625	69.082856
255.074776	294.893065	37.511764	69.342562
254.770020	294.519113	37.199105	68.195703
255.406233	293.906354	36.626066	68.771499
254.869582	294.568569	37.010754	68.827832
254.015637	294.345337	37.248709	69.159279
252.931029	296.010835	37.524696	68.150698
252.176598	294.893562	36.479694	70.626302
250.263070	292.468770	36.623594	69.289950
247.759592	294.409284	37.449862	68.352738
248.129429	292.191546	35.983213	69.762250
247.410493	290.809462	36.892521	68.979458
248.951405	293.756367	37.313644	69.138371
248.304584	291.982116	37.646422	69.520565
248.178978	291.908924	37.529953	68.032749
249.505695	290.367640	36.809733	68.502610
249.743741	289.989367	36.902884	68.412507
250.719947	292.912131	37.381454	69.640228
252.408294	293.149368	37.862045	67.069114
253.982533	293.303484	36.019426	69.615893
254.232917	293.926926	36.854134	68.549407
255.611103	293.875492	36.823506	67.908574
254.918610	292.842644	36.791749	69.397528
256.096174	293.869226	37.273760	69.873294
257.148476	294.561857	36.373904	69.530678
256.828832	298.058745	37.295643	68.527895
257.882840	295.762239	37.156202	69.837420
259.483419	292.476696	35.892753	70.514202
259.934298	292.339486	37.552163	67.685405
261.858672	290.489626	36.053571	69.946704
260.347643	290.197864	36.874690	68.596827
261.173358	291.190529	36.136615	68.334996
261.933878	290.976241	37.369719	69.345424
262.709512	291.217147	37.513109	67.920449
264.008243	292.679339	36.620497	68.979711
265.858314	293.941261	37.119058	68.237424
265.839452	295.237089	36.757426	69.225661
266.430634	295.094948	37.008116	69.768624
267.160538	296.342464	36.226590	69.866309
269.078786	296.796873	36.922991	69.529070
268.484040	298.512947	38.087194	68.154440
269.115197	300.095759	36.620065	68.945710
267.750348	303.910187	37.002752	67.070145
268.833080	299.667874	37.417693	67.350223
268.780134	301.173147	36.273711	69.102641
268.063842	301.019649	36.535116	70.526380
266.947749	304.533119	37.127523	68.050172
268.246234	301.408927	35.910137	68.516712
267.634761	301.726382	35.988325	70.238531
267.232146	301.699587	37.106022	68.301221
268.102389	301.378972	36.404239	69.382974
268.887040	301.850185	36.927999	68.899937
268.912098	300.881137	37.341940	69.956633
268.752177	301.234992	37.232593	69.728783
269.719121	302.960538	36.380934	68.074170
268.209970	306.307879	37.525973	69.110326
267.456575	306.599252	37.372917	68.843077
265.183927	309.314481	37.649713	67.881523
265.391837	308.531652	36.856482	68.500653
264.626457	307.466777	37.673374	69.998058
264.956481	307.548527	36.523341	70.169231
264.295222	307.210150	36.668097	69.184514
264.036499	306.115181	35.755823	70.530506
263.386560	305.725689	35.816008	68.735152
264.255496	308.312980	37.781264	66.815962
266.060286	305.168023	38.239992	69.068103
266.749579	306.557468	35.939169	70.994678
265.907851	309.289788	37.157247	68.599456
267.038735	310.373151	36.504722	67.481637
267.815781	310.274278	37.781715	70.161783
267.689515	309.064408	36.788849	68.171079
268.231031	308.722784	37.182277	67.737695
267.302142	308.410047	37.505644	70.079501
267.955699	311.725793	37.396961	67.521472
268.627018	312.316735	37.091594	68.864416
268.203915	310.816752	36.638353	68.602252
270.222997	308.528250	36.125641	67.668429
270.031317	308.956822	37.966714	68.377736
269.271486	309.638473	36.628124	70.234436
270.970770	308.020133	37.153723	71.646494
272.042319	309.388864	37.224396	68.347560
271.646562	309.171999	38.008432	68.993198
273.597038	310.515585	36.465306	66.750892
274.528350	311.203881	37.534887	70.185230
272.642581	312.468219	37.218609	70.449446
273.900257	308.107130	36.766060	69.247797
275.997125	307.973515	37.287773	69.772579
274.776635	306.047881	36.611397	69.114002
274.109341	307.760548	36.818737	69.387664
273.106955	310.140288	37.343449	69.294543
271.309136	310.001080	36.529987	69.418870
271.482547	309.752363	37.980694	68.325136
270.986873	307.620286	36.315586	67.319709
270.325585	304.921356	37.214090	68.977845
269.574173	304.964435	38.077905	67.720235
267.514002	304.334933	37.320369	70.159131
265.771602	306.624005	36.310532	68.040786
264.057617	305.473622	35.812805	67.485942
264.510080	304.407620	37.377322	70.492234
267.740498	305.312577	36.950227	66.810985
266.324975	303.208842	37.136128	67.115931
265.164028	297.854347	37.101789	70.167150
265.474175	297.123411	36.932708	67.946490
265.568706	291.875971	37.257563	67.935926
267.087135	288.872606	36.330660	69.293722
265.999353	291.565813	37.014262	67.253903
266.858565	295.014389	37.503095	70.436104
266.620856	297.747444	37.066737	68.709586
262.190413	288.898052	36.304417	67.744064
257.364288	284.103051	36.739995	69.528153
250.434696	284.349588	36.706362	69.333688
245.491117	280.994673	36.962978	68.448351
243.408728	281.247915	37.105111	69.739528
244.669252	286.456682	36.581178	67.814999
247.605153	286.025434	35.814800	68.322829
248.432249	285.048706	36.190645	68.288953
247.753402	284.545767	36.848732	70.106357
246.360230	284.742905	36.937072	71.025364
243.735458	284.078891	37.352713	69.478079
242.629934	284.236688	37.968547	69.903572
241.614955	284.077881	36.058990	68.983769
239.336993	284.202900	37.005867	69.761695
238.337089	289.341641	36.991949	69.005431
239.070554	287.957029	36.915857	70.444428
240.932133	286.644266	36.704042	70.028581
240.529766	288.084190	36.372550	70.052024
241.992854	288.564954	36.219890	69.774429
241.115692	286.791223	35.680836	68.516762
239.940512	288.450479	36.470255	69.634677
238.018609	284.467811	37.435781	69.275753
237.164876	283.244935	36.904415	70.337823
236.926712	287.503123	36.449088	66.897403
237.183255	284.292608	36.925075	69.301007
236.014000	287.126043	36.875084	68.562347
236.394102	287.950538	36.225575	68.686902
236.709292	289.321793	37.429724	69.514929
234.240157	292.062695	37.742698	67.455742
232.594647	291.707402	37.608191	70.840305
231.792675	294.296872	36.507356	68.657113
231.535184	295.222440	37.347775	67.712861
230.314149	295.213449	37.597770	67.569513
229.130616	293.414346	36.649854	67.665733
228.252307	293.614946	37.419001	68.458727
229.820794	292.364441	37.336807	68.524146
229.859831	289.197648	37.193040	69.643891
229.392977	288.165043	35.528394	67.888666
227.861248	286.388865	37.727876	68.978454
227.451058	283.685274	36.559572	67.844323
228.457520	279.994333	36.991972	68.678938
230.060201	277.550987	36.020839	69.879379
229.150008	279.013305	36.406950	68.976379
229.243506	276.842182	38.505962	69.275862
232.841074	278.113185	36.435880	68.273747
233.789177	275.130591	36.464074	69.258536
232.532807	274.877655	38.190921	69.711084
233.769899	277.021830	36.976558	67.573744
233.996947	278.904572	36.580489	67.430403
234.686194	277.780679	36.266685	69.614888
236.265131	277.912671	36.584774	68.953743
239.296519	274.013168	36.725171	71.303237
241.302804	278.248968	36.195941	69.132777
243.675731	276.549413	36.489206	70.305141
245.945885	276.919210	37.255720	68.485017
248.492490	278.516301	36.387146	68.775183
251.990698	279.010639	37.334639	68.945566
256.505914	274.987217	36.624064	70.892872
259.118532	276.592810	36.922699	67.259881
263.163093	276.972196	37.807440	67.862985
267.454595	275.759520	37.119086	70.714722
271.947049	278.144673	37.659181	68.370012
276.903275	278.611122	36.506634	68.406690
280.629341	281.111006	36.036411	67.246669
282.979283	280.821245	37.080638	68.138733
284.028915	280.583639	36.925364	67.601983
282.528963	281.697065	36.884057	68.089398
281.567659	279.645431	36.988462	68.526853
280.172334	279.401053	37.483941	70.564316
282.023234	278.683448	37.256409	69.435954
282.880545	278.853893	37.689188	67.719636
285.780938	278.158117	36.383574	69.099860
285.873879	276.531590	36.602518	70.327503
286.759992	278.551995	35.977179	67.711451
289.163671	279.286223	36.276920	70.336778
290.392846	278.241794	36.826107	67.535155
288.003346	277.245980	37.032452	67.727695
287.358823	277.761815	36.809119	69.327682
286.593097	276.928319	37.351011	68.787163
286.677486	276.718362	36.934702	69.919063
286.490819	277.722634	36.512448	69.275618
285.749786	274.472878	37.526669	69.065479
285.621583	272.183518	37.423588	70.965115
284.665008	275.838516	35.660842	68.705101
283.431026	273.429336	36.925717	69.380808
282.357117	269.195875	36.690867	68.272247
278.973526	265.641333	35.042099	68.003346
274.282915	272.287263	36.458517	68.789481
271.929433	280.516756	36.401634	68.509331
274.552541	285.462840	37.443585	69.304029
279.917441	286.018416	36.816272	68.920745
286.603775	284.648228	36.592206	69.388636
285.239562	285.162345	38.049178	70.125987
282.432411	290.122906	36.286175	70.291113
278.822727	294.457903	36.778766	68.533973
276.344923	290.720300	37.599722	68.751668
275.022047	280.943169	37.142646	69.471264
271.747790	279.208623	36.341499	69.239934
269.343234	282.839472	36.007753	70.710084
263.658424	285.081081	36.047021	68.721338
259.020863	284.319376	37.017179	68.600395
256.169550	284.247473	36.651782	68.664768
254.843816	287.037881	37.547178	69.643961
255.294993	289.630034	35.774213	68.198831
254.964078	291.554684	36.931978	68.770500
254.543896	294.612028	36.999254	67.681165
254.194708	294.384866	36.090581	70.314903
252.048302	297.895596	36.926404	68.354784
251.369449	299.312566	37.135460	68.180463
251.937379	299.982780	36.952595	69.193190
252.475134	298.559143	37.203729	68.702829
253.858892	300.060135	37.285525	70.187140
253.374445	300.734394	36.846334	69.745339
250.631174	300.924632	36.580928	68.047216
249.907120	300.742307	36.340447	70.395627
246.172851	299.997300	37.411395	68.719787
246.370680	298.944901	36.980721	69.886401
243.968353	297.368446	37.567050	67.874821
239.085581	296.439862	36.471090	72.388250
233.422826	298.986072	35.449139	68.309790
229.255518	300.555687	37.315798	68.285756
223.634722	298.984349	36.259150	68.683696
216.823717	296.995697	36.802424	69.918268
216.234954	296.544179	35.587430	72.653814
213.234137	301.518813	36.859996	68.436290
212.715251	303.355859	36.278940	70.115316
210.467660	309.638955	37.142638	65.931163
210.472735	311.554803	36.372288	68.950451
209.663457	314.335882	37.452343	70.188816
210.422259	317.404052	36.612246	68.446109
208.886259	319.171328	37.750876	69.655365
208.088533	321.146736	36.486676	69.424882
203.349703	321.752505	37.105989	69.181382
201.862464	322.439446	36.421362	67.204910
198.277821	319.585554	35.972157	67.747809
195.493345	322.028005	37.486546	69.749153
193.095083	325.372196	36.586842	68.930236
189.658035	325.386990	36.218306	67.434382
187.229350	330.178209	36.687512	67.660878
184.942599	330.890175	37.267587	69.746620
182.515020	333.337282	36.556834	68.159949
184.494123	332.312735	36.215204	69.624250
182.700487	333.751157	37.529149	68.455890
181.686138	336.060839	37.229228	68.772303
179.076412	337.606073	37.094438	67.101806
178.219719	340.477010	36.456955	70.462705
176.242045	342.549053	36.914122	68.629661
174.123192	342.919085	36.938695	69.650024
173.220812	345.635176	36.505325	69.046125
171.321907	347.513705	37.086914	68.300426
168.275726	349.135667	36.593691	69.614317
167.255077	351.821054	36.297331	68.390009
165.109640	352.981946	37.194032	68.951734
163.921512	352.993276	37.059149	69.462520
164.544183	353.969450	37.852934	66.702410
167.052969	353.667555	36.715337	68.672814
166.454969	353.387712	36.119649	68.935333
167.887599	349.916978	35.816699	70.412001
170.845495	351.511152	35.562561	67.996036
172.405422	347.816756	34.223864	68.228999
174.170036	346.337291	35.861385	67.560613
172.803141	349.434517	37.083963	64.603424
174.313190	346.167669	36.189743	69.080387
177.564880	342.198817	37.843731	71.024324
180.050095	340.848474	36.981984	71.312097
184.142105	339.513931	35.979506	67.656520
186.854276	336.196357	36.487766	70.649207
190.657473	333.874751	36.795153	69.804256
195.116632	332.179388	37.018253	69.149101
200.902688	331.378885	36.838221	68.132073
203.993947	328.594626	36.808100	67.925283
206.452918	327.860334	37.600248	69.884228
206.418264	327.328753	37.380174	68.223404
208.631023	326.936806	37.220169	69.478750
210.058468	328.486990	37.046045	69.392692
210.097275	330.046564	37.034001	70.238178
210.724811	329.313143	36.699008	69.052756
211.277231	335.083733	35.599758	67.648888
214.729993	335.240046	29.527806	67.044468
211.787535	333.547700	36.417455	68.116107
213.637142	332.571946	36.752742	67.605456
215.750942	330.913111	37.528532	68.097867
215.033599	329.984415	35.484067	70.852439
216.718552	327.984398	36.493970	67.771422
214.500690	328.599576	37.741808	68.840904
213.399432	328.220733	36.002978	69.518207
213.284909	328.408835	36.210479	69.478307
211.741155	327.086416	37.313433	70.174879
210.634088	327.280962	37.624650	70.525848
210.265356	328.167509	37.585460	68.962441
209.709906	327.524293	36.711574	69.764105
207.688244	329.527670	36.783620	69.622327
206.672677	329.302788	38.101134	68.299093
208.271569	329.016857	36.588835	67.603902
208.549548	328.530433	37.644467	68.979803
208.522661	327.085932	37.966541	67.796717
208.540132	323.399590	36.316420	68.895858
210.524596	328.195276	35.750114	64.672523
210.561418	328.043737	37.154948	66.694090
207.794288	327.075069	36.914178	68.617010
207.350484	328.133714	36.915584	68.557022
210.415165	326.305210	36.201099	70.057295
210.878803	327.271339	37.888535	71.676185
211.661730	328.155774	37.073911	69.367487
211.645156	330.415925	37.208723	69.129115
211.754878	328.321499	36.811537	68.262711
211.658641	328.844037	36.401892	66.508601
212.510393	328.186937	35.155135	68.463297
211.052843	326.848695	36.948108	68.759330
210.745113	329.714027	37.097087	66.967081
210.654293	328.605200	35.838725	66.074024
210.145138	329.350931	36.793416	67.499807
210.364428	324.957833	35.875493	66.053591
210.297353	329.330546	37.374979	61.037852
213.026158	328.030735	34.168310	59.116225
218.686874	327.268849	32.659683	58.040554
215.852237	323.035829	38.232124	63.271535
216.505059	323.835921	37.517257	64.919435
217.134627	324.019649	36.549004	67.079496
215.346131	323.399444	37.349025	67.740986
216.106672	322.442209	36.405528	70.103422
215.216413	323.457874	36.592445	68.744320
215.253740	323.453336	36.418850	70.031396
215.934867	324.734158	37.079931	68.573486
215.617316	321.847568	36.862278	70.236106
215.438723	322.334091	37.067985	68.315986
213.222770	324.693038	37.112039	67.756202
214.051738	326.070076	35.172764	67.682339
215.095182	323.302238	33.849737	65.356645
213.642597	323.251660	35.792540	70.466801
212.451996	327.871058	36.545055	65.768305
214.051817	326.354229	34.446121	68.045840
214.570207	323.202098	36.136157	69.077096
214.209988	323.277020	36.295963	69.603071
212.961571	322.769602	36.045014	67.271874
210.423738	320.119697	37.011031	67.143611
211.719860	322.820160	36.845621	67.219314
213.015374	321.904533	35.916600	68.379520
213.727914	325.159285	37.197936	68.395223
215.630190	325.013997	37.020838	69.703007
216.527667	324.962188	36.884419	68.308667
216.249527	323.547062	36.336983	69.841582
216.876364	324.140119	36.543362	69.484057
217.636243	323.177115	37.050217	68.252024
219.904414	318.488729	36.388753	68.731353
221.904774	320.227846	37.148406	67.320008
221.697371	320.943789	36.999397	68.688384
222.343786	320.844409	36.646868	68.846923
222.854975	317.782939	35.911271	69.700310
224.874618	319.928492	36.426040	67.453976
225.352203	320.657985	35.649329	67.935727
224.647651	323.355190	35.940866	67.098831
224.305506	325.450779	37.082240	68.511548
224.499549	325.597894	36.860156	73.322704
226.448318	327.819831	36.840838	67.136462
227.152614	327.831731	36.489667	68.833100
226.416494	328.934333	37.144332	67.330422
226.653431	325.410603	37.379708	69.777669
225.386386	330.167797	36.745940	68.756716
222.635874	330.544744	35.462040	68.159255
221.343371	332.697608	37.418931	68.382033
220.882950	329.032953	36.007124	70.635917
219.632910	329.759268	35.633745	67.808623
219.151443	330.608941	35.013949	68.537116
216.963634	331.388016	34.945735	65.958685
217.317311	329.971638	34.499899	66.592581
217.386866	330.452092	35.217237	64.224663
215.948939	330.828238	36.915688	66.983282
217.347716	330.734689	35.488182	68.161273
218.079757	328.138664	35.186686	66.652929
219.355414	328.281749	35.927257	66.738029
217.401181	327.427258	36.995809	63.900527
217.879898	325.963862	35.175273	69.434282
217.803112	327.006871	36.193581	71.045382
215.404291	330.173092	36.604946	67.164806
215.050128	329.833346	37.267973	67.621943
214.849849	330.006936	36.322407	67.990155
214.380453	330.439442	35.321257	65.166323
213.908754	326.811964	36.164125	69.472262
211.925989	331.979110	36.959370	66.161255
210.818223	331.855132	37.023405	67.935113
208.957438	331.288373	37.676349	67.743695
209.934956	332.984379	35.375792	67.780114
206.437695	330.686637	36.826144	67.975490
206.269409	332.541172	38.124175	68.014632
206.585089	330.154675	36.212945	68.206883
206.170954	332.559804	36.381199	65.287929
207.629159	330.580032	36.399512	67.596534
206.392532	324.679800	37.668763	66.610795
206.534655	321.345873	36.413342	67.682926
206.681197	321.389775	37.099948	67.496867
207.252377	322.325017	37.123530	65.523950
205.963256	320.703185	36.805683	64.203639
205.842874	320.905041	36.286637	67.103179
205.393618	323.057918	37.490201	68.714482
202.843470	322.974018	36.625530	65.897251
203.148575	324.174506	36.512731	65.632256
202.998114	323.991421	36.213914	68.304636
202.734470	325.824730	36.314576	67.177197
201.570839	323.325471	36.720167	67.815773
199.281584	322.293103	36.513566	70.742136
198.255213	321.437627	36.910714	69.324546
196.754730	324.254510	37.099785	68.078048
197.253959	326.315391	36.738700	65.036965
196.491999	323.425259	35.842161	68.032478
194.509075	323.515973	36.022504	69.146329
192.708809	324.903072	37.091800	67.967221
196.010515	326.850689	36.938159	69.167416
196.392761	326.462605	37.412625	69.378084
195.874885	327.496427	35.261846	68.305552
196.534501	327.262269	38.131258	66.924534
197.496075	326.565002	35.857164	65.141813
197.755496	328.595163	35.845779	66.814788
196.047320	330.210985	36.419376	65.820293
195.338878	326.754613	34.960502	67.953281
194.730471	327.699719	36.327738	68.818386
195.755057	328.604172	36.646680	69.555166
194.005469	332.780419	36.872137	66.044452
191.615022	334.105011	35.559369	66.728247
191.396496	335.841748	35.459885	67.425437
191.289885	335.620936	37.283117	68.609242
190.988251	330.454681	36.543781	67.782278
190.344279	332.692653	36.410060	68.030821
189.282621	331.817654	36.867828	70.470013
192.795774	328.374443	35.879600	68.750667
192.455321	330.501332	36.362351	70.276826
189.867971	329.879360	35.945571	68.806723
192.290692	328.507083	35.685876	71.175763
192.805822	326.979113	36.449539	68.547032
193.823066	326.503997	35.518969	69.181516
195.908467	323.583613	35.763392	69.309524
195.059771	321.230282	36.408301	67.950872
192.906748	323.407245	38.049748	68.670325
192.034975	323.322752	37.517751	67.340466
193.823594	323.155552	36.481504	67.211046
193.346028	325.417585	37.272173	68.984766
193.180831	322.789402	35.293074	69.500164
194.447982	324.004418	36.366005	66.626387
193.480663	322.072790	36.408116	67.655162
191.362616	322.831842	36.468981	67.774603
187.446196	323.870292	36.236576	67.204384
185.860153	324.164768	37.376097	66.938575
186.701438	322.861708	36.749309	69.651147
184.967772	326.459743	37.490075	67.576165
185.043236	327.927431	37.315285	68.572397
182.927516	329.000576	37.030797	66.633169
179.609588	327.673359	38.141529	67.269122
178.584261	326.305851	37.034750	67.729526
178.607184	328.948741	38.281049	63.725848
178.650561	327.996149	37.681190	64.607124
177.909393	325.595999	36.767797	68.681185
179.768900	328.589419	37.125970	64.876117
177.575194	331.015454	35.982932	65.737678
177.896093	330.155237	36.469222	66.948279
176.214901	327.948422	35.857446	65.452232
176.032283	327.917815	35.981164	68.801170
177.503752	325.952277	36.086880	70.484539
176.839253	327.899572	37.742680	65.598857
177.061118	328.027338	36.126219	66.579794
177.425450	332.769854	38.538901	65.518887
176.327870	329.059686	36.712597	65.468763
174.518325	330.007757	35.826634	67.577295
175.589964	331.819661	35.130570	68.966723
171.340286	327.774564	36.637925	66.895188
170.802639	329.739492	35.161437	65.712076
170.281547	331.409344	37.821909	67.568444
167.886668	330.634190	37.508180	66.953904
169.155682	333.874312	35.603490	65.881798
170.559623	333.724120	35.498676	66.479486
171.249067	331.863189	36.872711	69.603809
172.776300	335.266488	34.779754	68.150469
173.549081	336.755574	33.562537	66.952515
178.424962	331.241499	34.224626	70.901631
179.707254	336.192675	39.100360	65.795947
187.764850	336.438289	38.132449	67.076219
191.627745	336.577059	36.358623	68.063415
190.308146	332.787894	35.164404	69.806551
193.140615	332.329195	36.940341	66.987794
195.136599	331.212912	36.954383	67.947176
192.521999	332.222635	37.466402	66.104826
190.344630	330.966576	37.233258	67.924628
187.827759	328.013642	37.018300	68.908228
187.144560	328.469294	36.669954	68.085660
187.419786	327.107777	36.738300	67.551703
187.858474	324.353007	36.785595	68.141813
187.934717	322.984619	37.027865	68.735368
186.655124	319.801117	37.563233	68.162643
184.687245	315.977507	37.227474	68.248868
181.100873	313.722806	36.823791	68.739120
175.730526	311.841497	36.838381	69.847112
170.530590	312.709749	36.972621	68.912055
168.749587	316.845265	36.574885	66.481759
168.012872	318.152278	36.287041	70.023361
168.755396	322.370871	37.370193	65.961825
167.592292	323.421049	36.278403	67.086485
168.538350	322.042405	36.500049	67.048525
169.118076	319.254544	36.183622	67.569559
168.260635	318.357265	37.217334	67.086796
166.833685	321.932663	36.244881	68.982289
167.660800	323.865168	37.455635	67.410273
168.410211	323.580991	37.459355	69.787514
169.363721	324.519513	37.116320	67.954074
170.092226	325.011184	38.224330	68.362725
170.460407	326.767836	38.494165	67.647391
170.516519	328.898066	37.379809	67.225278
170.478298	327.571510	38.120102	68.051452
172.136715	329.910551	36.506784	69.867648
172.489495	331.710182	36.606275	68.409445
170.184598	332.601936	37.286478	68.208240
171.119799	331.281631	36.655308	68.483234
170.861206	329.686789	36.413375	67.924822
172.148520	331.352245	37.541088	67.003698
171.548164	331.254658	36.444554	64.890994
172.065239	326.053395	36.757808	67.787408
173.477602	326.865558	37.810941	66.202862
172.092625	324.271608	36.963250	67.664186
173.837751	320.234333	35.584705	65.370686
174.195439	317.796991	36.122444	67.835027
175.769579	320.716556	33.691866	64.072704
176.939984	316.660613	35.387733	66.148052
178.309953	317.557397	33.813369	61.771038
180.353393	315.987919	32.697229	61.996214
180.976829	319.772987	33.106599	56.219111
175.900750	320.513482	36.612108	61.287505
175.473756	328.817549	36.218717	65.747261
172.559395	333.828328	38.772980	62.591899
180.587849	321.738289	37.023316	67.717838
181.673262	328.645602	36.185984	66.063217
179.503530	330.509512	36.150183	67.720476
175.726942	335.337686	37.087465	65.275564
172.767711	331.402037	37.397847	68.482592
172.391067	329.697649	37.236745	67.880374
172.535237	330.005249	34.624462	67.056139
170.791864	323.622345	37.906276	66.448407
171.896536	321.280085	35.526131	67.073381
170.453476	322.523791	36.379690	65.203147
171.662505	326.156370	36.719970	66.416935
173.379988	325.522636	35.619156	66.429434
173.745643	320.088455	37.882206	66.871298
174.828885	319.622176	36.800415	68.167907
174.928774	322.939870	36.378005	67.433217
174.910145	326.774324	36.739080	68.380096
177.606608	327.382891	36.178983	69.297273
176.185995	325.771889	36.148916	67.175600
175.089200	326.344500	36.811129	66.242931
173.848839	326.087458	36.385346	68.028257
172.670515	325.523079	37.102075	67.580237
173.039087	325.258650	36.212663	69.553645
172.206948	321.818431	36.106724	69.802811
170.433683	321.297415	36.574047	66.837543
170.319492	322.725420	36.292983	67.995860
167.689833	323.276223	37.545976	69.513998
168.686003	319.705688	36.524047	70.113079
169.258067	319.284319	36.411347	68.035646
171.717829	320.479718	36.114000	69.467043
173.080887	320.349176	37.862503	69.335378
173.367556	323.198741	37.644487	67.721959
176.093649	328.084800	36.652907	68.457196
174.949700	326.834662	36.045477	70.888268
174.020630	325.436942	37.581171	70.676684
175.582424	327.896386	36.806177	68.406946
178.188721	329.029540	37.138327	68.738928
178.593205	329.789508	36.188629	67.897300
175.239037	326.339567	36.890953	69.882198
173.761488	327.591759	36.353742	67.490230
170.149416	328.010397	38.061351	71.246397
165.984792	325.583486	36.952457	70.100342
161.271486	322.305262	38.121782	69.463229
160.807914	317.699428	37.412418	68.051899
158.908133	313.392664	37.689462	68.489836
158.489314	314.507976	37.268502	68.452401
154.926225	313.356118	37.026224	69.588668
154.598843	310.529332	36.602084	70.651819
153.767258	311.477227	38.672530	67.596471
155.900932	312.789895	36.212570	70.359200
158.588647	311.639548	37.273884	70.860702
161.939895	315.207293	37.891872	66.704754
166.959515	313.269718	37.078527	69.895529
168.521927	309.772951	36.439788	68.547351
172.598784	303.647077	36.541314	71.070357
176.101428	301.482835	37.048283	69.326327
187.949355	303.420359	36.549528	69.889576
203.439016	299.091868	38.294370	71.499491
206.829707	279.151965	35.208316	66.945808
205.365591	265.146435	36.053004	64.642030
215.555977	246.458101	33.992650	68.910767
214.354435	248.984472	35.752989	66.229327
211.758273	250.408798	37.244437	64.928533
162.000000	286.000000	25.000000	93.000000
154.398740	290.048719	24.469254	89.650850
146.850179	291.500244	25.149199	93.850163
143.663758	294.793971	25.567554	94.862547
144.048311	298.407430	25.182140	93.327649
148.627231	300.766774	24.909193	94.572498
150.506068	302.333183	24.700818	92.611233
151.543368	303.425149	25.247062	95.287834
152.539421	306.054726	25.376327	93.327347
152.318296	301.268009	24.755170	93.287774
152.588062	302.238685	24.981575	95.545575
152.430659	307.377887	24.776313	90.347174
153.600579	304.835854	24.429992	92.290767
152.877371	302.983264	24.820798	93.926712
151.522926	303.891390	25.103847	93.358199
149.603636	306.461240	25.404872	94.750266
147.051390	309.488835	25.160026	92.479856
146.888166	308.333591	25.097392	92.916908
144.903339	307.923494	25.168119	93.104525
144.777010	307.817598	24.977109	95.431690
145.096716	309.863036	25.136597	94.661363
145.766121	309.535707	24.816633	92.834537
145.692501	310.631574	25.091062	94.175449
147.696477	311.011168	25.327520	92.494871
149.227584	310.624980	24.712094	93.054184
150.671116	313.671300	25.317902	91.659298
151.456165	312.734449	25.408465	91.617682
152.388536	310.953720	25.000310	94.228541
153.861670	309.842193	25.093964	94.022945
156.286306	314.248091	24.983124	92.793330
157.513941	313.065610	24.848501	92.678990
158.877455	311.848162	25.283800	95.390288
160.974919	314.764459	24.561584	92.568758
161.970246	318.356270	24.979210	93.437036
161.052349	318.383088	24.958985	92.788693
161.194996	323.442109	25.447818	94.384943
159.397721	323.228261	24.681552	93.150002
158.632062	327.391331	25.390173	92.411538
159.870251	327.087018	25.133713	94.461233
162.139494	328.971936	25.073809	92.330260
163.147967	326.360583	25.105156	94.513138
161.502551	323.404138	24.983695	92.962500
158.095191	315.988018	25.124362	95.900451
154.831217	310.616359	25.212174	94.157245
154.366183	309.092032	24.554719	92.125573
151.422799	305.590823	24.844112	93.184961
145.975500	301.211551	24.678054	92.031862
143.996420	293.872241	25.050192	94.139015
147.034925	292.124839	24.161531	94.775172
149.832774	290.495158	25.652950	91.979811
151.821487	286.406023	24.451395	90.975854
153.779290	285.224497	25.003391	93.453612
155.822051	284.390474	25.334283	91.982345
158.220454	285.211839	24.832504	92.616933
149.932365	276.833230	26.488058	93.514038
148.791431	275.783243	25.029837	96.036790
149.046598	279.248227	25.114819	95.390710
151.243512	284.595993	25.223276	91.860156
153.155003	282.781020	24.598205	91.422521
150.802176	286.959355	24.697615	93.456910
147.817097	287.336335	24.961202	93.271088
143.896331	287.386796	25.721761	94.806928
144.282763	287.237918	24.150612	93.009880
142.943625	287.039558	25.373528	91.923341
140.653261	286.225430	24.713984	92.450099
137.860274	289.002232	25.085441	93.114947
135.276616	290.066329	25.053833	95.088743
133.999496	291.718766	25.212527	95.395817
136.213668	291.110525	24.869171	93.363189
136.479691	294.696532	25.082842	91.924894
135.905956	298.370028	25.417527	92.556859
133.249547	293.611651	25.088477	95.804982
131.715337	300.694005	25.353917	92.392265
130.902376	303.544810	25.351150	92.717477
130.206417	304.248054	25.077877	94.099319
130.048980	305.833904	25.072728	91.926807
132.120535	306.687744	24.903063	92.551856
131.958238	308.574358	24.840307	93.812020
132.182594	308.997262	24.679399	92.936892
132.342809	310.572534	24.459271	90.782309
132.353418	309.040821	24.626327	91.953868
133.244439	312.447954	25.117496	92.791969
134.320284	312.232929	24.717843	93.042965
130.741603	311.835791	25.409760	90.794183
130.918670	310.505610	24.817363	92.980104
130.831671	310.678794	25.297937	92.542726
130.754770	313.742740	25.355230	94.685473
131.504547	311.398158	24.993769	93.524984
132.344703	312.823587	24.861388	93.875128
131.655600	312.646577	25.113275	93.244459
132.429105	311.614970	24.924037	94.576059
133.219101	309.648451	25.444755	93.238141
132.120673	305.532690	24.998448	91.604730
132.192346	301.671471	25.103497	93.287189
131.669304	305.446909	24.681735	92.917590
130.666219	305.439591	24.373470	92.359114
130.471524	301.965906	24.993519	92.336212
131.376748	299.263501	24.933795	94.999417
132.912231	301.952026	24.954826	93.166921
132.952616	303.446844	24.992808	90.793757
132.972316	304.137838	25.176355	91.887090
135.023955	306.527288	25.317807	91.858645
137.357890	302.056331	24.831327	95.010230
137.274263	303.595330	25.687733	93.356715
137.323739	305.807868	24.979543	90.712214
136.506803	306.013400	25.299118	93.845895
135.276251	305.363009	25.095132	94.461376
136.682396	309.002026	25.500162	93.127376
138.821033	311.869152	25.025072	92.946099
140.268662	310.430082	24.912375	94.361067
140.945438	308.572902	25.154480	91.554349
143.287604	309.206470	25.164966	94.777940
144.440881	313.246480	25.713887	94.339419
147.853687	311.740844	25.997648	92.002687
151.165606	312.732901	24.350573	92.643477
153.275408	311.856855	24.795666	94.228695
153.745366	311.467457	25.719637	92.562760
153.913690	310.854850	25.130892	91.089823
153.651835	307.118630	25.256757	93.945709
150.542202	303.357554	24.827991	94.368071
149.079789	301.367597	25.262424	93.441823
144.998132	300.852456	24.904626	91.310635
143.583417	303.173097	24.842574	92.925719
144.493642	307.821073	24.621712	93.357604
143.672096	312.966617	25.530162	93.534826
141.954374	323.668762	25.100777	92.147118
138.347883	327.924838	25.233695	93.626771
135.286707	328.254152	24.689084	91.540619
134.136681	322.619474	24.836353	93.283189
134.368093	318.242454	25.146811	91.279698
136.097444	319.132634	24.613645	91.929575
137.827974	320.065449	25.187117	92.987624
137.413252	321.352987	25.790186	94.793969
137.820610	323.126245	25.423201	93.124615
137.741202	323.739760	25.238052	94.039725
139.799289	327.217948	24.938332	94.719874
139.924624	331.478819	25.587826	92.819723
141.490833	331.976650	24.835185	94.176431
144.968498	333.740823	24.703965	95.398144
149.490884	338.897814	24.673206	93.332959
150.980726	342.392330	25.932687	93.564349
154.502493	349.621386	25.132158	92.338122
155.768501	356.784886	25.993418	90.790588
151.954106	359.535723	25.721382	97.926293
145.148996	362.976190	25.045960	93.529788
141.219723	361.659796	24.598525	92.297070
138.415122	362.219257	24.877445	94.745218
136.314372	364.407776	24.688269	91.542492
133.491018	363.615673	25.143063	94.163977
129.702820	367.435570	25.533469	91.680762
128.407196	368.249603	25.186699	94.674812
124.878779	369.793780	25.118865	92.901618
123.412387	376.484895	24.631481	92.822381
122.021492	383.689757	24.099001	92.947638
120.844042	386.021579	24.970364	93.221645
120.864359	388.491511	25.233562	94.392509
125.081359	388.118898	24.763376	94.319702
129.326532	382.829706	24.863612	92.726614
133.168051	380.399328	24.754479	93.410089
134.470072	382.519990	24.941913	92.581368
135.076305	379.479602	25.014058	93.033910
136.160646	375.614411	24.684042	92.854857
138.155644	372.892211	24.498258	95.532300
143.341431	371.228879	25.270432	93.043140
147.824300	369.252160	25.475586	93.835424
149.434717	370.943133	24.931062	95.585732
148.289883	372.744017	24.649393	92.040095
145.119567	368.335182	25.015775	93.621389
142.087515	371.112445	24.922544	91.635567
142.906747	375.874562	25.433359	92.368208
141.011172	376.233899	25.560128	91.818194
139.663471	372.686383	25.601448	93.706661
140.577324	370.904178	25.404650	94.070369
140.698867	369.662582	25.000465	93.581852
138.845281	370.703101	25.253293	93.565040
137.784745	370.524027	25.900321	92.058341
138.951061	369.879379	25.237810	93.926949
140.867619	371.521255	25.145686	91.198015
143.901094	369.489185	25.209356	92.752314
145.554335	365.542674	24.939877	96.181542
150.208584	367.182222	25.182604	93.440172
155.467824	363.091312	25.401554	91.120408
161.662903	357.931778	25.023367	93.669274
168.314646	354.977129	25.451145	94.406754
173.705930	355.712888	24.666942	94.583138
174.783490	356.738484	24.990415	91.306877
178.571461	360.021144	25.539872	93.194488
187.764628	364.598440	24.439022	91.597687
189.340961	373.382651	25.952473	94.525257
186.956353	383.374387	24.682278	91.869980
184.768455	389.222724	25.587951	94.180854
186.983429	395.281607	24.974879	91.553668
191.837837	385.290826	26.326969	95.205072
201.950812	378.137664	25.202295	93.232370
210.791019	376.309949	25.620830	93.944620
217.896905	380.596256	24.691153	92.867167
222.161784	381.475570	25.741760	91.697417
226.983535	378.739317	25.342388	93.282279
234.671161	372.998960	24.711923	92.248214
243.126634	371.014926	25.268539	92.863322
249.152636	369.454339	25.252753	92.769104
256.691436	368.670603	24.742248	94.987552
260.915949	366.113055	25.579378	94.286368
262.543150	364.709567	24.477644	93.302930
258.219256	363.267039	25.134672	93.248631
256.219106	360.081205	24.913363	93.566989
253.768745	356.851513	26.211181	91.728083
250.547823	354.500990	24.646047	94.295517
241.787020	353.964522	25.252276	91.651778
235.115544	355.653063	25.199150	94.424680
229.378096	355.361987	25.046311	95.369297
227.689452	356.737132	24.811369	92.277767
223.609976	353.398486	25.728178	92.843150
217.312807	351.858791	25.770150	89.993419
214.540404	352.321272	25.148965	91.816561
213.185817	349.761497	25.392519	95.637728
213.090496	353.557600	24.612987	91.727347
210.628871	355.640790	25.107059	93.975930
210.626344	358.448057	25.879386	90.655138
210.410445	356.388605	25.395268	92.037611
211.451018	354.151518	24.611574	95.139861
211.548052	361.582212	25.815403	90.157586
212.191703	357.345329	25.203852	94.691606
215.926771	356.409495	25.170355	92.097149
217.879481	354.261660	24.758013	94.236815
217.347419	355.884178	25.227219	94.519711
218.964003	357.170767	24.235189	93.616804
220.009192	356.156286	24.973830	93.903036
221.610960	353.543278	24.664079	94.965584
219.139986	353.305607	24.923768	95.631155
217.130720	356.691364	25.039374	93.009886
216.801762	355.913319	24.813165	95.599406
217.887227	353.565069	24.833223	93.590626
219.504714	353.083611	24.945164	91.371907
219.017752	353.609255	25.457566	91.687354
218.804574	352.211718	24.837313	95.147982
219.889730	350.423027	24.881783	96.827031
221.452483	350.954488	24.939731	94.275289
227.055153	350.563592	24.636262	94.229216
230.531920	349.600082	24.225522	92.346553
231.687895	348.648368	24.463042	93.611181
235.526999	348.074348	24.057380	93.221633
237.122123	348.147729	25.071280	93.218804
239.343040	346.942101	25.682541	92.312708
240.484126	347.529456	24.910242	93.283568
239.793834	346.712393	24.938391	95.265326
237.921370	345.849340	24.877973	95.208928
234.888828	348.784274	24.830226	91.318429
230.479985	345.722996	24.856015	92.663988
229.271586	343.781507	25.361556	94.078956
228.622273	343.070618	24.515037	94.425485
228.333282	343.869897	24.688698	96.425899
228.127695	343.875091	25.772186	93.859743
228.422652	343.086769	25.292317	94.051533
227.695044	344.906908	25.264052	92.960025
229.453657	341.255775	25.754316	94.244111
229.371049	342.648036	24.528993	91.069815
225.423083	341.857931	25.126080	98.069372
222.579781	344.102403	25.362239	94.182287
221.801079	343.015248	24.247523	92.616734
220.960872	344.703133	25.140844	91.738092
222.262056	346.428345	25.038045	90.403351
223.024865	343.640155	25.219342	92.430701
219.866913	346.889322	26.129503	94.339278
218.850665	345.756135	25.218763	92.822693
218.889666	344.058210	24.991553	93.635075
217.980777	348.651199	24.718087	92.769873
217.332840	350.246372	24.428234	94.411530
217.047580	346.999235	25.781133	95.846865
217.822985	348.856039	24.653524	92.626002
217.116140	349.275035	25.120871	94.192959
217.392209	348.043523	25.008032	92.940453
219.319730	348.150564	25.407070	91.994713
220.548176	344.182187	25.353459	96.111731
222.242600	343.596410	25.266716	94.624036
224.765392	341.634382	25.154370	95.496221
226.786852	340.040566	24.545581	94.504491
227.977625	339.079768	24.873357	93.013923
229.023606	340.447403	25.050898	93.846796
229.636418	339.031675	24.280066	94.775987
229.099663	339.678376	25.079192	94.107345
229.373524	337.748285	25.217209	95.373451
230.076680	335.619144	25.047976	94.494297
228.918931	332.799769	25.609538	94.261719
228.149869	331.608997	25.306341	94.105988
224.777108	330.797071	24.952230	89.436981
224.110913	329.876993	25.134850	93.236207
224.336484	331.180294	25.199891	93.215609
223.275276	332.486478	25.131206	92.128423
222.413376	332.673399	24.975739	92.812567
222.795968	333.241059	24.774131	92.340923
220.927464	334.869588	25.426153	92.417347
221.437083	335.061826	25.347945	91.330425
222.518094	331.651185	24.447103	92.885239
224.182052	331.717008	25.352263	91.642106
228.292302	327.567339	25.016037	94.650096
231.480815	326.097476	25.007065	94.846963
232.538387	324.982568	25.668852	92.494669
233.658046	321.853133	24.684692	93.307252
230.519267	322.401089	24.673883	90.807003
227.507498	322.852199	25.396427	93.082786
224.618529	319.036120	24.929173	95.197849
223.923197	316.919075	25.112478	94.562766
222.515607	317.431944	24.518765	94.011553
220.672051	313.111965	24.728546	94.294283
218.263154	318.027564	25.550103	95.604619
215.363589	322.872546	25.220840	92.453226
208.257352	325.566341	24.711276	92.007647
202.690217	325.549942	24.591814	93.566825
199.120411	328.203745	25.410381	94.982617
195.773497	328.831525	25.145094	96.088887
193.233233	331.357201	25.425152	93.591166
190.500438	334.369513	25.397237	95.520876
188.776950	335.528400	24.785278	91.375596
188.852851	334.462856	25.317401	94.393493
189.289907	338.572397	25.132528	91.078841
188.888818	337.332499	24.500198	94.166910
188.739569	335.044381	24.699392	93.627796
189.519517	333.863677	25.112221	91.206034
192.469197	328.571789	24.775607	95.732784
195.903011	326.776201	25.259166	93.652119
195.261075	326.820570	25.359982	92.705720
196.742540	320.323338	25.111101	94.142493
198.918060	317.502434	25.510945	95.433576
201.772814	317.539005	25.006622	93.652409
202.940058	314.842312	24.659286	93.148467
204.315882	311.192921	25.083141	94.623157
205.690259	311.799856	24.867853	94.103565
203.684161	310.443964	24.357876	94.168458
204.188574	309.175798	24.829133	93.823488
205.125971	309.009275	25.536204	94.309764
203.638410	311.753887	25.066094	94.296433
201.472779	309.406326	25.274020	92.390747
201.575979	307.738187	24.293635	91.706964
199.418629	308.366671	24.671755	90.561340
197.327078	304.548676	25.027411	92.090364
195.397514	299.003026	25.012151	93.118578
194.488353	300.107979	25.706819	95.240088
195.826274	298.730385	25.348807	94.350562
196.167567	300.090002	24.448628	93.077693
194.808400	301.954071	25.475479	94.619787
198.605215	302.892881	24.780595	93.176257
199.268499	300.441989	25.218227	93.125173
198.769138	298.359820	25.337575	92.654106
198.111951	302.432083	25.254299	92.722610
198.969482	303.370888	25.016635	92.245011
200.252347	301.977140	24.780007	94.344279
199.777264	305.048248	25.230111	92.961390
197.466560	302.185937	24.752484	96.093837
196.076857	304.984728	25.288593	92.862816
196.611691	305.623205	24.908827	93.388632
195.117746	307.038448	24.732822	95.202662
194.369127	311.284953	24.772217	92.860482
193.797000	312.977631	24.916243	90.300149
192.098475	315.818029	24.234728	91.212436
189.300952	313.794868	25.394747	94.264897
189.931883	315.020989	24.765918	94.304063
188.373170	314.799783	25.134982	90.729676
185.275756	314.429982	24.924588	92.865815
182.443108	314.766201	25.245187	93.493607
180.672149	309.098316	25.429807	96.650446
181.254002	313.190695	24.733901	94.050053
182.988738	314.594179	24.873123	94.736626
183.205776	311.083327	24.941237	94.166975
184.571544	311.148848	24.787287	92.405732
183.398274	310.564106	25.279230	93.533081
180.109735	312.366312	25.477390	90.685202
179.908839	311.277738	24.499401	92.170071
180.832755	307.081282	25.504981	96.077190
181.524898	309.256953	24.828762	92.860555
183.070559	309.669436	24.662435	91.427838
183.470834	306.909501	25.574506	93.931824
182.903274	312.521204	24.529273	92.204263
181.892058	312.117717	24.996623	93.665245
182.312312	309.955909	24.822597	90.760212
182.859739	311.127010	24.941824	91.740365
185.029381	311.164883	24.587362	94.522680
185.123805	310.971994	25.112783	93.330744
185.967681	308.066829	25.094983	95.570924
185.373328	308.854508	24.704735	91.043852
184.891518	309.288357	25.183355	94.633167
185.446316	306.028777	25.301785	92.996993
186.033171	305.630182	24.647873	93.106537
186.736174	306.561384	24.686142	94.154710
187.673942	306.454463	25.030439	94.829576
187.544921	307.229268	25.350353	93.703151
184.542448	313.051080	24.855947	93.966245
181.891155	313.418313	25.035203	91.702028
180.557259	307.287162	25.193344	94.582651
180.771522	312.063402	24.380685	94.133648
179.749499	312.903528	25.048481	94.456517
178.901778	310.379135	24.802681	93.209945
180.595455	309.643105	25.179888	92.960317
181.518616	308.102299	24.417821	94.555038
182.623259	306.593299	25.206949	93.018989
183.680038	302.202913	25.287505	95.901395
185.520216	305.947387	24.644817	91.774861
185.715971	305.143403	24.505335	91.557788
187.808653	302.821406	25.505237	94.259848
192.051740	306.842370	25.315259	90.191121
199.786912	309.350760	25.159200	97.661432
207.979187	313.698316	24.303363	91.059590
214.987885	313.024175	24.313186	91.613743
218.794675	313.452326	24.925349	95.563279
222.833442	319.546875	25.392473	90.958748
226.467679	318.010019	25.373080	91.203756
228.210419	319.606243	25.160631	92.466706
229.246167	322.416813	23.921626	95.005176
227.287115	327.289364	23.472881	89.867205
220.530047	334.472738	24.395023	87.693342
210.952326	328.013692	24.294797	92.763606
209.787682	328.675045	24.434167	91.672935
213.357245	329.748999	25.046368	91.103456
214.820434	330.676708	25.290866	88.851171
217.438725	333.135279	25.830510	86.483247
219.475946	335.298693	25.485202	89.119879
219.847636	337.973689	25.467827	93.042890
224.352320	336.701133	25.040854	96.646233
225.048592	338.078380	25.263992	90.651246
225.424757	339.779377	25.440741	92.790986
226.707411	340.997881	25.086193	92.683099
228.768804	339.229718	25.768024	88.724491
231.493437	342.989905	25.144212	89.635821
231.978250	340.514923	26.224625	90.853977
230.972628	338.211489	25.110147	91.529991
229.791674	342.553083	25.097370	92.548580
228.917547	343.718010	25.927225	92.697188
230.325037	345.638739	25.397604	94.617619
229.587277	344.040690	25.051684	93.987719
228.432548	346.285946	25.830299	94.932402
228.985934	346.158132	25.671047	94.535420
231.491971	345.618575	24.564338	81.048688
231.624339	344.821013	24.539253	84.885284
229.774227	346.426729	25.791654	87.118443
229.003375	349.063644	24.305090	83.215111
228.726454	348.481767	26.792116	84.478632
238.863747	348.926679	22.779223	87.823198
236.601207	345.307844	23.988582	89.975584
231.890548	346.365798	25.352846	91.041074
229.657013	345.151317	24.598126	93.152584
230.301904	343.503186	24.759057	95.143094
231.926549	344.546949	25.067606	91.480389
234.264705	344.001618	25.032979	92.707652
236.056861	342.405814	25.118205	91.933218
238.950087	343.894378	24.834415	93.867713
241.033237	346.387090	24.725845	92.923152
241.230676	351.322545	25.354643	92.268356
244.686569	346.976334	24.792251	94.217481
248.723669	352.011550	24.346931	92.014177
249.089033	357.006148	25.226037	92.060320
254.839879	358.154541	24.024073	93.727940
258.979434	358.132522	25.626549	92.296691
264.635968	354.519306	24.513382	94.235370
267.344966	355.037831	25.514009	92.708905
271.755787	353.651258	24.852269	93.226724
274.164336	353.275196	24.952788	91.355329
277.659298	352.981228	25.523349	94.781988
282.821456	355.824612	25.191600	88.840175
290.508248	353.540402	24.360361	94.889586
296.474666	356.530722	25.493796	92.756405
306.572152	357.874948	25.087018	92.125928
313.725102	358.523464	25.091287	91.061313
317.406087	358.533356	25.694071	92.333012
321.215078	356.902100	25.456009	92.778851
324.294157	358.555049	25.053905	94.968629
330.177263	359.026698	25.440338	93.909808
333.020238	361.316127	25.116057	91.105346
334.189338	361.623638	25.064092	94.461422
336.530321	357.477475	25.593125	92.721564
340.213063	358.432633	24.856622	93.792783
341.921571	362.334880	25.177601	93.458267
340.659471	363.834556	24.423865	95.694343
340.683228	364.968019	25.332369	93.256436
340.657305	370.012653	25.417315	91.898221
340.585600	359.762698	26.535068	99.524670
345.672774	361.483679	24.952502	98.202354
346.471384	358.069710	26.544541	99.179517
348.373838	355.215590	25.053319	94.685466
346.953448	354.004679	25.539990	97.693417
346.744762	348.979644	25.668268	100.274996
345.695029	346.863004	25.265181	102.919301
348.575431	342.918065	24.937721	97.357539
349.608466	345.478160	25.407863	94.152125
350.509519	343.342788	25.333830	93.286053
348.653493	345.176760	25.142819	91.958848
344.504486	342.523315	25.152355	93.847682
343.161527	339.373294	25.100625	95.609170
340.688090	342.794941	24.397429	93.535048
335.642446	338.979571	25.460535	93.986182
333.980001	336.607026	24.764980	92.903798
334.434119	333.004500	24.963755	94.176359
334.608397	327.674836	24.884716	95.453781
333.625743	320.641070	25.192069	94.959787
333.878277	318.272401	25.346897	92.385697
334.367641	320.073191	24.819123	91.136853
331.047673	315.033635	25.320343	93.707974
325.944329	317.856641	25.740318	89.795312
323.221666	314.818991	24.982619	93.409219
319.624192	311.297029	25.309608	92.706288
314.975561	309.500243	24.897643	91.333225
309.343491	308.371732	25.292095	93.468996
305.288443	307.890815	24.677190	90.911110
302.166414	305.593934	25.876216	93.854326
300.170481	303.139538	25.119873	94.823228
300.126958	303.725366	25.170963	92.424559
301.076056	302.556103	25.393474	93.111159
302.974264	302.686783	24.931175	91.560874
303.312871	300.532890	25.609153	91.873089
303.736145	296.085920	25.395351	87.212291
305.290385	288.252171	25.941005	91.216507
309.151675	297.457316	24.927061	88.248430
313.087749	300.223778	25.097579	89.029908
316.279631	302.116863	24.757426	88.379773
321.418061	303.185545	24.456941	91.304851
325.296677	307.682139	23.952159	88.764410
328.321698	310.485637	25.503898	92.933502
332.147001	307.740509	24.941306	83.792195
333.461345	309.030737	26.120550	93.176195
333.219536	313.086644	24.452854	95.908730
335.780099	316.074336	25.206718	93.869208
336.794466	315.421558	24.835422	94.697644
333.643345	320.185266	25.261092	90.729460
330.907090	318.193754	25.386040	92.603776
325.384221	316.527631	25.653006	91.386566
320.016210	313.608691	25.405267	91.333007
315.206455	314.941449	25.377410	91.163445
310.296417	315.388704	25.442282	88.135822
306.634004	318.460786	24.150022	92.005133
305.301859	315.810469	24.846830	90.252484
307.269613	318.053108	24.121822	91.738739
308.221310	324.877513	25.472148	91.976752
309.885403	328.813057	24.854403	89.929602
312.677623	329.710453	25.816947	96.679671
315.879522	333.518852	24.703980	95.216190
314.367120	337.692829	24.980868	91.143725
314.741653	336.421718	24.833511	93.923649
315.518969	337.981086	24.227167	94.467400
314.929642	342.874994	24.638965	90.051643
317.812846	344.641605	23.989927	93.658669
322.037484	342.568816	25.226396	95.374353
324.120274	346.564506	25.124707	91.667846
324.369635	346.616914	24.837511	91.654108
326.324476	343.570066	25.245072	97.137232
331.943903	343.620325	25.210117	93.904982
336.743837	346.603385	25.635464	93.770543
340.815594	347.717179	24.574870	94.029028
341.743079	343.766339	24.397308	93.817879
344.953070	344.993672	24.998949	92.214232
347.919704	348.442917	25.425609	95.836289
348.250607	350.787707	25.210680	95.419687
348.583732	352.535256	24.740340	92.610360
346.413066	351.282231	25.453203	90.678014
342.897440	351.783866	25.523595	92.053694
337.464482	349.086425	24.862563	94.266664
332.504986	346.759420	24.915296	94.093843
326.771727	343.881405	24.604992	93.138938
320.897482	343.547617	25.127592	92.763957
318.289134	345.695799	25.189777	92.853844
314.656889	344.106338	25.298252	91.636842
311.218642	342.569166	25.489495	90.798095
309.449052	342.796819	25.660724	93.263614
307.212961	344.858059	24.419894	92.113444
305.480309	352.681196	25.654763	92.028920
306.078335	350.795830	24.477849	93.680953
308.262961	352.416492	25.451468	92.837463
308.690452	351.392714	24.721018	93.098162
310.611847	349.712246	24.970930	92.263272
314.582291	346.209161	25.226660	93.271499
317.087396	344.015124	24.937742	92.919945
319.441285	343.067731	24.706642	92.089406
320.981541	344.014736	25.346970	92.689503
322.288999	341.511808	25.160907	93.720612
325.464756	342.643092	24.465945	92.979171
326.233884	340.617128	24.929485	94.510089
326.627944	341.016926	25.154930	93.217443
326.203934	344.310332	24.840651	93.263815
322.987685	347.672259	25.197811	93.200254
320.061670	344.036692	26.106596	94.554670
316.781809	347.761980	24.707883	93.074517
312.152430	350.455199	24.689341	92.370708
305.464440	348.978290	24.306219	90.696120
299.349075	347.735526	25.200870	94.711501
293.630909	350.172390	24.806817	92.868122
287.206002	352.074058	25.386239	91.480796
282.397774	348.883964	25.410359	91.941727
277.362118	347.688559	25.287313	94.627199
271.006418	349.404149	24.964453	94.824331
265.524864	350.359785	25.478291	90.546277
258.881787	352.663433	25.348156	91.563525
257.331415	349.688457	23.958495	91.647296
254.320037	349.050073	23.816420	94.832678
250.380838	348.167720	24.644921	91.769696
245.905212	345.658110	24.418222	91.937165
243.164426	348.128002	24.646633	95.213065
242.116873	348.674018	25.010318	91.744974
240.358524	346.214639	24.730398	92.678857
240.540924	348.890599	24.193770	93.725517
240.167785	352.066157	24.770740	93.698332
238.655729	354.262255	24.641525	91.673522
237.067647	355.769602	25.731507	95.389802
234.449356	361.432505	24.907911	92.857073
232.062951	360.671808	25.225173	94.312015
231.037068	360.729247	25.293713	92.748652
224.918662	362.089636	25.722729	91.493045
222.633145	365.402387	25.985412	91.349604
218.608216	367.760402	25.661670	86.664559
219.833587	390.425742	23.399053	97.588758
214.730116	382.214891	24.719109	98.154283
210.439926	376.251863	24.931513	91.330340
210.764424	374.792046	25.349365	93.807647
209.314283	376.966827	23.807790	93.455217
205.993533	377.117471	25.404505	93.177299
206.787935	372.442908	25.300111	92.811503
207.379698	375.241843	24.946805	92.316505
209.329354	374.076656	25.037315	92.721612
210.708463	377.549917	25.540025	91.756482
215.081480	380.011442	24.942053	95.119002
218.414242	381.198280	24.486252	89.432361
223.740223	376.324105	24.639001	92.811365
226.255464	375.362832	24.882878	95.230284
230.164546	374.575471	24.874192	94.021220
234.475875	372.881451	25.615757	92.666299
238.534585	369.761587	24.599661	94.756263
242.486604	369.843443	25.959972	96.420962
246.269238	376.093870	26.415575	95.256309
252.408507	371.937896	25.116430	98.679257
255.364153	370.520196	24.352870	92.548145
256.570431	368.133712	24.899230	95.764201
259.559555	369.803719	25.291401	95.715712
260.144620	372.730822	25.147776	92.024233
264.319959	371.475128	24.288056	93.547760
268.179225	370.685716	25.057009	92.658809
270.503439	371.962377	24.941397	93.925280
271.387330	373.791048	25.221740	90.953213
273.516146	373.400367	24.571428	93.621179
274.156822	375.533682	24.887376	92.593779
273.160144	373.160926	25.302414	94.822024
270.674350	373.201322	25.653954	93.476577
268.955546	375.711023	24.688458	92.086351
265.321594	372.941945	24.957914	94.466742
262.734015	373.130672	24.425984	92.204579
260.491698	375.241136	25.361401	90.179687
260.837559	376.835911	24.962742	93.228297
259.043062	375.681388	25.049688	97.002024
256.202892	375.871151	25.791754	96.497982
253.387876	376.093591	24.520963	96.890230
253.058082	384.641589	24.634196	93.260764
254.239324	375.077626	24.227660	94.689525
252.406791	376.346525	24.726382	90.167408
251.917355	375.706787	24.667607	93.426109
252.024919	371.951842	25.385129	91.104507
252.299790	369.840895	24.813511	93.039867
251.218777	368.806377	25.243379	93.143969
251.381824	362.655353	25.150260	90.486883
256.640044	356.419815	25.160046	94.388183
256.222513	356.770777	25.399488	92.871042
254.758829	358.600063	24.674674	92.893065
252.849237	354.756034	25.005738	93.275589
252.566142	349.653866	25.538061	91.991639
251.851952	341.938671	24.548806	90.316655
250.630817	340.809979	25.159259	94.585507
249.786619	340.910744	24.894326	91.297529
247.689979	342.695702	24.734733	96.129331
247.648944	340.641076	24.442474	92.591442
245.210010	344.655562	24.860369	94.188661
242.857819	339.431735	25.062989	94.756037
240.605028	340.129730	24.874224	93.656320
240.395910	343.482452	25.252359	91.983303
239.143969	342.430382	25.322236	94.414027
236.932323	341.952143	25.231066	92.295629
236.942606	338.885295	24.601170	94.334118
238.625557	341.313097	24.819967	89.092705
238.838085	339.992090	25.389076	94.794682
240.402240	337.620107	24.667252	93.913957
242.583034	336.114271	24.840478	92.371767
245.170854	334.866601	25.432967	93.378717
248.832965	329.819530	23.260791	96.690304
253.084072	325.862560	25.538637	94.152903
254.721468	322.685147	23.666317	88.297475
257.459198	324.852352	25.991309	96.948554
262.453634	333.185324	25.593294	90.265505
269.086174	330.404868	25.030747	94.218443
274.042150	330.037220	25.308991	95.066445
279.248832	332.192050	24.643163	95.049123
284.592169	330.865312	25.561787	93.967158
290.493572	328.353360	25.208540	95.668188
291.469486	333.747417	25.376965	91.036959
294.913964	337.145681	24.814565	92.398906
299.338724	332.513691	24.569364	93.403879
301.218903	332.622507	25.106611	94.177401
303.934337	331.076625	24.549802	91.917974
304.224055	329.392278	24.704858	94.410033
304.954090	331.518791	24.256871	92.848044
303.614553	328.969465	24.637483	93.515555
303.172234	329.019427	24.789020	93.105991
301.727720	328.203238	24.295563	92.528234
300.748844	329.647790	25.367912	95.610550
299.774964	331.492462	25.081379	92.202453
299.070650	331.622146	24.958061	91.170910
298.570890	327.140531	24.787181	94.452634
297.458479	327.542462	25.078994	92.852083
295.930218	325.827742	25.002582	93.530760
293.944991	326.502771	24.948501	94.123313
292.139824	324.389989	25.492383	94.586355
289.143065	322.550059	24.911790	95.343305
287.852912	323.723434	24.920611	93.277142
286.831961	320.927341	24.543927	94.296112
284.316950	320.276178	24.441403	90.446349
282.858819	321.890131	25.118481	93.059450
283.070231	325.549883	24.324381	96.954233
283.138350	326.183054	25.526544	94.034148
285.113323	323.046694	24.891487	92.211871
287.345979	323.677353	24.782364	93.356937
288.223481	326.150332	24.478077	96.738817
289.777154	330.553778	24.246665	93.407746
289.944301	332.781475	25.098699	94.043632
291.039671	332.270327	25.090634	93.063004
293.415350	330.945955	25.544741	92.908201
295.434389	333.642918	24.969282	90.524896
296.419773	338.759218	24.948475	92.428479
297.088542	339.579001	24.985188	92.033269
300.292197	333.585155	25.131009	97.712637
303.227593	336.571269	25.316403	92.370728
305.911307	336.590030	25.216648	94.886110
306.491478	338.792229	24.181306	94.375731
305.401403	341.144262	24.482478	97.350383
303.696202	343.365225	25.133162	90.082202
301.218201	339.107342	24.401045	91.969236
299.159747	339.645421	24.662456	93.479997
300.113108	341.662337	24.297495	94.812007
297.015207	345.210942	24.743875	95.739739
293.644408	348.988758	24.817406	90.025258
290.972865	347.493001	24.634917	96.103079
289.106142	353.659192	24.785967	94.049101
286.123384	355.570436	24.577561	94.213792
282.038421	356.955096	24.796348	94.582800
277.279272	360.146054	25.364130	92.926445
271.266789	367.071589	25.741740	87.735262
267.747215	368.168915	24.580176	92.318792
267.732805	369.982420	25.036851	92.438855
269.814641	368.089361	24.902222	93.209353
271.899514	365.222667	24.476479	96.552804
274.189693	364.339597	24.691740	94.707410
275.013406	362.135727	25.042677	92.298584
277.741655	358.177429	25.318261	93.419269
277.660638	357.383992	24.690028	93.656528
278.109628	350.679557	24.542287	95.060805
280.221309	352.334152	24.814017	93.836904
283.765935	356.022103	25.001636	91.538598
286.612527	356.457949	25.495941	93.592846
288.167884	356.678753	24.946206	91.574792
287.126051	359.870156	25.007373	93.226316
287.394694	359.101242	25.219603	92.180460
287.983722	358.286350	24.823651	94.278048
289.684849	362.660369	24.251187	91.267119
288.101726	361.447591	24.613549	91.678152
286.017925	358.375480	25.074302	93.289374
283.843176	358.564635	25.087913	93.023147
283.798333	359.103669	24.800613	94.445226
280.799025	357.443272	24.397484	92.226095
275.345631	355.058727	25.387672	95.183774
272.570046	356.851611	24.652490	91.880199
271.475295	357.018859	24.535741	93.998632
268.139508	356.713068	24.998473	94.166160
265.940930	363.190896	24.772493	91.524499
263.771841	361.878159	24.613595	93.384683
262.017123	364.848902	24.969943	92.953241
262.590582	362.940696	24.448532	92.390109
266.185091	363.659176	24.853845	93.086981
271.699294	364.939460	25.029066	92.041543
276.613496	364.967201	25.398435	91.596992
279.546607	364.021584	24.650199	92.093232
282.849057	361.864634	24.303044	92.187067
288.263012	364.454701	24.767652	92.320871
294.081565	361.070858	24.523694	92.844067
294.911286	360.214616	25.147489	93.066148
293.489742	359.064937	24.847115	92.305274
292.753328	359.719935	24.965003	92.603323
293.774627	361.886087	24.085078	93.734668
292.352232	360.732064	25.137841	92.099125
292.262557	362.228866	25.138878	93.153313
291.510057	364.332727	24.808728	92.095579
290.658868	363.768407	24.876576	91.186298
286.702912	366.068768	25.326138	91.925477
283.798239	366.669476	25.085639	94.016165
281.766034	364.586823	24.754164	93.606462
279.800818	360.776787	25.009881	93.662317
275.331725	359.286648	25.118559	93.798045
272.266976	355.713021	25.135523	94.462115
266.820878	359.702981	25.680961	90.718925
264.408733	363.850348	24.988784	92.854326
261.624548	362.356715	24.521913	94.933448
259.308117	361.759635	24.941669	92.855228
256.633062	357.306581	24.752911	91.959722
251.831152	355.633853	24.959355	92.407074
245.596506	357.116119	25.338345	92.654143
239.346884	360.950745	25.142724	93.255935
235.631046	362.973168	24.729698	91.555306
231.923911	367.331480	24.648074	90.005792
228.475922	370.170120	24.935410	94.869783
225.289891	374.111275	24.785558	91.721582
221.410785	375.136260	25.423099	92.699290
217.019375	376.434410	24.825597	91.444215
212.121920	373.557115	25.524442	94.688448
209.098277	371.348471	25.319538	92.611201
205.676428	366.945929	25.033744	91.174816
199.767536	367.937951	25.026437	93.771491
195.282703	366.435826	25.381972	96.265280
190.801057	365.374044	24.509393	91.454515
187.795693	361.789863	25.308051	89.860436
181.229556	360.754879	24.500763	93.136466
176.978654	363.065455	25.065448	92.755199
170.974868	356.879675	26.611317	94.041843
168.443341	358.249839	25.080104	89.838432
165.732197	356.388593	24.987010	93.165752
163.906253	354.764029	25.318878	92.789393
163.417715	354.123354	25.536985	92.882289
161.206931	354.441605	25.101559	92.216079
156.344288	351.541657	25.544879	94.812909
153.391310	352.278610	25.219288	92.990017
149.860191	354.331745	25.211935	93.556919
147.767059	354.085321	25.246530	93.769609
145.619807	356.905207	24.966323	93.074047
143.308000	358.336842	24.657690	93.474044
141.725588	359.451094	25.268888	92.341214
137.197080	362.060301	25.185515	92.044763
132.379958	358.275950	24.975015	91.390783
128.106351	358.420811	24.472907	92.716386
124.974710	358.620102	25.323760	91.387856
123.328887	355.214352	24.907658	92.104502
119.020688	358.204955	24.972971	89.355824
117.580746	358.147209	24.938177	92.520417
114.446656	356.695669	24.735046	90.391246
114.109446	354.514281	25.712456	94.464525
112.735330	360.724123	25.393735	92.728990
111.378774	363.393879	24.772956	91.823511
109.365033	361.269397	24.927778	93.934748
108.731923	363.370867	25.212111	94.159401
109.289746	361.932617	25.579625	94.562870
110.355970	361.408341	24.838070	92.559848
113.055667	360.395417	25.415271	92.439828
115.732344	358.953722	24.813114	92.353087
118.307266	357.603636	24.843942	90.992273
121.407561	354.985686	25.047971	92.205195
122.883494	349.432213	25.190558	93.189442
127.788434	349.023633	25.022961	92.317072
136.923923	342.454336	25.593513	92.246493
143.240882	342.469481	23.935299	91.160931
146.783255	340.371853	24.108430	92.768061
151.681211	336.304875	24.784525	93.113179
152.582692	334.198549	24.944319	97.330920
156.571945	340.794925	24.825455	92.512547
158.989785	338.421489	24.632875	91.261951
160.992338	340.226159	24.872508	91.521675
164.276048	337.930778	24.757061	93.265984
165.908160	341.931766	25.215978	92.015678
165.243967	342.596090	24.992974	95.914941
165.585699	342.708283	24.853074	93.316879
167.613094	339.699025	25.465792	93.505868
168.865876	344.234679	25.015627	91.804171
169.042389	344.212847	24.463322	88.029865
170.330856	341.964690	24.524946	92.975584
168.624855	337.866189	25.122008	92.954430
165.711311	342.355746	25.464938	90.316389
164.411966	342.723439	24.283612	91.778062
163.196770	339.332612	25.334474	92.041709
161.309137	340.698108	24.828232	92.449090
157.804920	334.755085	25.197860	94.249849
154.648106	332.704919	25.107242	92.988912
152.987256	337.477311	24.819523	92.090947
149.067696	333.149900	25.255806	92.774581
146.687958	328.870365	24.742266	93.836382
146.295034	332.436638	24.324405	89.843811
147.546361	332.352762	25.068013	90.412534
148.027807	331.764655	25.050122	91.992028
148.589877	332.336582	24.846648	91.079028
150.989040	334.922723	24.839527	92.257276
151.693997	334.998902	25.194996	90.795645
154.182022	332.390986	25.178641	92.528849
157.016717	335.483464	24.913383	91.175776
159.288238	335.273537	24.988199	93.611493
160.007592	335.917162	25.421287	92.480910
163.113572	336.005881	25.166444	92.818316
163.191757	335.350621	25.119615	91.417791
164.291513	333.925772	25.056055	93.323498
163.749765	335.772511	25.187779	92.397613
164.267271	339.089906	25.823943	90.955476
167.536945	335.960828	25.025107	91.761431
170.045083	338.753231	25.172586	92.655597
167.166121	336.095544	24.996465	92.368191
164.876152	340.700737	24.706279	89.531313
163.934034	334.658507	25.128409	92.259013
165.162409	332.823364	25.077193	92.974044
164.201933	334.147317	24.894761	91.122115
165.011888	333.573129	25.666715	91.499087
165.371604	329.971266	25.615344	92.275472
164.769033	330.376106	25.159561	91.612208
163.023538	330.825221	24.646259	88.915415
163.321304	328.746583	25.412986	90.323829
163.549520	328.400854	24.516902	91.413167
160.346316	327.412073	24.911467	88.873344
158.201673	329.123525	25.516369	90.514266
157.135025	330.459863	25.129669	93.141700
155.262845	330.472847	25.185795	94.478102
155.704525	330.698741	24.628998	92.400239
154.446930	337.114302	25.471350	91.107400
153.393632	334.508321	24.945262	92.811523
151.142884	334.591669	25.075648	95.760376
150.659931	337.151119	24.575062	90.585377
149.525671	340.638116	24.985756	91.289488
148.409229	341.645309	24.776589	92.396197
148.281339	338.566916	25.245071	91.977446
149.281729	334.442584	24.529275	93.122683
150.945330	334.305472	24.794420	93.275428
153.762732	336.381796	24.619706	93.521539
154.566977	335.674768	25.215260	90.915629
155.883872	332.254855	24.760742	93.012435
155.647618	328.977829	24.587042	93.263888
156.272875	329.257390	24.284104	92.086247
157.621907	321.658429	25.085386	94.259427
158.312685	325.880295	24.555627	89.252367
159.096693	318.455875	24.906901	94.109355
162.075374	318.193677	24.409372	91.472640
162.523294	321.453108	25.537310	92.950436
161.456223	324.335946	24.221708	91.371104
159.351506	322.342380	24.903654	92.460467
160.184892	321.891132	25.262523	90.659411
158.130034	322.092543	25.218384	91.755668
157.446725	324.704762	24.582609	91.538328
159.095017	322.907284	25.161790	92.797391
157.844361	323.170917	25.400779	92.253636
156.758370	331.997230	24.984467	90.770664
154.689698	332.954760	25.128461	90.262979
152.436605	329.133517	25.586864	92.252324
150.699692	329.036280	25.195934	92.240169
149.559938	336.775054	24.990318	91.909788
147.244903	335.786576	24.731197	92.705583
145.986399	342.335921	25.100416	88.664888
144.001001	339.526235	25.649073	90.825951
145.062021	336.061270	25.408936	92.967296
145.235881	339.116905	24.867478	91.392892
145.730427	338.983242	25.294226	91.217151
146.632975	332.756862	24.968331	93.513589
147.247470	333.496103	24.810104	89.975725
148.526520	329.707787	24.914761	93.215895
145.295976	330.368501	25.275898	90.098130
147.302296	332.384164	23.848955	88.467044
148.785395	325.370716	25.086716	93.403284
148.683219	328.274431	24.639312	89.135765
147.310508	326.345792	24.859429	90.556438
147.596655	325.152446	24.939066	93.109449
146.713260	323.519545	24.473637	92.827406
145.967494	322.437230	24.898196	93.040314
146.909171	319.883213	25.029426	94.753965
149.698736	320.503587	24.856589	90.065581
151.874486	318.118864	24.694377	95.266843
148.915452	317.578157	25.382782	93.709754
149.652152	319.852782	25.294748	90.015976
149.135237	320.695774	25.116374	92.869512
148.136726	319.463172	24.846854	92.194751
147.669503	314.026456	24.639287	92.975325
