326.000000	414.000000	15.000000	42.000000
326.590630	416.948365	14.901432	41.156401
326.716784	415.658257	15.099558	42.449413
326.488025	415.568992	15.154331	42.289318
326.271726	415.287547	15.037452	42.012167
325.657791	416.548038	15.015135	41.423667
325.016873	417.182761	14.913456	42.606497
323.685485	418.568220	15.035099	42.071592
322.292410	419.307324	14.939947	41.777043
320.170704	418.730933	14.983494	42.603714
319.035352	420.762537	14.849268	42.023200
317.327919	419.854303	15.114683	41.945010
315.609286	420.682350	15.030384	42.898590
315.542057	421.265779	14.912589	41.751356
314.899736	422.723751	15.083095	42.043100
315.129041	421.533536	14.921807	42.798977
316.613781	421.516946	14.943418	41.191700
318.437979	420.597097	14.742158	42.169849
318.563665	421.111104	15.242713	41.721424
318.448096	422.634674	14.982272	41.573415
318.169576	423.350602	14.865040	41.968298
317.085312	421.826627	14.861199	41.308139
317.150527	420.703468	14.581856	42.795338
317.783510	422.367305	14.999072	42.263053
318.934223	421.356939	14.749918	42.499126
319.425178	422.355023	14.851845	41.561292
319.889975	424.284388	14.602125	41.837693
321.465425	428.233802	15.049593	42.329656
322.750642	432.452759	14.824517	42.321028
323.555353	432.508145	15.166612	42.127352
323.135225	430.037929	15.065742	42.226628
321.957571	428.165756	15.093344	42.624810
321.475487	428.216389	15.211235	42.309408
321.533597	425.463204	14.936489	42.789295
321.086683	425.331059	14.978380	41.741407
320.446628	425.628523	14.901744	42.281943
318.516132	425.859359	15.463683	41.298414
317.010352	427.040466	15.233438	42.304780
316.028690	432.820675	14.899327	41.060057
315.274367	435.041968	15.187121	41.695205
314.459053	438.124690	14.903630	42.503839
313.427726	440.125491	14.922535	41.733303
312.220780	439.599911	15.071530	42.270831
310.289746	435.771667	15.095826	42.364616
309.267638	433.272448	15.154904	42.205598
308.498930	427.935484	15.054039	42.643087
306.288024	422.433784	15.263711	41.983422
303.329141	418.936725	15.026534	41.632879
301.509344	421.300042	15.154209	41.294907
300.122577	421.331449	14.897163	42.170719
299.121351	422.800034	14.948148	42.676752
299.153962	429.460219	14.752673	41.954318
300.925426	427.887270	14.726667	42.477098
301.229386	425.544584	15.018604	42.401037
300.659017	421.999546	15.051657	42.363493
299.774055	423.055906	14.832797	41.788340
298.628083	424.588625	15.115733	41.934207
296.507289	422.162942	15.058922	42.320745
294.156067	424.258625	15.028050	41.449439
292.424763	422.605014	14.714603	42.245637
290.340959	422.016102	14.925917	42.529911
287.930729	419.747842	14.580839	42.522144
286.425364	417.816207	14.792549	42.618789
286.680436	417.623532	15.189436	41.544410
286.119032	418.095807	14.563839	42.640578
285.046034	417.992635	15.134131	43.255040
285.121590	421.511130	15.103408	41.642356
286.169086	424.035643	15.088918	41.972197
288.215500	423.267117	14.775184	41.557589
289.689744	422.522361	15.280425	42.263269
289.991806	420.877774	15.301806	42.506296
289.919059	420.986982	15.367774	41.777194
289.469149	420.545318	14.932437	42.015903
287.802902	420.446665	15.021351	42.916259
286.014186	418.409444	15.062938	42.655159
285.835796	416.714351	15.109362	42.705027
286.059366	413.798026	15.118659	43.004114
286.055082	412.927318	14.975700	41.637177
285.999717	410.744618	15.171892	42.218090
285.097085	406.627924	15.088984	42.180497
284.575047	401.512745	15.220941	42.467200
282.872965	398.760297	15.303565	42.037658
282.075022	396.263139	15.154327	42.841096
281.425175	391.496815	14.808686	42.350529
280.701603	387.821934	14.853204	41.621346
279.571122	385.066325	15.059470	42.453088
278.974515	384.193374	15.169558	42.141983
278.854031	384.187414	14.932677	42.444895
278.283173	380.516223	14.956449	41.891532
277.693146	378.435624	15.180714	42.626621
277.489018	378.111890	14.885295	41.548258
276.926257	378.841791	15.112103	42.327339
277.616764	378.450657	15.067426	42.040069
279.065332	379.024750	15.036587	42.317478
279.785522	377.818294	15.234658	41.847164
280.574950	378.953653	14.967561	42.351470
280.023233	380.302030	15.157467	43.083652
279.683130	383.670280	15.175768	41.861982
279.215893	385.992446	14.800273	41.398668
280.471091	386.472427	15.099035	42.375580
280.409313	386.123110	14.902136	41.307873
280.349427	384.446768	15.173466	42.362412
280.704029	384.683592	15.083259	42.906539
279.257508	384.310947	15.232570	42.604667
277.320660	384.921196	15.175592	41.974998
274.972030	386.285515	14.976303	42.054282
272.942891	386.116528	15.384061	41.609832
270.358952	384.168360	14.646591	42.680553
267.672942	384.782338	14.942110	41.909174
265.739789	384.390003	14.905270	42.707317
263.730887	383.279548	15.127319	42.659115
262.543066	386.850930	14.764581	41.626649
262.219175	387.510368	14.936469	43.210766
262.847153	387.694008	14.753124	42.553285
261.445386	389.050554	15.264917	42.150901
261.807867	388.175951	15.193820	42.274795
262.325849	387.976261	14.965875	41.921036
262.402084	387.806716	15.110697	41.921769
262.564588	386.260828	14.952894	42.146626
261.945896	388.030268	14.986322	42.699100
260.821553	387.859516	14.692472	41.016343
260.348456	388.181790	14.690829	41.810578
259.194829	389.517707	15.079136	41.740346
258.888197	390.293223	14.781050	42.882398
259.836345	389.504514	15.360285	42.443300
261.034894	393.224215	14.989071	42.337734
262.319926	394.901458	15.194622	42.618859
262.745564	397.499784	14.844781	41.721263
262.298475	398.768298	14.960731	43.072738
262.100446	399.011665	14.609285	42.204635
262.049197	399.756883	15.359709	42.119625
263.208499	399.860674	14.766749	42.011031
262.746209	399.871011	15.223517	42.276173
261.939398	398.471362	14.911020	42.654160
261.453260	399.715849	15.034420	41.902140
262.396961	398.684754	14.948681	41.898892
263.008198	396.503062	15.105952	40.392039
263.477828	395.836412	14.947756	41.942871
263.576471	395.374232	14.944918	41.608900
264.093146	393.984178	15.001820	43.072484
262.189037	396.433935	14.845374	42.920354
260.515515	398.039769	15.023210	43.490529
260.849185	398.324925	15.387765	41.636691
260.865118	397.483330	15.259818	42.824784
260.042471	397.363521	15.479336	42.649459
259.431610	397.235888	14.772775	41.812361
259.140214	394.856308	14.883130	43.090143
258.048869	394.625126	15.079341	42.159436
257.279823	392.982690	15.122159	42.578132
256.298936	392.211327	14.860841	42.153823
254.289840	389.794594	14.860689	42.932249
251.231122	390.978082	15.248481	41.237552
249.132001	390.435427	14.768593	41.437522
247.869175	388.200047	14.772497	41.628439
244.998661	383.210105	15.045237	41.662650
242.391162	378.562304	15.256538	41.999929
239.427441	379.353815	14.844569	41.015227
237.564545	381.351763	15.072646	41.841228
237.534539	386.423303	14.768689	42.388786
236.078188	390.328090	14.981244	42.858896
234.604185	392.191933	14.732038	43.000966
235.538308	396.318206	15.284943	42.751949
240.829989	402.931681	15.125176	41.693847
247.872322	404.894441	15.124611	41.678194
256.494044	402.134281	14.554243	42.639624
266.407784	399.644381	15.092341	42.254355
273.900562	400.715457	14.859471	42.307532
278.043032	401.766242	15.036765	42.023638
279.072674	399.491320	15.067306	41.656377
277.757456	396.925668	14.988983	42.309350
276.551559	390.283666	14.985520	42.475905
276.416336	385.047130	14.935262	42.024589
273.827195	389.503548	15.298018	40.950207
266.225695	392.681185	15.779113	42.079215
255.178372	396.090015	15.625491	43.227356
244.785189	398.401851	15.297264	41.685862
237.557223	397.098934	15.117341	41.533910
235.524991	387.446726	15.090369	42.740842
231.411363	381.934830	15.339365	41.565690
225.319073	382.956967	15.125865	42.672985
219.881157	388.590715	15.195288	42.067127
214.277521	390.583530	15.018680	42.563454
210.168810	390.816147	14.949761	41.762202
206.521548	392.293377	15.071277	42.182411
202.346256	393.855633	14.936203	42.102610
198.645996	397.196280	14.601020	42.136937
194.606004	397.881942	14.917542	42.585672
192.124611	397.286123	15.179885	41.404594
190.370138	398.540706	15.028484	42.202808
189.364074	401.172604	14.562900	41.701164
187.894581	403.525330	14.705307	41.395532
186.609682	405.116668	14.826729	42.081198
186.518989	403.916076	15.053728	42.151209
187.459910	404.331020	14.783743	41.651658
188.156975	402.731308	15.119490	42.948535
190.292684	403.531826	14.878733	42.253727
193.626573	404.668942	15.138752	42.009789
196.614384	403.007913	14.873147	43.014573
200.193691	401.044566	14.627816	41.191763
203.950007	396.179429	15.169560	42.475816
206.195405	393.827381	15.082979	42.200386
207.245888	393.410817	14.992308	41.862995
207.788401	393.334019	15.187887	42.606887
211.245535	396.192972	14.836098	42.969066
214.881884	399.631195	15.352077	42.706810
219.048462	400.864647	14.982812	43.069592
222.099263	399.928324	15.248526	42.608101
222.802726	399.859918	15.122761	42.802090
222.188438	398.748693	14.792765	41.669851
217.714978	397.015095	15.422106	41.573624
213.407813	400.455072	14.963117	41.299175
209.848177	403.483070	15.010097	42.257760
207.526670	407.365806	14.905350	41.425912
207.047402	408.450087	15.134755	41.938477
206.290973	409.443814	15.134308	41.582641
205.198831	409.179211	14.842857	42.769352
204.630494	411.407308	14.789062	41.501425
206.231790	411.177261	14.976557	42.352463
205.039665	410.291939	15.002128	43.302305
207.195616	412.110907	14.830856	43.166214
210.413541	411.315521	14.967587	43.028000
211.677904	412.711310	14.707964	43.363723
211.518466	409.740323	15.053162	43.948373
211.923491	411.987835	15.067553	41.405953
214.782941	409.519205	15.116092	42.182179
217.212181	408.648150	14.894924	43.481330
217.971168	409.087267	14.959782	43.771429
218.617077	411.661715	14.874887	43.125218
220.492641	414.890088	15.316373	43.687478
221.375259	420.076823	15.227260	43.138134
220.416206	424.657719	15.241511	41.757926
220.447653	425.508674	15.122168	43.181158
220.632808	426.676655	14.567178	42.932007
217.996298	428.975188	15.492120	43.841085
215.580578	430.723429	14.893434	43.870024
213.478500	436.033572	15.073394	41.828290
212.427781	439.398563	15.141902	43.438261
210.594112	437.249026	15.257675	43.276821
211.155069	441.792958	15.315292	43.381545
212.412231	441.631319	15.041916	43.117165
213.089731	442.189312	14.757006	40.504289
213.441784	438.831932	15.175152	42.511609
212.913452	438.727444	14.867848	42.213429
212.068085	438.099541	14.976604	42.141200
212.028975	436.834708	14.861001	42.779752
211.457097	437.796925	15.062081	42.238379
212.642272	437.759588	15.231335	42.356584
212.374925	440.915837	15.176249	42.016488
213.077340	442.092993	15.045993	42.076313
215.003012	444.187511	14.818785	42.368630
216.756081	445.720490	15.201396	42.901144
219.077328	448.291805	14.942017	44.047454
222.106806	452.540519	15.229583	42.140249
224.622404	457.757980	14.575348	41.996809
224.726295	460.430789	15.608683	40.971813
226.578938	462.713418	15.362460	42.280021
227.307969	469.572948	14.638429	42.480675
227.502483	472.115801	15.508235	41.462136
227.914520	474.144084	15.412609	40.552581
230.100601	470.800387	14.465069	42.475647
228.387433	475.077879	15.336064	41.734487
226.408568	479.728753	14.823938	41.918575
223.184352	485.636532	14.642926	41.006014
222.604736	484.692822	14.925881	41.507586
224.346804	485.059929	14.559380	40.710155
225.011107	489.265881	14.873033	41.603498
223.063968	487.820182	15.138325	42.937179
219.210557	493.214782	14.801942	40.948410
216.771285	495.549267	14.862304	40.830740
215.277806	493.593739	14.498366	41.767952
211.122741	481.690750	15.824793	42.303911
209.201880	478.070521	15.558160	42.344914
206.772750	467.878767	16.399515	45.274798
204.748627	468.279155	15.122843	43.167491
202.654989	464.083878	14.913605	42.141805
198.777295	459.333654	15.029024	42.684151
198.271708	459.535604	15.246043	42.342722
199.578746	456.730428	14.928033	42.157247
201.223145	456.149117	15.253479	42.133136
204.440515	454.489770	15.441892	42.582701
207.194128	453.618792	15.386580	43.961456
208.862160	452.687204	15.187986	43.712125
210.505848	455.178398	14.813907	43.834726
208.256461	456.848990	16.500604	43.588887
207.010765	464.273610	14.963703	42.070747
206.521899	464.273198	14.790736	41.112961
204.871845	461.954718	14.956427	42.801803
201.471045	463.111713	14.925235	40.789569
193.488798	463.509263	14.955949	42.227199
189.326209	465.824582	14.949209	42.424562
184.913163	467.674585	15.198009	42.191299
182.911521	469.869021	15.054051	42.977632
177.806947	475.353168	14.913309	42.091637
167.458349	479.721874	15.029941	42.635480
163.074259	484.113854	14.720454	41.310602
162.345530	482.525659	15.210180	42.458861
163.279018	480.443010	15.006453	42.634917
165.739173	481.319937	14.464658	44.724932
166.047721	489.804539	15.147168	42.182245
168.308373	488.591657	14.593370	41.865597
170.232375	488.140925	15.097334	42.597344
172.256502	486.709357	14.895103	41.342874
174.489231	486.076154	15.076534	42.808523
177.467895	488.177118	15.185267	42.297484
179.431313	492.051482	15.300591	42.454403
180.709246	494.611187	15.137004	42.563085
174.933470	501.018764	13.423886	40.679966
174.567090	500.196998	13.932649	43.225401
177.057685	495.907835	14.831872	43.706341
179.118140	486.172558	14.845868	42.436032
184.544118	471.568555	15.173622	41.180710
194.027958	458.190886	14.897411	46.754610
193.222439	446.875202	14.332759	41.764039
188.076346	435.029550	14.508084	42.218130
183.066532	436.752847	14.300498	40.232279
178.487835	449.801355	14.467557	43.736150
175.953096	465.573329	14.904937	40.929779
176.563256	470.764827	15.202223	41.318588
182.127246	467.909381	15.338281	41.386839
191.941892	468.586747	14.170136	42.474903
200.903171	469.244412	15.176374	42.676980
211.781507	471.315302	14.980735	41.934726
219.637016	477.853803	15.064578	43.208673
232.478168	481.086762	15.105250	42.946998
242.979266	495.591323	15.097059	41.612120
248.343893	501.824524	15.010021	42.125005
254.049856	497.133994	15.399865	41.572166
260.022653	493.444216	15.030782	42.876763
265.038448	490.448534	14.881892	42.661112
266.895832	483.721040	15.038331	41.837588
266.734761	476.123644	14.808639	42.622748
267.235993	472.118299	14.685213	43.511482
267.746361	470.098584	15.050554	42.031085
268.381305	467.450863	14.794911	42.234314
268.281347	465.316660	14.756933	42.375360
269.111333	461.452789	14.994486	43.088443
266.212124	469.923756	15.433411	44.436271
266.389375	470.177172	15.111021	42.693826
272.326338	446.169160	15.725795	43.360426
273.060534	442.387204	15.033609	44.899799
270.354387	439.252578	14.799289	42.883144
266.255871	448.848792	16.179727	41.124454
267.744153	444.099886	15.275896	44.059197
269.209808	445.019420	15.125584	43.044898
273.748594	444.545622	15.368665	45.182943
273.058085	449.758410	15.221929	41.459170
269.577622	457.789997	14.938383	40.210955
267.037952	461.905032	14.950727	42.554851
264.955590	457.677332	14.944775	42.274669
262.130127	456.895130	15.154521	41.963868
265.558031	453.161456	15.440388	43.514352
265.354633	457.354245	14.867166	40.661396
265.406037	458.287690	14.542861	41.818024
265.678924	457.710236	15.111646	41.254615
267.268891	452.862750	14.806549	41.825809
267.862224	445.609142	15.218794	41.784475
271.143833	442.015724	14.995486	42.245168
275.685210	439.425367	14.962243	42.756865
275.477057	434.235429	14.936772	42.113606
274.987335	428.452496	14.512466	43.345086
273.943893	426.291971	14.880474	45.521257
275.064354	434.055368	15.142630	41.507191
274.935162	435.216531	15.075116	43.274723
275.064249	432.609187	15.444898	42.096892
273.589597	433.103648	15.301186	41.839585
269.507786	438.247599	14.960909	42.685406
264.677638	446.018320	14.632289	41.565437
261.313371	456.281101	14.336563	43.981790
264.031253	464.903552	15.179407	40.856343
263.409454	470.047862	15.359001	41.339035
262.164195	473.825065	15.199397	41.416617
261.414951	471.158293	14.678590	41.849439
260.408810	469.545062	14.869443	41.709840
262.322596	471.162124	14.874545	41.698986
264.002781	474.028754	15.391243	42.269281
265.403019	474.801396	15.220184	41.851476
267.754410	477.513628	15.292704	42.403217
271.470687	478.551164	15.246417	42.554077
277.000122	469.940529	15.392176	41.176700
282.242288	466.455992	15.317322	42.396578
284.530811	474.101283	14.891289	42.147103
284.348557	484.206379	15.112894	41.986405
283.909028	489.895502	14.809611	41.741079
283.226570	485.869591	14.879285	42.573094
278.909885	484.093058	15.329617	42.290188
276.243284	483.500878	15.150190	41.959196
277.725419	486.079239	14.586441	41.934093
277.647464	489.781137	15.138906	41.823763
276.770028	490.934852	14.800634	41.640877
275.945457	494.364940	15.011433	42.844292
273.444356	494.219995	14.887842	41.795279
272.204182	492.586788	14.992902	42.438231
271.917314	499.398901	14.981839	41.787377
270.700326	499.687266	14.913578	41.347750
269.075368	498.625872	15.322992	42.414569
272.682653	505.354129	15.364828	41.249419
275.888891	510.638140	15.074084	42.418521
275.850630	517.391917	15.084604	42.055764
277.046088	517.799808	15.232564	42.595471
277.439424	519.476483	15.095893	41.488887
279.165736	522.467297	14.825810	41.909891
280.845851	522.116121	14.852583	42.414935
277.524102	525.851484	15.080539	41.061447
272.491141	521.424497	15.137530	42.050305
267.891348	516.508288	15.205973	42.051377
262.813691	515.629303	15.213524	41.965392
256.640231	515.222256	15.372045	42.720962
249.731028	509.647348	14.750793	42.133673
245.300302	501.381402	15.080200	42.823705
246.202456	496.812789	15.212261	41.085241
247.283791	502.997726	15.656554	42.178105
248.231028	505.948256	15.393958	41.927993
255.040747	509.077231	14.737608	41.225477
254.296691	509.484448	14.664344	41.367767
252.227484	513.631307	14.754497	41.787420
253.039897	516.078881	14.831411	41.558907
254.352443	516.906893	15.252997	41.772242
256.004697	515.746062	14.987110	41.272189
256.638458	511.408343	14.808897	42.738022
256.907077	507.603709	15.072022	41.447362
257.173851	506.311581	14.921805	42.848117
256.536344	504.499953	15.232419	42.762782
258.176810	501.265462	15.185843	41.942802
260.705715	500.814858	14.866392	42.758714
266.501421	504.758827	15.019778	42.536980
272.067719	514.737827	14.997675	42.261598
273.611346	527.808752	15.298517	41.328169
275.587706	531.049522	15.127729	42.121735
276.434391	523.256180	15.151531	41.870894
279.022353	521.655337	14.751720	41.441778
278.530173	518.876980	14.953521	41.857583
273.616755	515.404610	15.660537	41.717770
263.923273	510.110395	14.947972	42.168640
255.940655	506.921739	15.183821	42.512647
251.456607	501.970554	15.054813	41.954740
250.034956	501.964970	15.232026	42.346392
250.068376	504.801809	14.963630	42.158389
249.042137	503.022633	14.758872	41.917865
248.565836	507.067016	14.792139	41.566050
248.782730	513.712312	14.951569	42.574534
248.753674	518.083097	14.737139	42.056113
249.788850	523.744621	15.095792	41.987279
252.434397	525.165918	14.709752	41.090651
253.581045	523.436066	14.768931	42.658332
259.613288	525.397561	14.685769	41.867848
263.470857	526.091337	14.863754	41.106665
265.064781	525.978238	15.151870	41.938798
263.896468	520.860051	15.316170	41.848280
260.921041	511.032316	14.996782	41.976576
258.686659	502.161868	14.987202	42.700610
257.751805	498.294368	15.081887	42.638331
255.310388	491.580697	15.100397	41.539533
252.281236	483.892285	14.833461	42.204462
248.694243	482.921704	15.001210	41.738217
244.690089	479.325307	14.597787	41.969378
238.849864	474.335379	15.277223	42.080064
235.974729	471.145174	15.130968	42.785205
235.697657	471.272701	15.113951	43.023058
235.829151	467.420925	14.895304	42.413936
234.812144	461.909957	14.819853	42.338452
233.907906	458.710323	14.735744	42.306641
232.732418	455.889610	15.244855	41.711772
232.836506	452.069396	15.076357	41.306112
231.967469	450.245356	14.790856	41.708296
231.788846	450.862236	15.163719	42.816780
230.980343	457.883188	15.095922	41.714848
230.053653	462.469157	14.952195	42.097013
228.486804	466.462697	15.344601	41.059715
230.745982	467.227049	15.000818	40.587889
232.686505	468.172850	14.852997	41.284996
235.902112	467.443731	14.795344	40.922025
238.593518	466.786124	14.940526	41.796751
238.499012	465.550006	14.743092	42.197574
239.933707	464.920837	14.828178	42.338130
242.287875	464.610774	15.247626	41.941751
244.900685	465.395597	15.029856	42.015934
249.645993	464.697779	15.057623	41.737327
253.640298	468.129932	14.861967	40.457278
256.183844	467.154921	15.204075	41.800325
256.567778	465.854692	14.983173	41.701507
256.924990	463.659191	14.984986	43.170576
258.214076	466.306081	14.957960	41.779136
259.318999	468.159387	14.865510	41.999689
259.723311	466.131504	15.103095	41.743809
260.901306	464.351272	14.767945	42.335980
261.844512	464.622003	14.917608	42.060996
262.507746	464.633579	14.695274	42.818091
263.440444	466.464503	14.819418	41.894650
264.831856	467.287468	14.924719	41.476475
264.526680	467.860967	14.854547	41.904048
263.628164	467.910561	15.168187	42.178558
264.131851	469.782242	15.032133	42.209731
263.804416	471.175596	15.014379	41.712969
263.554484	472.735149	14.962319	42.957879
263.895167	473.768961	15.015989	42.337781
263.854507	469.277354	14.980163	41.718683
264.713633	471.362893	14.808407	43.366227
262.433407	476.468889	14.947618	41.448933
261.904349	477.430986	15.062682	40.806540
265.042062	475.542321	14.357003	41.611829
267.225327	474.659545	15.236144	41.804389
269.010773	471.536427	14.741848	41.308231
270.033147	472.347143	15.067910	42.247167
271.238248	472.751573	15.078583	42.001759
273.015169	473.990883	14.857530	41.992841
273.546061	472.951783	15.065120	41.722534
273.654475	470.811854	15.003064	41.769956
274.247362	466.174997	14.945099	41.493270
274.784917	461.909226	15.379443	41.776545
274.744595	458.368875	15.027011	42.210402
274.616675	459.462376	15.106699	42.567621
273.229362	461.578570	15.026095	42.205219
272.334908	462.851894	15.196350	41.339848
272.044299	463.617680	15.142005	41.936827
270.813261	462.530980	14.958831	41.834758
269.913501	465.181418	14.814704	42.287697
267.446246	467.564749	15.063902	42.561004
262.460154	469.149246	15.335809	42.354666
257.414259	472.262527	14.724779	41.505804
251.662510	474.970896	15.004054	41.992585
248.126836	480.785930	14.876613	41.084039
245.988562	485.378773	15.006325	41.336423
243.125875	485.857197	14.847326	41.732167
243.277061	486.072152	15.732087	42.148131
243.020374	486.221733	14.884064	42.660877
241.140062	488.189762	15.286098	42.326350
240.420044	500.105461	14.941708	42.270540
240.832591	510.365193	14.946653	42.082502
242.151274	516.600169	15.176641	41.521050
244.044903	519.600091	15.001369	42.442606
245.268651	520.517848	14.968457	42.036272
244.632393	519.050402	14.892308	41.407804
244.055519	520.518651	14.944387	42.511194
245.324401	523.111464	14.914945	42.065559
247.029131	521.921069	15.286951	41.258439
247.905855	520.147623	15.164373	42.514621
247.831776	520.359850	15.121307	42.075053
247.491200	519.782836	14.946726	41.766197
247.976341	517.164945	14.688087	42.148374
247.996563	515.499299	15.238779	41.490422
247.882169	510.197966	14.743073	42.497094
248.190535	508.482380	14.811223	41.590042
247.791103	505.824380	14.869029	41.732502
247.890313	504.941494	14.938535	41.513854
248.338144	504.141500	15.109196	42.078852
249.474812	502.600833	14.987723	42.327501
251.457476	500.964159	14.885591	41.824308
253.187960	501.466000	15.110190	41.895813
256.243875	501.336546	15.064253	41.810560
258.057319	498.817042	15.029623	41.671632
256.556696	497.621621	15.056447	42.345855
250.205104	496.877969	14.936758	42.895578
245.900629	495.779335	15.175469	42.151873
249.654706	497.300816	15.126213	41.179321
253.321575	509.931948	14.845163	42.454182
261.470411	493.111659	15.074541	41.482190
262.520995	486.239344	15.188676	41.857734
261.326839	488.090039	15.489819	42.009960
262.640447	497.820651	14.983530	41.541676
262.245453	508.171140	14.577735	42.188548
260.330111	514.334988	14.789771	41.913413
259.895834	517.752844	14.993593	41.646570
258.679624	520.196755	15.434385	41.040814
262.570561	515.487368	15.471219	41.404343
265.952173	512.569740	14.707354	42.313843
267.275771	510.769685	15.254150	43.234304
268.709388	508.344471	14.947324	41.138230
270.253787	503.348525	15.423040	41.926319
271.838656	496.738124	15.122644	41.460047
274.778680	490.402843	14.963223	41.104745
276.073449	486.578317	15.126670	41.824265
275.158965	487.712725	15.034454	41.066238
274.787975	486.236533	14.929913	41.915644
274.185112	482.516598	14.924721	42.121779
275.934937	479.488338	14.877991	41.871626
278.203168	477.641265	15.004695	42.388184
280.690846	477.001618	14.799761	41.207291
280.490766	475.964780	15.255645	41.390387
279.925731	475.450864	15.083983	42.112202
279.793836	478.062859	15.123771	41.984475
279.312068	481.180694	15.323602	42.345362
277.871979	481.703162	14.848272	41.711208
274.568173	484.634337	15.001506	42.404829
269.386488	485.745874	14.899914	42.614762
264.988923	485.033480	15.219723	41.733858
260.544158	486.795934	15.206482	41.782771
257.424067	485.630595	14.710612	43.157985
254.161161	491.903434	15.111059	43.341826
252.586808	498.284074	15.034770	42.134087
252.080277	506.012350	15.381895	42.312856
252.644211	508.983825	14.996593	40.966868
253.519265	509.239377	15.106136	41.435799
254.696821	507.303842	15.007974	41.755202
256.480844	507.209523	15.072860	42.160344
259.254593	506.134411	14.983689	42.644236
260.463773	506.013974	15.162874	41.842559
260.552359	504.937187	15.422665	42.436720
260.320386	504.242591	15.071579	41.189921
259.814208	500.661171	14.822465	42.210045
258.821863	497.065841	15.022034	42.601619
257.929539	499.673384	14.941723	42.080751
257.081139	503.694662	15.019580	42.793317
256.847176	504.764906	14.904055	41.585420
256.437915	504.325062	15.030484	41.542040
254.294978	504.828728	15.043388	41.814487
253.001122	508.494050	15.263148	41.770132
254.101582	509.145098	15.242136	42.383490
256.695567	508.152729	15.192559	42.327170
257.706885	507.967504	14.995972	41.897973
257.871791	510.330356	15.287288	41.888424
258.862668	512.258242	15.004585	41.559556
259.310801	513.735710	15.118704	41.574337
259.979793	514.309939	14.888725	42.662575
263.217530	515.517526	15.514515	42.087772
264.044342	515.726174	14.975137	42.735364
262.802723	517.131143	15.007124	42.513563
261.457687	518.771687	15.036193	40.914124
261.937813	528.548334	15.290133	42.314544
261.622493	545.008712	14.870071	41.365842
260.631711	559.202628	14.649145	42.323664
259.633673	565.051701	14.543115	42.336894
259.322140	568.356029	14.976309	41.840953
259.486134	571.071866	14.584751	41.993878
259.987612	570.399247	15.308932	42.655621
258.628564	573.041883	15.201991	42.456095
258.811448	573.774332	15.418515	41.549473
258.771922	575.021061	14.778916	41.322027
257.622839	574.187376	15.153342	41.517274
257.786700	570.354963	15.126055	41.987063
257.336748	569.719503	15.463156	42.170871
256.777272	562.149331	14.757248	43.103135
252.442219	562.291107	15.014383	42.537898
248.101921	562.013164	14.904640	42.012688
245.380686	559.267366	14.857761	42.052784
244.939662	550.026800	15.713143	42.882016
247.609815	541.903001	15.332226	42.348406
250.482806	540.294549	15.745284	41.158829
255.556511	535.598764	15.961456	40.861554
259.126459	531.275694	15.190527	41.108611
261.544846	533.401554	15.070457	42.384792
262.127310	539.118681	15.152481	42.590186
261.769781	544.143949	15.050316	42.118812
260.808616	546.186342	14.988427	42.756608
260.412705	547.668398	15.029518	41.513181
260.018179	549.552819	14.952369	41.939023
259.906538	551.623010	15.123450	42.176016
259.756984	554.061189	15.083860	41.376216
260.383960	558.540931	14.985393	41.691794
260.405611	557.930363	14.998978	43.084029
260.631434	556.829432	15.139724	42.622406
261.491615	559.497268	15.039203	41.430376
260.984615	565.836640	15.735144	40.723532
261.268724	568.100534	14.923470	40.895798
262.546404	570.701520	15.051790	41.870229
262.650507	569.190269	15.190863	42.105280
259.040414	577.016671	15.563220	41.515679
258.150199	592.718438	15.551881	41.249149
257.378851	595.086426	15.655724	40.011869
258.128646	590.220609	15.028954	41.311091
258.149629	587.552434	15.192074	41.880957
258.067749	585.564257	14.983412	41.435845
259.247860	579.540404	14.894361	41.880701
260.072150	573.693367	14.573822	42.240202
259.876611	569.086524	15.041044	42.194128
260.741777	568.503719	14.916806	42.280862
260.262156	566.626433	14.749969	41.818305
260.178884	565.221225	14.943754	41.424534
262.376180	562.891609	14.901440	38.750702
264.620250	556.754576	15.333174	41.908355
266.721305	552.590325	14.731626	43.372069
265.738149	553.015270	15.124198	41.584773
265.728792	551.972586	14.786874	42.324717
265.545269	549.018094	15.302974	42.316172
264.215609	542.930618	15.257574	41.150684
264.254384	540.672542	14.824302	41.368804
263.944463	539.580257	14.907932	42.384432
263.527082	538.309647	15.029550	41.201701
262.774900	551.565414	16.597260	40.523205
265.704017	569.730588	15.008733	41.207178
269.687366	570.434921	15.048340	43.494429
272.666020	570.566255	14.923482	43.275069
274.443143	570.934671	15.132757	42.345157
276.146097	573.355879	14.941364	43.033130
276.602647	574.763339	15.479237	40.954980
279.340998	572.214905	14.986817	40.368499
279.479301	572.561021	15.002814	41.134898
280.246892	567.457723	15.077861	41.000123
282.439215	560.063392	14.987775	43.859623
284.311163	557.744360	15.521680	42.783072
286.269944	554.248907	15.566965	42.128600
287.978523	549.712865	15.187017	42.445681
287.657417	545.428085	15.530595	42.907593
288.326493	543.026026	15.163886	42.333547
288.138286	544.924214	15.003311	42.574761
288.178070	545.135987	15.187054	41.854230
290.008021	543.231131	15.521648	40.642764
291.691234	540.318094	15.287313	42.358332
290.907377	539.149897	16.143043	41.930301
288.352338	554.209638	15.937413	40.960638
284.010321	539.614332	15.047492	44.805212
279.135942	542.623291	13.861652	42.252084
275.787753	545.052788	14.501652	39.892310
264.000000	495.000000	51.000000	129.000000
260.325183	498.133728	51.168722	125.713380
257.936225	497.026490	50.761729	125.200994
257.349293	493.320770	51.356639	131.418082
257.988256	493.075253	51.300715	127.238317
257.770797	489.084295	51.538878	128.566499
258.935168	487.422774	51.752373	123.971194
262.092170	489.927163	50.178117	121.504062
263.545090	481.387415	47.817102	121.633882
261.834714	494.714652	46.693591	120.733574
257.972347	492.406356	48.990082	115.524391
