340.000000	358.000000	18.000000	55.000000
339.367432	357.316991	18.263542	55.106907
339.068103	357.619380	17.809438	55.467907
337.682238	356.984363	18.081586	55.146003
336.485745	357.615064	17.474228	54.389315
334.600663	357.448702	18.048223	55.240218
332.734736	357.133233	17.682949	55.847104
329.971190	357.317872	18.258681	54.118556
326.257507	356.180861	17.837294	53.869083
322.294820	355.697352	18.043174	53.332982
319.679318	357.516420	18.116541	54.913963
317.499023	359.005417	17.783609	56.720834
315.590932	360.249167	18.049882	56.481710
313.234971	360.822694	18.259773	55.611484
311.533986	362.303478	17.929480	56.344855
311.064903	363.084669	17.725724	56.041959
308.996613	365.279790	18.042836	54.907493
307.145139	367.117561	18.044478	55.037664
305.025286	367.085393	18.132096	54.681591
304.643030	364.535235	18.308461	56.319382
304.679668	366.466632	17.770589	56.188882
305.738017	365.421262	18.041963	54.973918
303.954591	367.684913	19.600838	55.219943
302.997167	370.877133	18.155891	53.586567
301.920510	371.896960	18.451372	54.837843
299.352448	373.114599	17.925683	54.154123
297.532860	374.427627	18.326533	54.873268
296.165233	376.231960	18.392343	55.808982
295.742395	375.549693	18.042774	55.600729
295.179828	376.844859	17.967935	54.593288
295.151390	375.126327	17.797738	54.888029
294.714902	376.316632	18.176384	55.502622
294.565414	378.515895	18.023304	54.609646
294.434467	379.682456	18.331292	54.973856
295.764530	380.027566	17.942403	54.898584
296.715196	378.640460	17.977797	55.129346
296.921517	378.484756	18.360470	54.531982
297.087285	378.621527	18.283246	56.063358
297.797835	376.822206	17.767296	55.890722
295.914107	378.502005	18.515216	55.311482
294.933488	377.987008	17.528354	54.121179
293.073744	376.142705	18.009361	56.695309
292.855131	376.718493	17.959113	55.252263
291.214456	377.811846	18.080666	55.338629
290.645610	378.528978	17.901263	55.458700
289.419779	377.870479	17.817871	55.041978
289.455426	378.310298	18.094902	56.125229
289.851337	378.966847	17.881885	53.741935
289.061734	377.206869	18.128598	54.899104
290.167846	376.861389	17.818002	55.210842
290.130138	377.126739	17.803701	55.036455
289.778571	376.502060	18.350795	54.981842
290.442325	377.386412	17.936390	55.595416
290.313654	376.562671	17.617492	56.019416
289.467574	375.822911	17.897695	55.299573
289.254062	376.662468	18.122699	54.281109
288.717706	377.010832	17.722692	54.264121
286.465915	380.486634	18.097268	54.430039
284.704280	381.250280	17.918874	54.691219
283.111126	382.178610	18.285735	54.362387
281.345109	383.459079	17.868312	54.497953
280.297493	386.171342	17.992234	55.331879
278.295022	385.208691	18.386118	55.152268
277.247369	385.633742	18.006200	55.949527
276.679023	388.764451	18.256086	54.580548
275.424654	389.015694	17.928123	54.885935
273.839929	388.914943	17.783869	55.311773
272.237261	388.822120	18.172700	54.201876
272.014306	385.277325	17.948310	55.230444
271.881822	382.812770	18.175697	55.283455
270.919833	379.515869	18.017798	55.895564
270.177133	380.140831	17.932760	54.755742
271.363411	377.462324	18.548993	55.512354
269.974425	376.325691	18.489085	54.862383
267.806280	375.469535	18.180239	55.252362
266.054038	373.595858	18.295978	55.908755
264.830824	371.816786	17.930172	55.697618
263.877050	371.284931	17.906952	54.976821
262.607420	370.377139	18.330193	55.196933
262.964017	370.274826	17.973499	55.625657
262.539953	373.365994	18.222147	54.101874
263.980225	375.442159	17.659499	54.763664
263.711822	373.922660	18.031158	55.027969
263.895999	373.125966	18.325091	55.060902
263.125655	373.399063	18.150891	55.898307
261.163127	374.931389	17.876181	55.115144
257.839944	373.532118	18.361219	54.877864
257.451767	371.860193	17.486816	53.778303
256.654989	366.925137	18.077851	55.040067
255.420442	365.466411	18.018668	54.798827
254.354279	367.834598	18.313089	54.860206
251.656470	367.684547	18.202708	55.510293
250.578626	369.425621	17.621656	55.868358
249.381525	370.769345	17.666546	54.757913
247.967063	368.965676	17.844364	55.417926
246.406814	367.617337	18.301724	55.595670
245.985191	366.792924	18.255419	55.171816
246.407928	365.993329	18.166179	56.962887
246.421541	367.018576	18.142779	54.896816
246.110836	366.346279	18.584066	53.619164
246.294742	365.557973	18.164710	55.591367
245.852831	365.637282	17.993389	55.503538
244.758242	364.760122	18.070680	56.073349
243.974853	361.863919	17.833739	56.127592
243.328498	360.352432	18.072236	56.111920
242.464658	361.651329	17.965645	53.940157
241.612009	361.879018	18.198014	54.617508
239.869610	363.292036	18.105069	54.662221
238.403095	363.724312	18.010138	55.726002
237.441577	365.743267	18.098176	54.874693
235.845470	366.106891	17.906604	55.088763
235.100241	365.023253	18.128386	55.462274
236.873459	363.535897	17.315869	55.840374
238.718338	362.890002	18.029558	53.912504
242.975317	361.856793	17.594065	54.639386
246.121393	355.310029	18.147811	55.061320
249.163367	351.014496	18.127413	56.566347
249.325940	348.256331	17.622388	55.113356
248.468086	349.348484	18.261002	54.853775
248.730333	350.897296	17.917412	54.597248
248.898120	349.419283	17.951689	55.333529
250.560569	350.267389	18.323327	55.633735
252.348510	350.947626	18.068522	54.175822
254.344268	349.936634	17.915769	55.958193
256.054159	348.817979	18.035628	55.653167
257.243092	350.221532	17.980762	54.690397
257.781194	350.348877	18.295385	54.720480
258.822721	349.900267	18.119558	53.512500
259.266516	349.514998	17.937551	54.736281
258.820300	349.468489	18.211114	56.112517
257.618608	351.338714	18.107180	53.956124
257.948273	351.345428	18.070486	54.457099
258.355220	352.863302	17.564562	56.307800
258.240806	353.216348	18.248567	55.266397
259.555527	353.250256	17.844344	54.898164
260.375672	351.624338	18.137303	54.861468
259.503043	350.957277	17.778827	55.653479
258.826565	348.847297	18.286199	54.872958
258.753933	346.730726	17.931582	55.380855
260.284924	347.641498	17.863534	55.562074
260.574580	346.531513	18.238394	55.423244
261.066323	345.481243	17.976725	54.523264
259.475719	345.264680	18.029724	55.597862
257.353304	346.864727	17.999505	54.527391
255.742395	349.072264	18.096702	53.705524
256.496496	348.309254	18.160241	55.221921
258.656088	347.518978	17.988787	54.251880
257.823085	348.287777	18.309516	54.311842
256.463113	352.866978	18.007526	53.898130
254.314297	356.407188	17.914780	55.228643
251.971508	357.435767	17.882430	54.450083
249.709795	356.025863	17.765676	54.963802
246.591570	355.684318	18.049048	56.061513
243.585470	358.208707	18.124990	55.780928
241.803061	357.699174	18.326973	54.266452
241.302339	357.316912	17.904062	55.190116
241.605304	357.074517	18.049184	54.473724
241.160093	357.454252	18.061462	54.622318
240.187989	357.364368	18.422265	55.672526
238.845505	359.273952	18.135027	53.622866
238.050120	360.058402	18.146020	54.534230
237.044506	360.501257	18.022679	55.710737
236.497452	361.468419	17.778240	55.255647
234.575464	361.518899	17.994890	55.260223
233.602965	359.530467	17.782440	54.197085
231.696296	359.945028	17.958581	54.917519
229.343224	362.749093	17.646217	53.852308
227.323997	361.396985	18.330844	55.075075
226.605526	360.718048	18.105062	55.588304
225.312883	358.713857	18.199885	56.978749
223.333265	358.941622	18.058465	54.778899
221.727808	357.901331	18.058376	56.059665
220.803329	356.610290	18.302768	55.470062
219.745605	352.833349	18.129081	57.131357
219.504713	349.445961	17.967772	55.367212
217.862654	350.513845	18.731096	56.407248
215.248939	353.610101	18.226251	54.663993
212.783011	351.972572	18.453601	55.928775
214.729117	349.622702	17.926544	55.902028
215.091676	344.726862	18.146202	56.898256
213.222215	347.079822	18.333731	53.917132
212.135383	350.375364	18.009801	54.837000
211.063238	353.648747	19.162378	55.458912
211.400733	352.135477	18.098669	54.850795
210.794454	351.070481	18.056825	55.657594
208.740218	352.180680	19.016226	58.490022
205.940252	354.814138	19.251401	56.324639
204.349876	357.227631	18.847914	57.479294
200.940813	360.267331	18.467261	57.005891
194.699427	371.472525	19.022510	52.614341
193.196181	373.269636	18.725744	55.987531
190.770347	383.131257	18.039327	53.650712
191.233336	386.364501	18.694604	54.822546
191.524809	377.714867	18.421434	56.170843
188.373847	365.327630	18.938910	55.901729
185.935412	363.014977	20.097737	51.301519
184.113100	364.625169	18.843367	57.052413
182.093719	367.484459	18.314689	54.189089
180.334009	368.205688	18.125247	54.933023
176.692601	369.578361	18.470570	55.074888
175.271100	369.783142	18.151492	54.997013
173.629340	371.023903	18.406176	55.062594
174.009264	374.901882	17.942491	57.139892
172.063609	378.672048	18.240057	55.466925
171.167229	382.968395	18.474541	53.310285
172.091212	385.895448	18.466869	54.535082
166.925368	392.373054	17.868117	54.196779
163.543947	393.894071	18.147349	54.100348
161.302558	394.810488	18.211053	55.123033
162.192448	393.256543	18.154737	54.577596
156.946677	399.267825	19.099097	54.008766
162.535077	395.241256	17.698819	55.623422
161.338317	392.220342	18.463976	54.708168
157.663312	392.428162	17.899842	54.591036
153.213103	392.888364	18.456650	54.600837
151.154673	388.747113	17.798830	55.666495
145.645385	381.114021	19.597975	55.670870
144.098206	382.868909	18.090389	54.844668
145.182507	381.530740	18.596977	52.075875
147.029687	373.855923	18.071050	53.922966
151.140418	375.473549	18.071983	55.490677
154.024103	378.030932	18.501169	56.100029
160.876954	388.318958	17.409942	57.172074
170.631083	387.260826	17.097379	55.534517
179.649678	379.358652	17.964233	56.854813
190.333240	379.802763	18.077831	56.565980
201.856691	380.399735	17.642854	55.201984
212.396407	381.867960	18.647583	55.840071
222.630020	386.853364	18.217358	55.095760
227.163706	387.183503	17.528167	51.240172
231.452599	388.112008	17.860542	53.472052
234.659880	392.141110	18.456256	53.755317
240.284380	396.561183	17.203460	48.827408
236.676213	398.437073	17.941210	52.015733
241.185153	405.946777	17.961492	52.488326
244.753704	412.430966	18.158238	54.981452
247.315576	417.521571	18.058957	54.319019
249.832572	419.607681	17.881239	55.403914
250.861373	426.936396	17.885239	54.353205
250.497225	432.710023	19.093743	55.980296
254.515758	436.670154	18.455430	54.192418
260.321963	438.562355	17.959453	54.131944
260.352861	430.203264	19.397684	56.260811
263.100378	423.139546	17.937187	53.066224
260.126156	410.321948	18.319303	54.482448
257.964602	398.512533	18.070292	53.592902
254.258310	387.352270	17.482039	54.111107
252.208061	374.644228	18.111434	52.506295
259.119228	367.462963	18.328728	55.126511
255.918985	365.135242	20.600406	55.835634
258.905418	364.286384	17.811992	55.652733
258.701701	361.071211	18.200716	53.810969
261.131327	357.070675	18.224238	54.117196
264.679027	367.280194	17.303971	51.625994
265.997198	376.335055	19.483705	52.383144
270.635489	374.802576	17.511874	52.599224
275.043994	376.890201	18.550477	53.507412
286.498295	385.448502	18.629440	55.854027
294.718960	372.385070	17.777951	55.010265
300.720014	370.841955	16.662275	53.038841
305.760482	372.207282	18.163355	54.441529
307.378296	377.489083	17.530613	52.401676
306.770070	377.507928	18.100145	52.997136
306.543145	379.581798	17.840777	54.536173
302.060107	374.486489	16.535553	52.555832
297.342384	370.631685	18.252248	51.986084
292.210462	369.720648	17.493482	50.887572
286.199448	363.394494	17.811048	53.536418
281.635156	359.937523	17.761518	54.264145
275.920433	359.577037	17.874041	52.948443
272.457803	361.288755	17.974729	55.175287
273.027153	363.092143	17.629932	53.773803
280.915772	366.314206	18.729868	58.944439
287.998768	362.404441	18.070153	54.437353
292.253223	358.136931	18.183764	54.819071
295.049637	348.779663	17.703871	52.803461
300.185077	341.968947	18.277926	54.661234
310.877467	334.121944	17.798503	53.326071
316.001132	326.065320	17.498013	53.798126
317.685259	327.623423	17.849418	56.349841
317.414991	336.812857	18.240543	53.765656
320.761291	338.876573	17.800958	55.593614
325.851202	340.357948	18.576643	55.797328
329.306719	340.343744	17.971926	55.828057
327.606555	347.401481	18.188924	54.277996
323.654031	353.149865	17.942704	53.754232
321.646453	355.647143	17.478500	54.875029
318.813466	353.154855	18.064983	55.241564
312.439937	357.106506	19.019330	54.575327
308.827972	361.780440	17.332948	54.150077
306.434107	365.594487	17.893918	54.906122
302.439295	368.850940	18.827169	56.328340
304.599172	361.135049	17.621802	58.033013
302.423394	339.777549	19.094508	56.053268
302.236401	333.234080	19.398746	53.632447
296.883509	342.393771	17.383617	51.264893
292.018263	342.760112	17.537843	51.682314
290.988779	344.782543	18.322562	52.647625
289.860636	344.814712	17.933566	51.803789
285.275356	345.390541	16.830603	51.973570
282.903836	345.045873	17.771237	54.273469
282.356440	349.738554	17.972403	54.400109
278.752331	350.084548	18.229838	55.572252
274.480871	356.399879	17.966216	55.310964
267.742352	351.893039	17.484064	54.468892
260.060843	346.341578	18.070570	55.705362
253.404518	343.321083	17.948886	55.696316
253.389193	350.255966	17.799284	53.770587
260.311290	355.391400	17.418691	53.468037
271.500818	355.701400	18.600443	54.052912
283.260030	355.679436	18.002334	54.657820
292.416718	359.356811	17.864204	54.255387
299.040333	367.205873	17.875701	54.914084
305.592585	377.893580	18.224372	54.550472
312.119607	394.554783	17.862085	54.429718
314.669346	404.446045	17.935432	54.434991
317.905809	410.769887	17.716472	54.342225
318.350241	419.045903	18.290277	54.176247
318.966317	434.612687	17.976421	53.709807
324.974663	445.708880	18.308987	51.968198
334.713590	446.373373	18.243480	55.877371
340.965082	448.089891	17.151645	53.884624
347.201015	448.331738	17.853566	47.125516
351.565889	453.278145	19.662901	50.351076
299.000000	361.000000	61.000000	187.000000
304.046641	370.737565	62.338698	187.635590
298.207711	368.784660	58.188949	187.085081
292.705683	378.806612	60.790746	177.183652
291.246081	374.339526	61.834883	184.581947
286.837061	373.919691	62.312149	189.341457
283.675799	379.543758	60.880923	183.541577
277.352372	396.227180	62.434929	179.198642
269.958091	399.066022	65.249628	181.046528
274.864438	390.148115	61.368618	186.625096
272.781080	374.811471	58.655390	186.635502
268.028799	380.523374	62.008828	189.875601
266.068768	374.025835	59.334451	192.186978
262.706266	369.847843	62.214602	188.554307
262.667413	374.654746	58.592680	181.274707
263.064164	361.323158	61.044091	186.079069
266.755224	348.559902	59.575494	186.020204
268.851161	348.221227	61.055683	186.393020
269.329722	344.332204	58.797771	185.600635
270.725697	343.768738	61.312370	187.537414
273.797506	344.881666	61.015924	189.880000
274.524956	349.546031	61.139625	180.064164
276.437741	347.662145	59.478704	182.642548
274.536088	343.431863	59.526112	191.903182
270.958460	343.907719	63.011428	186.526926
273.343582	345.312379	60.858111	185.932386
271.602996	353.374697	60.795292	181.225499
270.027605	358.136730	60.532358	189.543814
264.487735	359.138290	59.321010	189.731680
255.870003	358.554190	61.732952	184.611516
253.414358	350.781811	59.696695	189.595913
253.478019	350.872950	61.520656	182.502467
254.385259	358.322603	60.151617	187.057991
252.342992	353.137719	60.104167	187.718906
252.531219	351.832729	60.895583	185.968876
254.564201	345.329413	60.636641	188.744407
261.281239	346.010996	61.350406	186.853622
274.344313	347.743466	59.110619	192.788704
283.574892	350.108982	60.691979	182.288228
293.074482	354.708824	61.345183	186.559383
310.402930	341.032365	62.200924	179.635361
329.106405	336.022800	61.826342	186.859132
346.613634	325.181519	61.102444	185.215798
360.667491	340.797425	60.512959	177.525303
350.601947	333.487658	61.217465	189.824020
358.900188	341.009988	62.925582	187.011590
370.412949	344.464677	61.132483	183.409976
380.459745	344.633843	61.928246	194.573116
390.694222	351.466026	62.409147	187.349271
403.092805	348.203929	59.509837	187.868906
418.585070	341.336334	57.616132	187.803794
438.112907	332.205526	41.922231	188.506160
447.051215	352.236154	33.006344	181.543201
452.922712	359.028331	27.106711	185.970117
456.582512	383.699061	23.417488	182.732629
448.690427	339.141486	31.310254	175.497113
441.897913	344.686308	38.102087	177.233551
444.971980	357.324613	35.075716	184.472486
450.000000	337.000000	31.000000	187.000000
440.015891	334.338915	29.434888	196.198618
429.550259	336.299833	32.490496	186.818506
420.085729	330.074195	30.328300	187.477383
407.476559	336.244900	31.685443	191.656293
404.054014	353.939688	31.529918	190.754743
395.769709	359.949233	28.023489	189.932881
381.732512	370.326663	28.791435	168.619658
374.225225	368.069573	30.047998	175.402972
366.593814	360.394727	31.661309	178.870334
359.384532	369.966822	29.901082	175.842426
351.803651	386.372983	28.706976	154.737456
349.808436	384.251725	31.444481	161.875431
347.076879	384.362282	29.864595	163.579243
336.333967	386.321012	30.532951	171.016951
328.884678	373.776473	29.528042	183.817077
322.369660	366.267340	30.959987	184.973689
314.463393	368.935126	33.319767	182.570348
308.700771	373.397291	31.150886	178.930247
306.524877	375.474375	29.723791	179.453911
303.104376	381.051187	30.673979	192.752245
302.674901	381.526723	30.181956	186.234732
297.068089	367.069497	30.845905	193.454956
291.995184	381.380256	31.313340	183.077869
289.035296	380.941624	32.212338	186.859646
292.106791	378.689813	31.517011	194.041159
296.454266	380.947708	30.163253	190.398682
300.489155	386.037092	31.347745	183.155546
304.071211	387.727592	31.030756	185.657133
307.841429	389.498651	31.101172	182.108243
309.703063	382.496786	30.318853	180.371431
311.940050	380.536383	31.415633	180.265224
306.892111	373.794946	31.118010	179.221705
304.705442	368.517529	31.676720	186.580024
304.921902	372.608509	30.198145	183.740123
303.814681	364.981937	30.288362	183.792422
300.417090	366.008268	31.007183	180.383299
299.721073	358.584623	31.291200	183.356683
299.496552	356.328612	30.912486	190.405188
298.667172	358.366359	31.411774	187.026449
297.444375	351.704821	31.232293	192.518049
298.953587	351.726163	31.426190	185.425550
300.436555	349.678016	31.215576	188.949788
298.299850	355.158773	30.629585	183.320800
297.413944	354.980966	30.339523	185.707526
295.777511	370.856512	30.991812	182.651580
291.243649	374.860510	29.401473	181.304983
289.046154	364.139595	29.443730	171.002226
281.277873	358.733713	31.340967	188.033554
280.860997	371.535864	30.412227	183.273742
285.185533	372.736833	30.623162	183.951910
289.482726	370.776550	30.582205	186.336774
291.706107	363.569848	30.894473	187.530310
292.637639	361.018010	31.652772	184.696045
293.355780	355.153107	31.010837	183.593570
292.354769	350.125016	30.325586	189.421528
290.054371	355.041019	31.001531	187.296807
290.144129	358.644474	30.859598	189.055103
290.795821	362.319728	31.422413	186.133185
293.038738	357.576796	31.543252	190.464667
294.863878	357.778013	31.481574	185.427369
295.850277	350.203221	31.449443	188.893526
301.519409	341.651879	31.314944	190.437094
311.816304	326.769783	31.241100	190.710274
326.262211	328.190329	30.763208	184.012515
341.698166	317.848300	31.455110	183.741696
355.851305	301.243773	30.467095	185.767925
373.966900	288.306856	30.724607	180.143623
391.192222	272.043990	31.259968	185.371924
405.732241	261.053929	30.635982	186.240014
416.069510	271.964311	29.782920	188.790064
421.739618	277.775421	30.460230	187.918672
426.415133	280.760248	30.622126	186.994372
431.481881	277.762194	31.480914	189.502699
436.606916	272.363073	30.604367	187.805839
437.176345	272.340100	31.328845	182.981107
439.962762	275.950545	30.823364	185.582840
441.893087	282.056045	30.804809	186.741554
445.143571	281.987328	30.731067	194.090368
452.582183	287.849255	27.000786	187.237384
458.924488	292.107124	21.096790	189.424883
465.863401	325.630506	14.144536	187.910756
460.878973	315.921879	19.152992	176.030291
457.831441	288.164383	22.200861	190.138162
450.455624	260.278705	29.508314	168.906856
450.688312	240.399370	28.118450	188.891273
320.000000	280.000000	57.000000	179.000000
325.119508	285.753401	56.793310	179.097270
333.069609	287.417336	54.459780	178.614923
343.017799	281.462873	55.464515	183.942171
354.327058	280.065507	56.572429	178.984867
363.690591	277.417914	56.783012	180.758162
371.861939	275.114826	55.044164	179.453311
377.484711	275.073471	56.994994	175.163631
383.372268	275.843237	56.691167	178.966543
387.272000	274.280784	55.398025	188.497410
388.732483	286.190680	55.923730	177.240988
389.065392	290.772159	57.703693	176.432333
384.027374	287.938450	57.853784	180.799202
375.722971	289.985318	60.308385	181.652628
376.371502	293.913908	56.880249	178.851858
381.510913	302.495839	56.019704	182.347058
386.876096	313.174865	58.772127	178.337295
396.738939	306.760639	56.849129	184.551755
404.190172	309.189583	55.964030	180.097820
406.258192	314.988010	56.588697	174.469839
411.470138	324.477844	56.214198	178.645013
417.466294	325.443964	56.796403	179.252643
420.228602	316.442586	57.023684	174.992164
417.083199	314.056727	57.338222	177.808102
405.393721	312.528899	58.639569	174.395357
384.839001	311.185867	58.573230	172.283222
369.022714	309.655523	58.446506	180.764332
352.857746	319.425214	56.327595	180.548432
329.969137	317.543322	59.859859	173.883557
318.907178	300.397721	56.812311	183.465366
305.021504	294.252825	56.484889	179.866308
292.195301	297.630003	55.921184	177.720238
282.444258	300.895261	57.085174	173.088042
270.494931	325.170553	58.396703	177.227895
264.339617	346.222143	55.324678	177.540529
264.844169	347.273440	53.995994	167.936740
255.200249	353.423044	56.395087	171.362751
256.628456	355.645523	57.118481	179.707143
262.018139	360.441000	56.252612	176.401000
261.734834	349.854218	57.479791	181.059380
271.319060	338.977638	53.463403	178.895608
274.247696	330.651758	57.387630	168.887314
269.611849	308.907760	59.324666	178.040886
261.542242	307.842766	53.433149	176.412873
240.463713	301.689664	59.612307	171.221130
223.234181	304.391222	55.282959	166.240392
219.039234	296.771386	57.122407	173.253577
221.427858	296.453242	54.195898	163.316608
224.204914	288.415112	55.491327	172.236859
228.521823	279.626649	53.949618	177.256670
232.886926	278.152930	55.207908	177.706054
245.360108	280.804505	55.911874	179.311953
261.237791	261.756143	55.213534	183.500310
274.159958	252.509799	57.740676	183.092144
283.666978	246.701033	57.254028	175.979869
288.714070	240.855105	54.552917	174.753715
303.297092	240.455858	55.309853	173.817270
313.947266	247.768344	56.028315	171.564122
320.864054	247.821194	56.759984	172.845793
326.915166	265.361140	54.770415	173.730779
325.969432	266.851881	56.865411	170.081734
320.371198	280.722570	55.668409	166.127236
314.696901	279.212019	58.092140	180.546363
317.001527	277.807337	53.751240	174.089271
314.336318	280.019336	55.429460	171.128440
314.067954	283.274440	55.758905	173.015366
319.324277	275.327956	55.624255	176.440504
337.678459	264.430816	51.203707	183.592105
346.592812	269.625533	51.414996	164.573169
359.181975	272.223239	55.833243	175.463511
374.216005	267.851802	54.580991	173.865051
382.024196	269.306190	57.314903	170.675691
389.089476	270.502762	56.717351	172.351554
399.824278	274.151464	56.388184	175.956185
416.895073	268.052461	57.021898	177.529351
436.252089	262.053585	43.772957	180.385136
449.124106	258.753494	30.893866	181.072228
455.599234	258.385604	24.400766	171.540206
446.003278	255.781932	34.013486	180.283411
439.246984	251.673631	41.025747	161.217614
441.842225	263.066192	38.157775	179.726890
445.257654	274.745626	34.742346	164.453258
444.497573	279.365133	35.533356	175.563205
449.000000	288.000000	31.000000	171.000000
444.858164	287.260953	31.638380	171.932543
441.569880	291.583596	31.162773	175.085064
443.387112	295.437510	30.439540	174.452208
431.667146	302.654142	31.411063	165.621929
420.854829	306.794740	29.908678	163.053117
408.467007	315.211232	29.758652	171.996470
393.604777	311.630062	30.212943	162.853906
381.843021	317.803745	30.738627	161.110637
365.503921	310.870879	32.063838	160.826291
354.087003	315.391196	32.209023	155.583585
341.951755	316.390780	30.428213	162.069635
332.554751	315.485739	30.772582	159.870255
323.203289	316.859599	30.161026	161.679320
318.168684	322.029151	30.339407	164.573556
309.327973	326.874361	30.974566	168.699884
303.027993	330.725969	31.049594	170.757759
302.557955	332.805606	30.560632	166.056994
305.455224	324.487041	31.529596	170.349145
305.926557	317.191695	31.051000	171.658315
305.316684	314.501604	31.117723	170.160643
302.411881	312.822435	31.743538	168.381611
304.417865	308.958010	31.230936	164.337081
302.335371	304.779304	31.763028	161.742001
296.013814	303.582124	31.440554	167.697171
291.156703	308.496907	30.935760	162.998004
284.919872	305.528791	30.241054	161.654587
277.289269	304.377617	31.321701	165.247070
269.445566	304.852929	30.779985	170.931403
259.146758	308.791892	30.168083	173.450585
250.941717	313.606450	30.918029	166.088866
241.762106	314.146040	31.733697	168.046737
231.954692	311.348006	29.921265	164.157760
221.877922	305.129692	30.960616	166.436672
212.211794	310.899646	30.622330	162.942464
198.346166	305.867140	31.367267	168.095758
191.300838	301.604172	31.106568	166.368881
187.970235	302.933783	30.449364	162.698363
179.589707	301.374489	31.317775	161.527283
172.445581	298.261912	31.234614	167.445262
169.640351	295.687384	29.071003	170.256336
162.158804	311.200969	28.765129	145.819319
150.983646	303.730068	29.825682	148.128776
140.430354	301.755467	30.427741	148.600425
134.654502	293.197439	29.280614	160.937783
131.822846	287.648372	27.859883	168.840347
128.156252	309.400339	30.869897	138.803390
121.583953	308.115005	30.283912	150.001266
103.531458	288.113201	30.685325	167.464064
96.380752	284.655592	30.410115	173.727510
96.487652	287.602397	31.124627	170.744537
100.893689	294.809019	31.010337	171.560304
106.585279	302.096698	31.270522	173.947598
111.978271	306.460193	31.103664	167.751754
121.188682	309.936323	31.633741	171.661329
131.462608	305.750076	31.573763	173.304703
139.637736	304.100971	30.538835	171.820609
146.082444	304.328231	30.179431	168.302027
153.883019	307.423916	31.048468	165.946790
163.814371	322.711187	28.824073	157.382989
168.226990	316.790624	30.121842	155.545233
163.337874	301.894259	30.825866	171.951630
157.129453	295.390367	31.805549	170.984483
156.229330	291.980384	31.094117	166.232892
157.376689	291.314237	30.654887	165.448229
160.216286	292.530121	30.104849	172.797305
162.322593	294.519777	30.974975	167.885277
164.305307	291.502658	31.129861	172.060638
165.478225	286.298900	30.928680	176.340956
166.854515	290.443220	30.689754	168.114594
168.325186	293.999556	30.716069	168.320376
171.711284	290.959880	29.332936	171.603643
177.160989	295.206543	31.518549	166.792470
184.918981	296.692788	30.726717	170.313125
194.190141	299.973050	30.564878	168.620656
199.383572	300.253411	31.193088	164.372203
199.246963	302.379786	30.613816	166.745200
199.306706	298.947259	31.282378	168.442293
197.263292	300.797258	31.729390	162.383514
198.106420	300.780091	31.607070	166.051885
197.139118	302.193954	31.416158	169.624520
198.473536	300.933279	31.133897	171.454856
200.794706	296.298223	31.317758	166.430608
203.782589	301.352869	31.560854	168.180352
206.317026	303.198967	31.023029	173.908924
207.519788	307.675869	30.857992	165.487644
209.983787	301.990193	30.214817	171.222058
208.952062	309.789025	32.426853	170.102246
210.106330	316.982490	30.896928	164.502614
208.374038	319.375114	33.144818	160.389624
213.163721	316.496684	31.207882	164.990237
211.253554	326.712866	30.900468	163.054389
208.026447	321.884247	30.659447	166.773963
207.074072	312.217408	30.827752	164.051764
210.345551	306.944594	30.359535	164.330581
215.254614	304.088062	29.926694	163.945104
220.329996	304.431024	30.780370	167.276555
225.316250	299.328545	31.088715	173.215080
229.237078	302.615684	31.245890	168.007442
234.798142	298.489191	31.064176	170.655375
241.295913	301.281077	31.978239	172.961793
247.144376	307.009202	31.683380	167.500763
255.476634	303.287202	31.770755	171.100292
265.697900	296.581067	30.749289	172.403956
266.379836	307.853613	30.715355	165.246076
266.374719	303.476537	30.769404	168.868908
266.266887	293.774327	31.192225	170.137025
263.118501	302.724912	31.114252	165.023785
261.302831	294.334641	30.589137	170.691502
260.688532	289.664246	30.664964	169.581447
258.223261	292.915720	29.608246	161.925400
256.187564	296.870561	29.555156	158.531212
250.644618	294.955985	30.967142	162.923775
244.495981	297.345611	31.234564	169.173096
239.803446	290.893980	31.165038	172.529655
238.341581	290.653944	31.381655	172.203131
237.188330	292.065666	30.727303	163.967947
236.886053	286.309196	31.546397	167.543938
243.411716	279.071250	31.508200	166.366124
248.583702	285.619580	30.369552	166.847490
258.143897	293.979829	30.832112	163.411686
270.095247	292.061756	31.034604	165.230944
280.582671	299.655333	30.715370	157.045777
291.481885	291.930005	30.492829	162.349787
298.457808	288.051266	29.923474	162.686451
307.173576	281.352146	30.504782	166.182463
313.507790	277.842117	30.648174	167.644729
318.536059	276.418394	31.275004	169.707202
323.253060	276.844307	31.420074	172.686891
325.557470	282.767292	30.869737	165.523574
328.390375	275.663513	31.232677	167.107772
328.056271	267.582863	31.110847	161.133833
324.957346	268.399585	30.312554	169.264689
326.724949	271.697985	31.291726	172.789454
322.547980	277.507763	32.758283	163.812371
323.700727	270.456456	30.525748	169.621944
319.811993	264.124128	30.510495	170.059587
313.221301	256.371514	30.929644	167.092510
308.964225	253.605058	31.104226	168.684945
302.422992	253.105906	30.845270	173.727090
296.357043	253.608612	30.288777	169.844138
291.092234	248.916253	30.931958	173.373137
288.483475	250.548871	30.831320	169.368084
285.095721	249.256975	30.109673	172.291750
284.061184	250.956224	30.585178	168.389791
286.056979	260.047290	31.313333	170.181164
284.498752	265.477660	29.715258	173.746478
274.255026	274.948197	30.189835	161.405385
265.965804	268.635236	30.779635	171.069928
262.983596	275.837982	30.725678	172.681597
261.353319	286.102690	30.733529	166.867477
263.064088	292.756498	30.884832	172.375966
267.840883	299.088720	30.271935	165.723713
270.128991	295.936011	30.929316	167.032980
270.048952	297.264568	30.749135	170.161033
270.826810	295.814955	30.463237	167.759713
275.109409	297.254524	31.979681	168.666405
276.403651	296.386598	29.818784	163.659499
270.065685	298.172336	30.486382	159.034196
269.039090	297.207957	30.533225	157.587333
265.599158	285.888769	31.351190	162.358846
267.592522	275.744121	31.938672	171.539590
266.975332	263.019816	33.336105	177.880962
268.437006	269.384300	31.503659	168.460200
263.872946	272.720469	32.059355	166.854108
262.684203	272.727753	30.459506	162.878585
263.267516	269.021696	31.847665	169.734340
265.125898	267.669250	31.943985	168.827049
269.694823	264.181959	31.644233	167.366204
275.569345	262.188682	30.655622	172.680985
277.995212	269.409515	30.985412	171.698723
279.682882	268.424104	30.402544	170.364293
283.217753	256.515461	31.895934	168.761993
290.094790	248.782898	31.431166	168.697811
294.831152	248.673208	30.132412	171.119579
296.605248	251.850960	30.623192	170.464507
297.477758	251.898103	30.587666	162.593579
291.724573	245.776413	30.907204	162.316234
288.668165	243.476216	30.904590	160.526448
285.822567	240.026867	32.134010	167.520348
287.247667	245.399708	31.821973	164.944692
290.519688	258.194194	30.340804	162.323024
292.946591	256.239960	31.103891	167.456773
300.352257	253.926541	31.770549	167.464073
296.793776	251.385681	30.509875	166.893612
283.201295	250.891515	32.530124	163.659578
269.055803	269.466437	28.762527	163.379869
255.122860	270.391778	30.149623	171.596596
251.505667	263.118007	30.090088	170.673875
241.529020	265.371145	31.663732	173.615905
228.773486	269.158514	30.456442	168.106810
215.740340	258.535662	30.731612	173.549285
212.005131	274.565402	29.051043	176.014539
199.901887	280.514333	30.977225	163.513321
184.070384	280.858716	32.852010	161.660344
169.861757	272.254749	34.370673	165.053475
165.607769	286.237474	30.049828	159.565700
153.200555	279.300626	31.390710	163.844935
147.472361	268.981818	28.761050	148.355933
157.487319	270.292977	30.335156	156.389973
159.632866	267.006077	28.988916	172.366439
154.336394	260.257253	29.982774	167.149593
155.785375	263.778560	30.974979	163.712371
160.089764	258.488430	30.235581	166.764600
161.347820	249.503442	31.317635	168.350787
163.007982	254.070828	31.135236	165.976790
166.183790	243.666290	32.122589	161.334027
168.369834	242.956330	29.813743	165.962402
169.766888	242.216328	31.470108	171.441200
177.512563	234.041868	30.817195	174.988303
179.054804	237.696589	31.130579	171.919912
179.242581	237.695905	31.243745	174.435279
182.369331	245.202636	30.240662	170.914491
182.673331	247.329769	31.321657	172.018080
183.618379	248.152899	31.105769	169.263668
184.118466	250.066641	30.907050	171.783599
181.573103	257.666318	31.067336	170.278625
180.044692	254.712691	31.064651	172.652422
177.861596	259.800466	31.011789	169.009996
174.832696	262.115840	31.456609	169.886869
175.026401	265.319358	31.226766	172.568705
174.063737	278.225946	30.419561	171.260501
173.578860	283.001052	30.658029	171.387457
173.496774	288.179345	30.580791	174.670023
173.997745	298.274432	30.827286	171.310324
176.159160	295.394888	32.089735	170.273211
178.004676	300.161000	30.504864	167.521138
175.680973	293.576625	30.795891	173.385915
176.084595	294.137814	30.475390	169.249600
177.387061	289.613076	31.250707	172.082370
178.659373	279.976263	31.067493	174.725661
181.255682	278.546313	30.638177	169.976878
186.902787	279.758001	31.375163	170.710783
192.642260	274.496766	31.331857	172.268642
196.017088	277.299633	31.716875	164.941753
197.887158	270.953954	30.704930	169.919982
199.606296	273.448957	33.067418	167.396129
203.340002	268.476675	30.786592	167.438733
205.481306	265.299950	31.466281	168.093467
203.062393	265.642290	32.385789	161.289948
210.345502	255.424729	31.249504	170.603580
