99.000000	237.000000	27.000000	82.000000
100.932553	237.181633	26.779518	82.856929
102.363357	237.079943	27.212540	82.606636
105.433932	239.247123	26.953284	83.137940
107.313021	241.298780	27.002582	80.629285
110.627641	242.183853	27.463340	80.649363
112.610054	244.905980	27.564708	81.215246
113.986201	241.159341	27.940039	84.343159
114.606609	240.813706	28.280812	80.884720
117.400999	236.054057	26.876503	83.143249
118.365328	239.136686	26.862761	78.179245
118.660143	237.491102	26.359117	79.316955
119.817786	234.248797	27.073702	82.330754
119.928065	232.262498	27.032122	82.147603
118.423477	230.807164	27.269599	81.457385
118.873602	227.386534	27.097804	81.275456
120.229290	228.340215	27.366758	81.465830
122.799320	226.182767	27.421025	81.735257
122.972165	227.284577	27.381901	78.176374
125.762699	228.666746	27.219967	80.918721
127.960835	225.430521	26.921203	82.089428
129.772896	222.273455	27.032073	83.129472
131.919205	224.191718	27.328377	82.562778
133.803605	221.804744	26.100724	82.865636
134.536842	222.643833	26.694981	82.862631
135.893835	221.441341	27.360886	81.372787
137.340369	222.653012	27.539354	82.163093
138.056876	221.368909	26.876711	82.107227
138.310700	224.319395	27.304889	82.487324
139.330451	224.030936	26.453540	81.399521
140.590381	222.001554	26.955388	81.772181
144.150937	221.286368	27.211767	81.849656
147.684505	223.730126	25.842836	79.729004
148.223028	222.850369	26.582409	80.176651
149.469895	219.943822	27.391070	82.347604
147.727518	220.789364	26.923097	80.403701
142.945447	223.710973	27.809299	80.461398
139.511519	222.041699	27.371404	81.480132
139.768403	222.650202	27.076015	80.417622
138.624072	222.579225	27.475827	81.089592
137.336392	222.101184	26.749325	80.513345
134.608378	221.060792	26.043196	82.349455
132.981462	221.932817	26.839868	82.707479
130.585468	219.390915	26.910639	83.332362
127.652997	219.304184	27.283203	84.485264
126.309849	227.263465	27.153060	82.173371
129.578543	226.630855	27.597237	81.469303
133.810274	229.579416	26.828120	78.978772
129.824948	228.490182	26.655200	81.269946
128.670199	230.146510	27.428303	81.548926
126.542804	230.321648	26.111406	77.227112
124.270298	231.498410	28.725829	80.859346
129.516452	232.737818	26.028594	78.626942
130.351787	235.452553	26.961071	73.657569
130.923032	229.152214	27.457990	81.327458
131.744988	227.455199	27.287824	81.467368
131.918660	227.110082	26.983619	81.471139
132.913040	224.815971	27.005611	81.884633
133.216191	225.515960	26.559722	81.744350
133.527444	229.847795	27.018628	82.350485
135.054512	231.022311	26.999240	83.037472
136.224218	227.902938	27.260597	82.698515
140.392405	225.552900	27.216536	81.810786
142.057909	225.332815	26.701930	80.654096
142.500278	223.985907	26.808198	80.876285
147.633948	224.198930	27.104696	80.016212
150.485655	218.666274	26.230768	81.893938
149.892792	220.224302	27.188791	83.078360
152.579410	219.878455	27.607133	81.179661
153.286893	224.399393	27.358557	81.089785
151.965186	225.484238	26.921963	81.272328
151.145072	225.724982	27.996400	81.701724
152.689811	228.655675	26.698463	80.076512
155.509489	231.898734	27.093496	80.906262
159.091144	233.752392	26.374777	78.138566
161.908982	231.180527	26.868105	78.242192
164.551224	229.358902	25.470771	78.595099
163.039942	221.750079	26.572305	82.908867
162.656502	222.065857	26.601220	81.418366
163.622561	226.519970	25.452371	75.452176
161.584712	222.613005	26.913857	82.224217
164.157515	221.736956	26.091446	83.150340
165.860174	223.612012	27.012816	80.789118
167.098928	224.581615	26.927163	81.189245
168.720864	227.438719	26.669863	79.715812
169.281722	229.888920	27.935404	77.972343
170.078649	231.365863	26.736952	80.357989
168.625556	231.700070	27.054469	84.713332
171.660358	231.005950	24.965950	74.863017
172.104304	224.210153	26.767795	78.480228
175.895894	221.885745	27.189330	82.133747
176.697224	220.813500	27.348847	81.732606
178.547176	221.932262	26.713401	83.008584
179.799922	226.193867	26.991654	80.960656
182.010466	225.265462	26.748802	81.051807
182.613393	229.592925	27.311642	80.249701
184.401180	223.624592	26.785154	81.395018
185.739634	220.670254	27.013422	81.350850
188.988572	220.159271	26.941243	80.988838
193.833266	226.084481	27.087759	83.784376
197.609635	224.946329	27.410036	81.865456
199.354787	224.315690	27.606576	80.957540
199.635699	221.484351	26.558803	80.746493
200.196691	220.670857	26.426273	80.958085
199.438855	220.062278	26.989753	82.796868
198.304761	226.971828	26.793097	80.942306
196.802889	229.186588	26.509914	81.717786
194.575421	226.529509	27.310101	79.934607
194.491442	227.199145	27.088316	82.068196
194.176400	228.242327	27.360034	82.056688
193.454466	227.464247	27.459927	81.730840
193.920776	223.969493	27.773917	81.549530
194.386095	226.649855	27.141456	82.488462
194.215803	225.940151	26.247229	83.236838
192.963515	227.621760	27.236096	82.881333
190.622554	230.921878	27.682273	81.959632
189.326949	231.877318	27.031735	81.596517
188.367901	233.023369	26.915069	81.212236
189.219709	235.230469	26.889259	83.203655
189.749958	234.377030	26.645908	83.057269
190.740824	235.260765	26.445711	81.783134
193.944084	237.173633	26.550725	79.990512
197.280865	234.631214	26.670755	80.320063
196.921478	230.958980	26.885379	83.679957
197.671848	232.656731	26.982590	81.258293
199.243815	231.651905	26.574981	80.814398
200.804563	237.007911	27.042050	76.010606
203.246657	236.741972	28.136219	80.866176
202.467989	235.851993	27.320827	80.302037
199.046455	230.679077	26.646716	79.767811
199.042218	232.377858	27.493700	77.721018
201.324542	231.399574	26.936230	79.867300
203.073319	225.334517	26.766944	81.470069
204.781541	223.580454	27.129567	77.484417
207.526909	218.242503	26.843676	83.465386
209.006082	218.182506	26.754548	83.554860
210.127912	223.859292	26.503759	80.923131
209.880643	224.746737	27.048788	81.394630
210.933575	225.156329	26.865687	82.747284
212.344508	226.256415	26.523067	82.346462
213.183221	228.239311	27.600842	81.166438
216.208431	226.345097	27.073319	80.905833
220.687242	222.549774	25.780986	82.933607
221.971217	224.234627	26.846768	81.578334
224.121371	224.527610	26.769573	81.721806
227.519768	227.914721	26.370076	80.022994
231.596624	221.942050	25.491190	79.207920
231.587117	225.504032	27.216449	80.217834
234.307553	227.796592	27.182882	78.459950
237.328332	227.251928	26.309898	78.174402
238.706337	228.804919	25.683015	80.451938
239.329182	233.339205	27.244216	75.569926
243.431484	229.507095	27.270083	77.586131
249.061917	222.870679	26.256629	80.051534
252.152089	224.597750	26.926603	79.730635
252.700981	221.378244	26.800533	80.658618
254.313284	222.533611	26.339758	79.745704
255.702978	229.601998	26.519223	79.715735
258.009653	229.785779	26.901607	79.867518
258.981151	231.711799	27.428214	78.664395
260.858479	227.459787	27.355787	78.678302
262.309538	231.452614	27.861819	78.370732
265.685442	227.790213	26.819151	79.971779
268.055188	225.384900	25.800775	80.697837
270.761726	219.345446	26.004675	81.045686
271.642548	225.238682	27.653963	76.983078
273.181658	221.572528	25.831412	79.980091
273.221216	222.868156	26.618107	76.939178
272.333539	226.425237	26.062302	75.518285
271.742898	228.515693	27.224642	76.568115
271.379407	227.095723	27.624519	77.552392
271.113873	224.425023	26.825455	81.275542
270.683351	225.341322	27.114759	79.249865
272.882342	223.237649	27.284529	81.722849
275.437500	223.160578	27.662274	80.502800
279.740367	224.163330	26.941205	81.272973
281.000032	221.051338	27.466335	83.416854
283.207051	223.171603	27.160404	81.821088
285.137118	226.049668	26.151627	80.546021
285.347568	225.665365	26.975681	79.769208
285.423098	224.022044	26.762793	81.396535
286.488394	226.372807	26.685382	81.949322
286.974518	229.127905	27.206562	79.626974
286.112883	228.901289	27.508500	81.303519
287.190345	228.248121	26.769973	81.817850
288.108301	226.814704	27.442182	81.615959
291.023623	226.051374	26.530920	81.879273
290.920429	226.908070	27.929918	81.183663
292.374476	224.885906	26.761980	80.559712
291.897839	227.091460	27.051467	82.245731
290.541028	228.268402	27.000857	83.165337
289.131850	225.306805	26.586568	82.955884
286.204066	226.861685	26.473749	82.521198
284.688362	227.729820	27.173510	81.066999
284.558885	226.586727	26.488351	81.469722
285.312894	224.792057	26.486033	82.076578
285.799130	224.114516	26.801548	82.633753
287.817790	224.433127	27.264138	81.495665
289.035113	226.525104	26.793397	81.254809
286.764050	227.631683	27.265463	80.034062
285.192315	227.280377	27.285468	80.666988
285.472466	229.333814	27.143109	80.912318
286.575402	225.082349	27.011472	81.501102
288.156178	222.173155	27.371038	82.527943
290.448511	222.710636	27.296746	82.705096
292.713488	229.391559	28.098863	78.685706
295.131169	226.133444	25.610588	77.787562
296.834118	225.822736	26.746689	82.337396
296.654324	223.891527	27.212585	82.215407
296.563258	217.988545	27.134876	82.585049
296.348143	219.609984	26.945856	82.249112
294.607399	226.026657	27.057418	79.713572
293.113247	224.463786	28.313157	83.229997
292.597657	227.908076	28.174792	77.460754
295.381778	225.991423	28.359321	79.445229
298.398743	224.114182	27.228853	79.675636
301.809782	223.652449	26.744108	79.102374
301.282486	219.050541	26.943513	79.616331
300.571816	226.417494	26.391665	77.794358
301.094114	223.862898	26.683082	82.968720
302.220105	224.327669	27.114983	81.224255
301.878969	216.793639	26.457085	84.336191
300.015013	216.066800	26.526434	81.640978
300.385849	224.436575	27.075894	80.731008
300.877828	223.706861	26.848329	79.858511
300.894917	220.551943	27.433811	80.731565
302.326859	219.028211	27.580558	81.357007
305.131609	215.557278	27.041480	82.516522
306.377630	216.947749	27.226054	81.390168
307.349258	215.103435	26.878496	81.396169
306.566072	219.390533	26.289071	81.134643
304.666195	222.149796	26.273119	79.691927
301.167885	224.790067	26.718120	81.775887
297.524721	227.157354	26.920957	79.184695
298.230881	225.164191	26.639539	82.231270
298.127105	224.223153	26.772539	81.085458
299.548516	221.023967	26.764487	81.804790
297.807162	218.081129	26.583834	80.032759
297.187235	216.499924	27.146686	78.979199
297.456716	214.600785	27.339471	79.913492
298.092941	213.233248	27.124977	82.939720
298.657278	215.644962	27.122377	82.096123
298.966972	219.313961	26.991853	81.868006
296.682889	224.700640	27.391884	79.252324
298.881548	221.168069	27.125784	82.376868
300.315772	219.022810	27.590745	83.323754
303.909224	219.552608	27.083794	83.113397
307.505021	221.034221	26.106888	80.194966
307.447912	220.476648	27.033643	78.815198
306.793597	219.510023	26.811820	80.491118
308.140765	218.059312	26.501085	81.746458
310.108670	220.238416	26.512198	79.150486
309.439191	219.975040	26.820020	80.078192
310.415958	220.270496	26.020998	80.126915
311.266469	220.388810	26.423682	79.870853
311.814728	215.985627	27.504908	83.511534
311.597242	218.612835	26.649196	81.370015
310.938766	221.015120	26.825968	81.556626
312.164877	219.936572	27.131198	81.160083
314.495152	217.348101	26.850491	79.436290
317.388607	216.275132	26.544550	81.462476
317.257529	215.725445	26.445404	81.793186
314.592139	218.261590	26.848769	78.120359
314.888241	221.210766	27.235054	81.158046
316.281355	216.887753	26.710912	81.830209
317.289920	215.449220	27.059872	81.712068
319.846812	215.780079	26.676166	82.399312
322.904258	216.667926	25.897274	76.428889
327.951035	217.226649	26.914877	77.990763
328.090975	217.177893	26.987449	79.770509
328.168047	217.081998	27.957846	76.404819
330.825957	214.988454	26.448122	81.066089
329.075632	218.492019	26.989668	80.472491
326.166283	219.930835	26.999448	80.645053
325.077535	221.788983	26.170558	78.811874
325.544595	220.763028	26.475053	77.723814
324.622313	217.056947	26.678160	80.782568
322.982234	213.859166	25.817444	79.831980
322.771443	212.856128	26.530294	81.295683
324.836036	211.137094	26.688518	79.265013
324.192501	211.466305	27.409519	81.205355
324.249848	216.735137	26.332889	78.806813
324.660407	220.149191	25.821722	79.349004
323.256612	219.152667	24.961109	78.230156
322.637847	224.723771	24.149110	74.407836
320.152602	224.735917	26.562389	73.606980
319.718769	220.046139	27.439781	74.599275
321.207753	219.941863	26.603751	75.425499
321.827816	215.572195	26.820831	78.620592
325.418150	218.715551	25.351202	77.412335
325.674101	218.996916	26.752249	77.863468
323.323247	216.329726	26.155091	81.166208
321.750740	222.748978	26.752855	75.296422
323.521086	222.967697	27.748863	75.367972
325.401996	221.018793	25.877315	78.546061
326.139369	216.231668	26.641086	80.898602
327.170127	216.240913	26.618986	83.762638
327.395751	215.631743	27.137579	81.747112
327.000687	212.910006	27.344583	81.967561
328.667720	208.914964	26.865763	81.316607
328.420615	209.306393	27.295430	82.932859
327.843608	212.876197	27.702024	81.029972
328.901667	216.679362	26.577153	78.376793
330.662285	216.221028	26.656384	79.020151
330.522187	215.992363	26.861391	82.069416
331.236692	216.257392	26.555137	81.710678
332.921488	214.156630	26.027033	82.394705
334.493530	212.652684	26.141022	80.887266
336.020110	210.163622	27.093915	80.459260
337.100263	211.316795	26.978118	81.913983
340.455393	207.334271	26.315166	83.881699
343.991224	209.231226	26.621562	77.811317
344.703410	205.170804	25.737494	83.178338
344.049496	204.291358	26.434073	83.300484
344.175826	199.126671	27.611416	81.291630
345.448343	196.931702	26.800283	81.585648
344.086014	198.459579	27.261970	81.802348
343.280210	199.861822	26.449642	80.311740
342.724520	197.473448	27.313666	81.275571
343.143783	194.797027	26.613339	82.824826
343.481256	193.890838	25.957482	81.311871
342.213816	193.596940	26.487453	80.284298
340.241908	202.496873	26.843194	81.602081
337.765587	201.309852	27.042333	81.889944
336.580765	203.709678	26.469110	79.414988
336.894210	203.788958	26.665378	81.786724
337.037022	201.217102	26.170704	78.810825
336.183183	205.445852	25.808382	80.084700
336.078014	203.036712	25.679688	78.186158
337.919748	176.343626	26.546322	80.734836
339.883523	159.662211	26.698878	77.786065
343.873863	154.418315	26.764399	79.474164
342.257090	153.982716	26.785287	79.978978
339.215332	157.284693	27.396899	75.437363
336.869827	158.151867	27.133777	76.069563
333.404309	157.255515	27.314581	82.800487
331.089421	158.829491	28.328607	77.522338
326.203572	157.436535	26.651260	76.676290
325.373898	156.195071	26.799529	76.934002
327.834691	160.353156	26.712257	74.360635
327.485389	158.989636	27.592777	78.006785
323.398470	158.701435	26.722177	75.790673
321.420769	159.379159	26.974207	77.085846
322.527029	159.535615	27.133860	80.188331
323.585054	160.311756	26.788552	82.004685
323.530635	158.526911	27.439076	82.158948
323.315366	161.234509	26.570692	81.795528
321.616543	160.595768	26.896635	81.850301
320.165288	160.765997	27.030216	81.801883
324.366119	166.335059	26.879768	81.190185
325.649510	165.305797	26.751341	80.222207
323.968130	165.095307	27.168750	82.628487
321.805917	165.404349	27.366891	83.660727
320.500404	164.942893	27.227040	82.551409
318.222296	164.067395	26.966120	83.115770
317.699414	163.905365	27.568822	81.564608
317.845735	163.208614	27.253056	82.245252
317.693101	164.908519	26.814504	82.226646
316.507112	163.516737	26.782578	81.198549
316.306832	162.334145	26.991500	82.180874
315.925462	163.479137	27.490818	81.015463
316.602909	163.889617	26.527435	81.164580
316.769938	164.738254	26.913819	82.533862
312.940323	164.018908	27.722743	81.490755
312.595984	164.269763	26.775163	80.982476
312.970093	162.134456	26.625830	81.847151
311.319340	163.243080	27.240313	81.742677
308.436821	162.347015	26.908614	82.238445
307.182442	164.481023	26.608006	81.695012
304.128641	164.384054	27.304905	81.944603
304.947591	164.710504	26.981219	83.470686
305.359444	166.517070	27.026587	81.860343
305.648910	168.932970	27.338923	81.106401
303.128062	167.406909	27.244296	83.073588
300.903931	168.312723	26.680315	80.684290
297.803940	166.166833	26.847079	81.229700
296.187713	166.453580	27.579514	82.381251
296.337734	166.795967	27.142662	80.662667
294.992079	163.453807	26.364907	81.000028
292.107915	164.224766	26.995534	81.909415
292.112030	166.445745	27.154928	82.421981
289.977572	166.202124	27.131085	81.363326
286.394346	165.294530	26.932241	82.326185
284.504899	165.672060	26.682872	81.950158
283.274057	170.939981	26.687448	80.503052
281.642014	169.093519	26.566750	83.719199
280.774810	167.499837	26.438059	84.380265
280.985688	167.820728	26.563040	81.880084
280.350159	168.344335	26.930993	80.300284
279.573438	166.910088	27.136675	81.468607
279.026817	169.204028	27.033569	79.599901
278.016666	168.346785	27.767176	81.524892
276.756865	163.643906	26.659622	82.706143
275.822732	164.580494	26.517473	81.637683
274.837745	167.189614	27.129314	80.622772
276.420385	166.693818	27.062847	81.541476
277.598247	166.758355	26.718886	80.678871
276.816901	165.080673	26.543178	80.992236
276.319379	165.281384	26.845765	83.487273
277.589265	168.885534	26.668592	81.254761
276.772743	167.824977	27.185273	80.802405
277.038899	167.775995	27.070376	81.920700
276.185509	168.157861	27.319206	79.250762
274.825667	168.173979	26.349988	80.376017
273.557420	165.603464	26.639922	81.117677
272.406668	166.725144	26.744089	82.486925
271.044715	167.210193	26.768947	81.847536
271.596112	166.326216	27.222607	83.133855
272.581567	167.466101	26.787581	83.268707
270.642792	168.898382	27.559413	81.833548
269.048277	170.715083	26.780821	80.019862
268.132762	170.196352	27.625114	80.781732
268.952688	170.596547	26.771872	82.837645
268.140114	171.751818	26.496012	80.841820
265.535757	169.157692	26.739429	83.233217
263.115225	171.721502	27.039928	81.100693
260.725226	173.884798	26.992781	80.677455
258.474541	172.666679	26.588644	81.405067
255.515843	169.469616	27.960792	81.258480
254.474098	168.858776	27.576679	80.660335
251.936376	167.280209	27.153670	82.610908
247.258540	165.298343	27.224906	83.216088
240.786039	164.608078	26.809610	80.920525
236.979798	160.116115	26.842491	83.393271
234.391991	161.522982	26.931479	82.006379
232.975548	161.832216	26.834353	80.978602
228.798516	162.119778	26.831282	80.829502
226.726280	161.395284	27.460266	77.969716
226.513409	162.499813	26.604716	81.908735
226.306411	166.285299	26.901043	80.385811
225.899642	164.004831	26.741263	83.195536
223.940039	165.062889	27.324100	82.352044
221.794462	165.630416	27.685535	81.656631
222.115752	166.825622	26.883647	80.286300
222.810445	166.639383	26.724537	81.420305
222.326973	167.181621	27.228301	82.818316
222.126097	170.691007	26.888139	82.481384
218.927959	171.013693	27.052783	81.569033
216.820868	169.364675	27.228674	82.820652
216.881300	171.339421	27.077074	81.339032
216.545908	173.872325	26.650399	81.980186
213.428516	175.061619	27.290616	80.414076
211.365076	174.861941	27.099000	80.536327
212.052428	176.393450	26.493826	83.489047
212.301961	177.436420	27.402202	81.200031
211.340841	176.784182	26.754817	80.750644
208.773177	173.639253	27.560756	81.947004
207.725412	177.197468	27.040690	81.170335
205.679284	174.933228	26.729689	83.100906
204.427418	174.943462	28.022380	83.073425
204.504423	177.975181	27.472435	81.598016
205.435446	177.414054	26.444609	82.704087
203.637819	180.990968	27.241401	80.369110
203.852453	180.627528	27.126185	83.553822
202.635887	182.935417	26.186032	82.433190
200.003160	183.064252	26.952114	81.475335
198.023557	183.251127	26.430917	81.893928
196.605609	184.609909	27.101719	82.445303
194.587067	185.079625	26.718099	83.287590
192.079470	186.229703	26.733465	83.083684
190.685724	184.295450	26.794792	82.302162
187.844454	185.343370	26.444566	80.820658
185.090481	183.434750	26.644749	80.913621
181.241267	183.824188	28.151460	80.915306
178.176448	183.068051	26.862264	81.759723
175.765817	184.846731	27.358752	82.874385
172.871833	186.166501	26.897174	80.402502
167.585899	186.286522	26.806673	82.710389
164.715667	185.223338	27.523138	81.067394
162.728351	184.150350	27.412667	80.456073
159.899381	181.236393	26.628096	81.210263
158.002487	181.772463	27.229237	81.814481
155.990439	181.426223	26.761671	81.476826
153.894499	182.033467	27.235923	82.335320
153.156228	183.151922	26.735652	82.393134
153.874939	186.830795	27.286819	83.946398
154.667477	185.951392	26.820403	82.315211
153.922481	186.319917	26.611489	81.778585
153.030293	187.995771	27.491726	83.185771
153.881442	191.163939	26.652118	81.189547
152.610226	188.983015	27.102874	83.426809
152.632720	187.182516	27.206769	81.810167
153.313652	190.604297	26.812391	82.068621
154.516922	190.112631	26.664160	81.320945
156.123452	191.678530	26.592114	82.133552
156.589090	193.730932	26.582862	81.599309
156.444265	192.268637	26.846899	80.988731
154.504985	190.199307	26.947404	82.378847
150.900985	190.795745	27.035909	80.880820
147.203263	188.976749	27.250840	81.994984
143.272921	187.448984	27.220915	83.036086
139.070201	186.088243	26.994267	83.603826
132.349836	185.310762	27.134697	82.714415
126.488349	183.902140	26.619926	82.313710
123.715569	185.376477	27.427780	82.189247
123.394174	185.114296	27.426934	82.715408
118.705036	187.654620	27.264836	82.990665
112.553203	189.535312	27.119032	82.119110
108.986991	189.691142	27.050118	81.298045
105.435188	195.481064	27.607356	81.295398
102.268880	194.316929	27.145664	80.268817
98.552100	195.028179	27.034666	80.914034
94.323193	196.068898	27.241741	81.462463
91.658867	193.934083	26.908231	83.156312
88.051497	197.273149	27.738424	82.105212
84.842728	199.977985	26.976810	80.671147
83.848458	200.927680	26.739103	82.773630
83.605821	202.792335	26.807158	79.671668
82.291042	200.857015	26.977493	80.519890
81.005437	201.516917	27.160924	81.928233
79.095918	201.168862	26.715771	81.111272
76.295442	199.544701	27.637613	81.150277
74.846439	201.373800	27.005261	81.535062
73.104686	203.742637	26.970264	81.191723
70.562743	204.034769	27.536676	80.353173
69.717010	201.753245	26.989643	81.798644
67.978559	204.653517	27.158537	82.416608
68.786097	207.036350	26.555441	81.216877
70.370118	208.166967	27.021209	80.056839
70.916347	207.981842	26.580831	83.075034
71.165850	209.389478	27.777700	80.551207
68.710556	209.586170	27.242341	81.424563
66.843189	207.942333	26.855142	82.455270
67.008458	209.124614	27.487645	81.527574
65.763416	207.929579	26.631919	81.976018
64.353997	207.694235	27.065531	81.623030
62.333145	204.805107	26.929184	81.699165
60.851364	206.134800	27.131992	82.647037
58.988987	201.812703	27.037942	82.327699
57.021721	200.477865	27.023419	81.990350
54.020015	199.126637	27.904529	81.642022
49.995778	196.318326	27.198954	81.415602
47.271558	197.269475	27.158037	81.166547
46.991726	196.149063	27.301626	81.768967
46.165852	196.297753	26.613470	82.848975
42.472385	194.992803	26.921947	82.017260
37.870330	196.663049	27.036196	82.394689
34.396078	202.313904	26.908955	82.947675
29.998085	204.632032	26.043175	82.086461
25.075530	204.714703	26.915901	81.085108
17.544771	204.064229	26.741710	83.170467
11.723996	205.035239	27.041399	82.294811
6.445278	202.613745	27.617267	81.935052
4.563919	200.662921	26.554824	80.990887
4.372306	201.927841	26.701536	78.323554
3.965997	202.217086	26.855762	81.608150
3.646197	202.505192	26.081324	82.346657
2.039306	202.056196	25.778778	80.845105
1.412050	201.750572	24.094987	80.932056
1.312702	203.333239	25.368590	81.774440
1.881041	202.603496	25.151208	82.347827
1.771175	201.567255	26.037389	80.450507
1.856138	204.456412	25.858267	81.715349
1.725354	206.297655	25.053626	80.347708
1.689407	203.434298	25.447663	81.484735
2.042019	203.481942	25.744998	80.687979
4.634798	202.275282	26.815527	82.188544
8.587580	202.238367	26.861426	81.652006
9.432146	203.497056	26.882102	81.225913
8.706309	203.986045	27.006378	82.049752
12.529877	205.891826	27.159522	81.349030
14.069819	205.109909	26.706660	81.803044
13.573044	204.745655	26.716307	82.663650
15.845335	204.465902	26.781043	83.103625
17.568114	205.891297	27.336450	83.309254
17.323176	206.328575	27.263616	83.019832
17.152242	206.418768	27.343717	81.264092
18.600711	208.564114	26.587532	79.745328
21.690189	207.974315	26.850362	81.174653
21.106539	206.593263	27.630261	83.094055
20.879790	207.136012	27.249690	81.858050
22.872672	206.534324	26.793299	82.605196
24.509861	207.324234	27.187760	82.234994
25.512250	209.713934	26.784498	80.717641
24.802656	206.489491	26.504767	83.266041
25.834400	204.793305	26.617283	82.615499
26.822835	203.944677	26.939917	82.803779
27.352490	204.028189	26.404066	82.411833
26.420694	203.780753	27.042769	81.126086
27.796404	204.747128	27.370492	82.162991
31.044089	206.616157	26.891792	82.889676
33.108287	204.544550	26.656220	81.533067
33.815734	203.467752	26.871308	80.877923
36.228639	207.009202	26.554779	80.444857
38.929469	208.225712	26.382416	80.717316
41.085578	205.110285	26.436314	83.185844
43.054746	205.182318	27.026480	81.240671
44.248387	204.794530	27.001289	82.601792
46.849529	206.934711	26.726194	82.485659
47.667760	209.077898	26.983114	80.302550
47.681759	205.701461	27.783630	82.268089
48.619579	205.920399	26.424750	83.010479
47.922913	206.985232	27.001960	80.266532
47.261981	207.139383	26.958152	83.298329
48.186812	207.739408	27.357801	80.972940
49.773668	204.847566	26.740058	80.366071
49.217973	203.580863	27.509627	80.647504
49.641471	206.694000	27.049631	80.248701
51.025370	204.544653	27.007321	83.608222
51.544812	204.804243	27.205385	81.404657
51.815704	203.994132	26.819451	82.047828
49.882489	203.104117	27.781566	81.575715
49.600109	201.971480	27.491546	80.562035
49.659687	202.693149	26.808519	84.171439
50.798238	202.267188	27.492834	81.378539
53.120159	201.542448	27.154159	81.831048
53.393784	202.137200	26.944950	80.973362
54.776789	199.669643	26.852417	84.383798
55.453389	203.388052	27.202564	80.491132
54.264775	201.407908	26.869937	79.285104
53.405649	201.622377	27.238139	80.694184
53.977715	202.796676	27.382314	80.724605
54.349160	203.904247	27.424328	81.017780
55.600102	206.019085	26.530822	81.286782
55.292659	202.120562	26.873806	82.125850
53.216160	205.380398	26.637603	82.013867
51.343003	204.157844	26.477421	83.052396
49.534913	206.574789	27.303213	80.274529
49.416618	207.113875	27.439979	81.857408
49.779425	208.323536	27.255997	81.468971
49.293286	209.220879	26.798755	80.393298
50.286282	210.039070	26.990853	81.331157
49.015270	210.510804	26.434173	81.133046
48.053243	209.223897	27.455668	81.390472
48.614819	209.802243	27.009473	80.588260
48.502287	210.119422	26.751272	81.702202
49.956020	208.629428	27.134791	81.591107
51.293133	205.093941	27.173663	82.054705
51.977380	206.951470	27.126479	81.919814
53.164972	208.122734	27.046713	82.111099
52.423210	208.937777	27.451363	80.682450
53.351155	208.732179	26.544003	82.113297
56.106673	209.639135	27.626713	80.053004
56.389417	209.269461	27.109860	80.575431
56.246240	208.004387	26.416532	81.928080
55.055348	211.272666	27.407704	80.712816
55.079060	211.060723	27.437897	81.227924
55.306118	210.722156	26.527624	82.615328
54.847286	210.612173	26.648556	83.543893
53.734237	209.066905	26.887305	82.003362
53.551913	211.752734	26.096317	80.301491
52.912426	211.924327	27.227243	84.882912
52.337862	212.603369	26.832915	81.892418
52.068863	212.725825	27.063793	81.317974
52.091841	212.605109	27.562765	82.280562
52.162395	215.346861	27.381514	81.298422
52.809268	216.236925	27.122837	81.039511
52.535587	216.386522	26.951997	82.027438
54.080494	216.370515	27.072565	82.140644
54.211114	217.660469	27.617697	82.671337
54.051555	217.246722	26.824813	81.360510
54.831671	217.363024	26.589598	81.945007
55.948147	215.444719	27.511171	83.032605
57.678587	216.424090	27.006392	81.186294
56.547209	216.186315	27.348797	82.319181
57.337997	214.949601	27.628957	82.046098
56.769744	217.609082	26.666922	80.726773
56.309144	214.000320	26.555193	81.573196
56.207709	215.502061	27.066980	83.029213
56.429979	213.950084	26.815419	82.237138
56.604375	213.182872	26.769174	82.305392
57.637787	213.857011	27.086112	82.692052
56.953590	211.308101	27.017062	81.115080
55.975143	209.714744	27.274189	83.103924
55.762471	211.416503	26.971744	81.510970
56.920271	211.284175	26.818686	81.807831
57.266856	208.929189	27.138545	81.595960
