93.000000	113.000000	34.000000	109.000000
95.325158	112.079034	33.330017	107.334857
96.370695	104.315984	34.474821	110.412767
101.553565	105.314609	33.811186	106.213514
105.603459	102.343020	33.580135	108.970170
105.058356	98.884806	33.590415	109.217843
104.023393	99.573652	34.983567	107.026859
105.433102	104.387827	34.295412	108.716427
101.231073	106.088155	34.435322	108.587550
102.924174	111.020187	33.151070	107.181628
108.842256	111.578743	33.875819	107.567736
115.594126	117.121071	34.923466	105.575775
123.077090	111.278129	33.807688	110.525481
126.243613	95.909149	33.557187	106.831683
130.085286	83.132570	34.179737	110.057725
132.859429	79.928636	35.290243	109.159520
131.727352	80.514131	34.071193	107.855648
121.837217	77.282491	32.022272	106.129611
119.351193	76.809874	33.536168	110.296702
115.426832	88.210447	35.002445	109.042361
108.498543	97.790443	34.553426	107.215716
102.777863	100.842189	32.884659	106.179166
90.976445	101.812653	34.507061	104.316122
97.936210	108.057600	34.379630	119.513979
95.494053	102.366231	35.724615	106.616505
95.052091	94.287675	33.437302	105.248614
94.183689	89.720171	33.952375	104.708760
96.209051	88.981778	33.387568	100.039588
95.867785	82.018983	32.268616	105.419024
98.492222	85.968083	32.054848	99.344153
102.693740	90.711171	33.136985	104.366495
105.267932	98.997772	32.720747	105.967129
108.894421	103.380286	33.904154	109.141816
117.171038	109.154056	32.796830	107.180566
117.948212	108.766381	33.557477	107.427026
113.282364	99.768706	36.171638	105.793216
114.983117	92.051219	34.214294	106.117215
111.810450	79.266448	33.369426	100.742840
105.421038	75.933711	33.623566	104.928739
103.488459	71.459465	33.014464	106.071354
101.432363	68.796404	33.357524	107.330278
99.274238	81.132290	34.358912	104.082361
96.292358	94.660296	33.166474	98.781904
88.278151	110.408919	33.362560	103.527845
81.496343	117.078587	33.234114	107.207105
81.074071	118.139539	34.189348	105.325641
83.577780	107.420822	34.470234	106.995538
86.044650	95.921663	34.053850	102.457344
87.387330	84.731982	32.702032	106.597465
89.702506	81.148060	33.727003	105.967553
90.943885	77.423287	33.496341	105.567578
94.249931	77.164033	33.210994	102.333534
98.452789	77.661972	34.399119	102.788900
100.185893	82.828556	33.216750	104.987641
103.735716	95.673195	33.932492	105.029578
109.439987	103.672105	31.915513	103.419256
110.737291	105.774570	32.287079	101.144268
115.543950	108.901657	34.954724	104.104021
119.915643	97.942019	34.259701	108.482900
118.871377	88.933592	33.702324	104.663946
113.498519	78.684703	33.237818	109.100941
103.638348	72.164515	34.136748	109.489832
100.660264	67.273506	33.798403	108.001568
101.271928	71.520329	33.474595	103.688042
96.006960	77.850094	33.953578	107.244689
88.186407	79.908248	34.447531	109.866451
77.635216	92.862416	34.002144	108.679724
75.485112	103.323474	32.268122	107.684800
75.225922	99.132379	33.958607	108.559654
73.363706	97.791262	34.783160	107.902598
71.640416	93.912102	32.764633	107.219924
75.112809	92.518393	34.363681	106.722554
84.696254	87.252757	33.775422	104.733567
89.264686	77.566682	34.197919	109.249514
91.197593	72.733280	34.306405	109.876882
95.991612	72.893544	33.996598	108.105450
102.062756	76.333001	33.537062	107.061452
107.727165	86.210533	33.567511	107.196570
118.457130	100.008582	35.451520	106.623115
128.909978	102.426011	33.681818	104.854463
139.233900	97.821136	34.015236	107.068156
148.977357	90.386766	33.655029	105.886205
158.294112	84.964759	33.440886	110.490783
156.494838	87.938279	33.496252	107.026744
145.332740	82.682466	33.661261	113.126500
136.800765	80.380350	34.881998	109.297823
131.664056	72.893115	34.140865	110.711846
125.604729	76.886056	32.580937	100.853691
116.841807	84.682133	33.751076	103.640196
110.387455	99.043192	33.523965	103.630795
104.818738	116.194936	33.028580	103.508443
106.517428	118.730963	33.111461	101.558256
111.587748	126.654877	32.992765	104.018506
112.908359	124.075806	32.466432	105.749851
112.369836	114.884220	33.522387	105.156713
110.068760	106.901092	35.081963	104.536046
110.842183	97.267652	32.431007	112.180891
109.895268	97.781231	33.091892	110.293269
109.739577	94.694096	33.447494	103.614075
115.628345	86.556555	32.707632	104.743579
117.756793	86.135211	31.703797	108.668189
116.032456	96.131246	32.656050	104.339492
125.888738	106.591209	33.824277	100.851744
130.320294	111.544056	32.841957	101.169234
131.494330	116.065247	34.044253	107.213583
135.579410	106.717967	32.742426	106.043259
141.479765	87.906314	32.937208	101.298591
146.981450	79.711917	31.818614	99.865572
146.151100	74.613604	34.404799	102.131687
141.042186	77.957465	30.473481	94.717653
139.338973	67.728628	32.641552	102.453824
137.100188	67.632865	33.528804	106.890645
129.340187	76.429168	31.840780	104.788932
112.047583	83.065140	34.715345	107.869901
107.418295	87.975871	31.908913	107.340194
102.419320	89.552165	34.372042	101.796981
89.107052	87.350613	32.467862	99.305611
80.881053	76.520427	33.648219	103.208779
83.835177	65.777881	32.613755	106.561801
90.002632	61.041167	33.640252	105.070026
93.857884	57.790124	32.430197	109.038038
102.659653	60.470483	31.518608	106.609277
107.743494	72.981638	32.867000	105.508702
116.143690	99.649597	30.443652	94.486941
119.258109	110.341727	32.326413	95.930118
120.447174	113.327322	30.146902	98.662188
124.516372	106.027415	30.476138	100.303916
130.790014	95.241106	32.243230	105.314487
132.488377	95.892933	31.627823	105.246703
128.059130	89.555554	33.678299	105.423808
120.961756	84.357414	32.540867	106.663683
108.916006	86.209960	33.524223	106.170776
103.535008	93.925075	30.935535	116.167206
85.435181	121.076533	29.730930	97.971925
70.785989	121.956839	33.462443	108.469709
66.679141	119.910821	33.552951	108.437329
63.118389	103.530550	33.670247	105.127529
65.995165	93.941011	30.454945	112.173942
74.929171	89.377680	31.427355	99.736278
83.425366	85.334258	32.781658	105.816246
92.249744	82.116328	33.553399	109.601668
102.792061	88.608721	31.827512	99.197617
107.404620	101.917249	32.414689	102.426378
115.299552	112.403226	33.538570	101.390077
127.749016	135.451655	30.934091	97.167189
121.534645	116.489046	35.251454	113.172961
128.690471	111.837871	31.769534	96.058288
132.325944	97.265000	31.009524	98.475661
127.220022	84.668948	32.842543	107.569205
123.893546	85.312395	32.942712	105.335502
122.118392	90.420738	32.336275	102.876674
115.516805	95.855992	32.930444	99.218956
107.467128	105.015066	31.919249	100.761430
95.159461	106.514686	31.725449	111.236270
94.465561	111.384825	32.956428	115.887885
98.674575	121.441457	27.623860	106.081098
100.320762	105.924740	29.259551	108.672104
105.855270	101.506225	32.064020	103.104426
116.059149	99.424741	32.972774	102.169893
119.694084	89.505359	31.266001	91.162582
124.112830	83.275987	30.281372	104.711855
122.398690	91.020396	32.910031	104.299564
121.651008	102.263543	31.564743	93.010518
119.444929	107.554987	33.199027	103.314872
124.289115	117.467399	32.201200	102.313461
124.833922	109.434942	32.572191	105.904643
124.903429	96.566471	33.949620	103.461699
130.197605	99.318184	34.002168	100.471407
131.025831	87.482690	31.129027	102.466174
124.760813	87.776597	34.292937	108.896218
121.603415	85.107219	34.035463	110.934394
114.465127	80.106678	34.771631	109.695611
110.072534	87.760726	35.038554	109.544753
102.824209	99.801865	33.521853	109.669354
93.190735	115.746471	33.917539	109.665213
87.195095	121.745979	33.840913	108.813631
86.658040	113.649117	32.929238	108.027868
84.093165	100.107173	34.908882	108.729008
85.586539	95.923875	32.874414	108.050673
86.558531	92.304271	34.901392	109.185737
86.595775	89.753995	33.484739	111.123203
87.274322	91.838139	33.746517	107.897428
90.340059	95.939725	33.086813	113.191132
97.086388	106.873167	33.890670	111.009821
99.705466	107.575582	33.789106	110.756964
101.959769	105.477107	33.660492	108.129921
105.695810	92.572547	34.187949	108.087556
108.360874	83.358233	33.533850	103.576269
102.510185	78.847861	34.219220	106.871403
97.458508	83.135626	33.323271	106.279945
94.042893	77.487113	33.989348	111.544169
86.399520	84.100066	33.844642	106.292538
75.851334	92.491058	33.407034	99.642769
54.840455	106.052932	32.488833	110.013770
45.023946	114.852919	33.219435	104.932432
41.713667	110.362675	35.268809	112.587692
42.626240	105.052558	33.466377	105.835300
47.658967	97.680639	33.566870	107.042650
54.693935	96.326483	33.789906	106.989033
63.762786	88.834290	32.467083	109.325881
69.929642	87.380101	34.230756	106.389349
75.215610	94.816252	33.568256	101.681618
83.366980	97.314350	33.486897	106.051386
92.730757	96.784777	33.023904	116.159387
103.405141	100.048487	33.856535	108.850176
113.655981	87.564943	31.395842	101.103241
122.926020	72.053644	33.444587	110.212749
125.926138	72.258167	32.862226	105.304377
125.152202	65.930665	33.453853	106.676781
125.483164	63.335567	34.276001	108.930868
124.286920	64.302689	32.712177	106.339565
117.713769	71.094068	32.419973	103.399796
108.157639	85.348655	31.543400	106.953350
98.725249	85.299621	33.348460	111.650175
97.672483	96.071545	36.060579	105.416786
98.808584	82.578445	33.641438	103.940371
99.455084	74.635576	32.839488	105.290873
103.933364	71.164456	33.216067	103.242471
104.167749	68.605841	32.452627	106.329404
104.656983	74.156029	33.390973	102.905818
107.575093	73.615053	30.529428	103.312293
109.734044	83.407288	32.302934	103.816561
112.526724	86.940623	33.073903	104.190951
118.241148	88.717573	31.756166	108.307015
121.947023	90.357201	32.870350	104.579473
135.132341	81.985272	34.653208	103.184959
143.238046	72.475010	34.154458	102.944392
141.887836	63.587675	33.275436	108.068827
140.409027	58.123009	31.824832	110.312076
134.599353	60.672533	32.736915	99.017061
131.442303	65.125801	32.138814	99.584574
122.079223	77.697785	31.967279	105.932866
107.424664	85.766855	34.628790	100.489322
106.668508	98.735254	28.954400	104.482187
98.008260	88.832731	34.007794	100.502085
95.762276	81.229367	30.356644	93.498449
94.740332	77.537682	31.879318	99.946246
103.482076	77.997562	29.577112	98.361827
109.373969	65.268777	34.463435	106.946400
111.183784	73.364485	34.238639	102.411849
123.810773	84.913561	31.746503	109.349011
131.971195	93.414591	31.946059	103.013805
138.730657	102.865548	33.002584	102.132224
141.112556	105.062352	35.071933	103.699904
146.772742	96.308862	33.029839	104.260098
150.795760	82.096223	33.203000	102.680116
144.247657	77.631552	33.840678	96.004001
142.343603	70.104679	32.468382	98.854332
140.629654	79.793673	31.053463	99.736105
135.754307	89.688299	29.940364	96.841791
125.653431	91.002774	32.345982	102.679110
113.676295	101.927094	30.270162	97.240840
108.291059	92.387711	31.089227	110.956341
102.486347	88.786176	34.628117	101.066042
93.889618	74.996626	33.882025	109.505198
89.361226	71.483666	33.070529	108.316673
91.938114	66.939521	32.899665	110.165202
97.452236	63.627912	34.479893	110.645027
103.944138	70.489275	34.211283	109.220879
109.331877	76.996617	33.907871	111.138161
114.835412	90.277746	34.327310	108.783927
120.708441	91.394267	34.365472	109.317379
128.403012	87.601735	34.594255	106.475435
136.560389	72.840684	34.938946	107.183606
137.879875	61.915579	33.861383	106.614592
134.456201	60.817949	34.543025	105.348101
130.047005	58.435940	33.786779	108.703124
124.803600	65.274093	34.261205	106.591765
117.145690	74.279801	34.490093	109.778323
109.659047	84.508900	33.952030	107.321784
98.988806	86.182481	34.560050	108.121221
96.905929	84.709150	34.878258	110.058729
90.545692	78.165622	34.146926	106.521035
82.561377	72.969082	33.548876	109.457020
80.181924	72.614621	33.525529	111.455012
83.050606	66.235873	33.703246	107.665847
88.267667	65.558068	33.722157	106.554205
92.955325	66.252244	34.618257	108.277829
102.667515	80.047373	34.246051	107.893810
108.795300	86.526053	34.112031	110.237696
112.392749	88.321649	33.721307	107.106541
119.914456	78.519484	34.132633	109.047213
123.870428	71.605777	33.929874	111.762341
131.540923	63.497036	33.482568	107.969910
134.298855	58.141852	33.257870	107.544055
131.278171	55.994520	34.732347	107.183749
127.776553	60.100256	35.059766	110.792509
124.515511	67.437532	34.620539	108.608643
120.299448	77.706181	33.391531	107.736549
109.808406	87.983462	33.407674	107.588389
94.467656	104.023872	34.285863	109.593185
85.898162	103.245041	34.552098	113.843471
80.414819	93.315899	33.502631	109.007456
78.583141	86.318255	33.792798	107.440439
79.389169	85.301110	33.944629	109.579350
82.197189	83.598564	33.892287	108.959107
89.129714	79.363659	33.931436	111.014460
96.645653	85.058524	35.229564	106.050541
106.175464	87.086124	33.794648	107.778406
114.578919	85.734299	33.455482	108.248819
117.121524	84.864497	34.174498	105.666913
119.468305	81.770149	33.761394	108.775821
125.213002	67.929440	33.492627	108.978378
128.085489	52.203170	34.652416	113.362708
123.681191	49.447532	34.650733	109.460248
