110.000000	111.000000	37.000000	116.000000
112.567980	114.482749	36.679129	113.075674
115.339507	112.015555	36.660459	116.591154
115.579734	111.567204	36.894698	115.962507
113.665833	110.464490	37.839955	115.369666
114.565412	109.180943	36.724325	118.856710
114.132216	114.409952	35.982668	114.995824
112.609990	112.807309	36.985127	114.489312
113.252973	110.846906	36.726707	115.010869
113.676308	114.865628	36.864433	115.002678
114.008458	110.603429	36.817261	114.067662
117.857514	114.021540	37.464999	116.958721
119.582713	112.785049	36.699571	116.422221
119.984735	114.020669	36.867522	115.534723
120.926391	113.604132	36.966411	114.566486
122.584998	110.494599	37.034082	115.562717
123.639218	112.295545	36.441651	116.861658
121.434398	118.654787	38.544036	111.723128
120.408095	118.880236	36.746029	110.265214
115.849140	117.007670	35.298223	112.834496
110.453356	117.291443	36.932178	114.031485
107.562766	118.666196	36.488893	115.841594
105.468275	115.294315	37.804424	115.441614
105.020652	110.348948	36.502062	116.023423
102.741934	113.866975	36.110066	112.734087
101.733453	115.913782	36.172733	114.353983
99.389468	115.741749	35.794996	113.021755
99.333722	115.839499	36.302501	109.308476
99.173863	113.989759	35.759641	108.858403
97.061107	110.124416	35.948085	113.872926
94.504833	106.512599	36.435670	110.702773
94.660996	106.898875	36.185006	109.706402
94.616384	102.171163	35.074965	116.507908
91.403669	103.073292	36.807539	112.300119
91.022602	102.558457	36.711302	105.581307
94.371737	99.300230	37.064743	112.573882
94.750773	95.040262	36.704467	112.914114
94.320007	94.024961	36.914023	114.399818
92.571584	88.564988	35.491243	112.952923
89.698688	93.896723	35.462344	111.573418
82.426972	95.628046	35.229583	105.933755
73.048512	94.159254	37.288178	114.148868
70.102020	91.106773	36.447538	109.916077
70.238837	90.385969	35.849767	110.537807
70.789614	90.467795	36.277721	111.486850
70.738378	105.311898	33.685404	109.117066
58.387462	105.406310	34.236110	110.078858
59.099561	97.275428	36.214749	124.329429
65.143681	90.510646	35.671927	110.915480
69.431146	80.308095	36.128533	99.798571
69.926032	67.839465	34.077050	111.842171
69.830484	64.926790	36.428483	109.256945
76.015902	80.762903	36.726576	107.285386
78.277628	101.148095	36.244124	102.109517
88.633497	114.281126	36.445361	114.648106
100.162344	123.730575	35.451721	113.271992
100.510679	122.912347	35.974681	112.530348
107.518658	105.607816	37.490349	116.053837
117.998583	87.298989	36.315599	117.200681
126.112617	79.331506	36.622223	117.264835
127.534479	84.881664	37.141395	115.264239
125.283936	105.561332	36.516688	116.420225
125.265622	117.385025	37.099741	115.272592
116.726742	140.216406	35.953842	99.638484
97.544964	143.935202	35.452063	95.546166
97.195372	120.701879	34.715250	117.186831
89.811715	98.937702	36.201415	111.873995
86.879244	89.581106	37.156418	115.817743
85.669119	93.741639	37.170542	116.828698
81.675695	102.723621	35.764966	116.048313
83.370647	116.611702	37.907773	115.573776
97.020146	134.821855	36.403067	102.755856
103.720134	113.494594	35.675378	118.177240
115.582718	92.263883	37.489364	113.721871
128.163060	88.712423	36.496861	109.560682
135.876011	69.359786	36.629802	117.741929
134.119049	70.414264	36.469882	109.626458
129.233379	77.923582	37.164896	118.820333
126.709237	100.236221	36.792419	114.543103
117.869101	110.960097	37.243311	116.979729
95.637531	112.208837	36.662858	114.611624
91.392534	98.149069	32.934080	121.661199
83.226809	87.893643	35.961213	116.619601
82.803188	86.003749	37.712452	115.419910
86.909849	98.797749	36.974428	112.778723
89.035086	103.905618	35.882472	114.695363
103.931445	115.701782	34.254810	113.750363
115.732823	110.691507	36.706113	116.283539
118.591291	96.522282	36.385631	116.236741
126.402180	91.099477	37.053623	114.077395
134.778696	90.000691	36.157538	113.771739
136.370082	89.086160	37.413543	111.661127
132.783985	97.885245	36.823472	110.469305
135.647557	112.229188	36.338449	115.286038
130.550810	126.837654	36.483420	110.294019
117.489145	112.760815	36.279533	110.211224
115.128457	103.707628	34.968097	109.898333
113.390636	95.805907	37.439477	114.299778
111.747505	96.155651	36.133274	113.645075
108.367979	99.105486	35.700983	107.324818
106.519104	104.017354	37.139464	116.571087
110.200719	105.457969	36.561984	115.316223
114.892049	108.290036	36.591337	115.528894
114.419257	111.668436	36.333867	114.295982
108.603148	107.327094	37.332358	117.838873
108.558312	96.206970	36.741910	112.571785
111.168835	95.230672	35.604506	112.362875
109.292204	97.214802	35.841964	110.912318
108.556071	98.006381	37.976270	111.582129
108.999831	103.971801	37.340516	109.453983
96.173750	107.120551	38.272524	110.436177
83.632187	101.879124	34.749872	106.296139
89.825768	80.271848	38.421448	114.432242
73.236195	63.110934	39.582146	118.258234
64.339746	68.690763	37.155146	108.410851
59.343701	66.718385	35.302165	111.420001
58.865559	75.725216	38.015609	107.351719
69.741173	83.876978	37.381159	104.246819
98.522804	100.693868	38.492062	109.070633
113.125204	103.317248	33.742694	110.954531
125.072387	97.521197	33.401266	103.624777
147.196086	72.251073	39.442310	106.806108
170.751321	75.202423	38.889833	119.280748
176.548430	83.465725	35.529067	124.866732
179.754133	107.689089	36.695316	113.913845
178.104971	117.476065	37.258533	112.995065
172.529126	117.711765	37.073807	111.607334
146.412562	145.183700	39.932781	94.816300
135.454788	117.057634	35.311370	120.452627
124.291977	99.885962	36.880924	117.326636
115.397921	95.786151	35.953999	117.549677
109.618325	99.159621	36.856109	116.296860
106.597905	102.946958	37.434755	116.051251
110.503358	109.025746	36.778726	117.368031
118.642573	112.428882	37.039743	116.140543
121.940620	114.579237	36.548148	115.021040
128.356284	100.978160	37.238488	114.261100
130.011612	84.875889	37.339984	117.112251
141.999278	68.993316	35.099201	119.123739
145.368332	69.411290	37.631595	112.410128
145.017634	72.625766	36.229472	116.087090
143.255224	83.623534	36.615232	115.872702
126.223800	90.598534	37.437568	121.450399
109.872623	96.704674	37.969650	110.922691
106.405873	89.154760	36.556416	119.782300
103.837653	73.631089	37.668076	115.800805
101.126282	64.710846	36.134109	116.734218
106.804188	73.560016	35.115590	105.435915
113.608421	79.411087	36.147930	116.129479
119.246310	82.426905	36.444309	114.948676
127.168919	90.949671	36.590800	115.285496
135.394279	93.967729	35.892057	116.144081
139.218047	96.345758	37.173519	116.071621
147.120222	84.933667	36.892719	116.201562
152.851770	75.400638	36.286722	115.748136
151.048050	72.520992	37.785099	115.642340
145.105934	80.687497	37.131782	114.540798
139.036696	93.213888	35.739906	118.198000
127.932641	103.994416	36.868131	117.527827
108.277692	106.716984	37.392939	116.256260
102.520784	97.246444	36.608052	112.148138
99.279324	86.424820	36.688224	114.650654
96.743330	78.206373	37.915726	117.973760
105.725423	78.251861	37.983769	119.408894
116.296898	84.812925	36.462837	114.167468
134.638659	92.800188	36.502854	116.184044
144.011460	90.776065	36.486369	114.883568
152.925647	100.622458	35.717372	115.705510
161.837955	87.169701	36.824093	118.983844
174.706749	69.887697	36.884156	118.092495
181.006180	65.805535	38.361584	115.236152
174.186988	77.559410	34.206416	102.347604
168.104349	79.320883	36.616789	114.577540
165.285500	88.820755	37.051092	115.518603
146.615451	93.619294	36.903060	106.306045
136.014319	91.894829	36.435235	114.629649
119.491619	83.217209	36.448538	111.896559
105.943850	73.261670	36.743804	113.580413
106.829448	76.372402	36.571261	110.754772
107.345808	77.756580	36.358599	115.307798
112.587553	85.400157	35.992278	114.052736
124.273693	95.671290	37.144474	118.244858
143.472312	104.993411	36.225058	116.167297
157.306539	96.675846	32.788895	114.648718
162.156618	89.785111	35.140086	114.750915
174.908554	83.001875	35.342912	110.928788
175.620742	71.698487	37.916822	115.609378
163.628193	94.326500	34.824036	107.351274
160.399418	86.422091	36.296244	119.850080
150.622307	103.609763	34.503497	113.299311
134.784299	116.331734	31.203878	94.237466
116.646346	103.997983	36.021783	115.624766
100.453918	84.824908	36.567880	114.592891
89.935588	71.263953	37.094299	114.669354
89.501592	62.880088	36.113158	116.656133
90.973137	69.213031	36.529190	117.417859
97.451510	80.010270	36.447776	116.424117
106.690463	86.577392	36.962918	114.346424
118.174992	82.269977	36.778504	113.008528
128.886270	70.191559	36.508545	106.913923
141.788756	52.017811	34.867957	108.613419
148.906126	46.216470	37.797534	114.975025
149.281472	45.804472	37.195368	112.857327
144.731778	53.100085	37.264491	113.494528
138.493514	66.057006	37.465089	111.830949
118.764927	81.466227	40.443698	108.896208
96.783382	94.983194	37.236019	113.425006
91.750632	95.653049	35.899422	107.672396
79.243685	79.895402	36.695030	111.612887
65.158874	78.194936	37.066001	109.838167
65.206793	78.109333	39.319708	119.121106
69.303861	88.609153	36.433522	111.090967
79.627965	95.867175	37.653601	106.446775
86.887743	93.370723	36.486353	109.606668
91.317551	88.208084	36.972947	112.749426
106.315105	80.807376	36.402289	92.809849
126.646185	47.838092	36.562017	112.378706
140.394229	47.993199	35.575218	112.304642
140.972440	49.830735	36.084401	119.271041
140.994437	65.933013	35.044323	111.039443
131.445108	79.437727	34.138032	119.610537
102.512573	75.937142	33.180665	121.256755
90.526602	77.191571	35.991444	117.450027
74.787201	66.800530	37.166612	116.019091
63.123826	57.843441	37.123128	114.540378
54.162731	64.099238	37.992883	115.016884
52.526759	70.012861	37.375472	115.189399
57.818857	75.642126	36.360995	117.750221
73.815444	80.202206	37.318869	117.204074
89.800177	79.948701	37.024682	114.493293
98.185374	76.772005	36.712511	115.000013
117.016315	67.123557	37.314723	116.133737
136.886879	55.278138	36.365799	112.839779
143.155446	54.872435	38.244176	117.031304
139.488039	60.148892	37.938737	111.479848
122.871340	76.880736	37.666571	113.524924
112.604223	90.885518	36.924719	114.694719
90.800913	94.558484	37.773620	109.878861
80.393775	90.015949	37.742778	113.666177
73.298243	81.092293	36.334083	118.108237
68.013274	73.831251	37.486639	118.883536
80.659558	74.263957	34.151036	113.680113
83.809638	73.913898	37.791302	116.131988
90.288535	79.138664	36.561126	116.181608
108.526728	83.477622	36.001680	110.287187
112.391256	71.138091	35.473861	109.850369
113.818591	64.732978	37.013209	116.286874
124.142622	54.905284	35.347329	121.999214
131.917359	51.641683	36.955152	115.736892
132.173014	49.830891	36.020436	116.590702
