198.000000	249.000000	95.000000	325.000000
196.259160	244.505599	93.750835	333.097191
197.786483	244.840632	94.264853	324.391215
194.030572	242.444594	94.245862	321.339301
197.577104	246.298110	93.197246	329.470062
199.402104	259.085918	95.066180	330.482324
200.332139	254.940864	95.012641	312.478483
202.222333	260.704949	93.342046	324.411456
206.724268	265.556002	93.723119	319.062374
204.174216	255.919736	97.765661	331.662305
208.315142	249.253886	96.857218	333.786547
208.030336	258.804334	98.032562	317.698530
218.204232	259.659140	92.739714	319.832381
217.325822	261.371252	94.965023	328.716064
218.073639	260.710411	93.952492	332.827263
222.237246	267.469513	92.505247	321.632709
222.323753	254.369926	96.011908	327.595333
222.771960	255.711527	95.242990	332.808399
225.581760	253.738058	96.791723	325.664775
224.844347	249.387280	95.278119	324.261911
222.434230	240.086013	95.281451	327.773909
214.105980	238.930348	92.919403	328.030781
212.019374	233.697154	97.576946	329.422047
210.433496	231.894942	94.108823	327.622037
207.920783	224.786132	94.262477	322.802480
204.979018	221.374372	93.980611	323.215897
201.939861	217.295006	94.502942	325.250817
201.770449	219.375770	93.608898	310.865128
208.250232	207.505073	97.057979	333.188025
212.799142	219.450621	94.587589	314.265125
213.905748	228.874184	94.665611	316.391944
219.407362	237.325612	92.964708	324.100763
215.045355	227.965949	96.289976	325.801438
212.828400	231.293044	93.674547	325.241496
213.281157	240.795530	96.139735	326.116743
214.048998	248.848464	99.757499	325.902945
219.031721	257.386007	92.821258	323.284131
215.299013	258.328301	96.371227	319.543763
211.752816	243.374631	95.257997	312.368974
211.684409	235.726790	95.188076	325.076644
213.644154	237.173946	92.148419	329.607304
214.476554	231.798224	94.928005	325.538271
211.916816	235.426478	97.356380	316.416365
213.041523	216.150675	93.386337	333.114666
219.463684	210.097641	93.024570	325.848284
226.129236	211.434424	92.825865	330.886994
231.541179	220.317329	95.819661	324.913438
233.696915	211.550804	95.062557	323.644465
237.625657	207.548889	96.959008	323.194617
246.227454	211.043135	93.137516	320.370549
243.908649	216.202164	97.192878	324.591035
251.069306	223.328252	91.196817	321.485746
244.352025	209.759758	98.107533	327.874182
242.026797	211.831697	96.982036	323.619280
248.719259	207.860380	95.904253	326.794455
256.256136	215.896582	92.346556	324.377814
250.715458	198.815903	94.733443	327.327728
249.058224	219.677095	94.742404	313.087635
246.635192	213.799995	96.506008	308.554241
232.479180	206.880987	95.165040	312.355620
217.601764	200.714814	96.133677	320.544353
204.482802	179.451294	94.453001	325.164984
194.670352	161.782727	93.485251	334.270511
185.924435	167.593325	97.105696	309.889014
181.903978	161.164501	97.257977	319.885016
174.926186	161.105941	102.606193	318.607378
179.482624	170.212790	94.316951	331.289002
179.412090	169.523063	95.335244	324.836051
185.213779	172.109007	97.231611	320.797627
188.194481	176.147517	92.987040	324.442031
193.775288	178.570058	93.940570	327.236457
207.730875	178.810699	88.618838	327.050165
211.148189	188.449130	94.334664	322.323528
216.356949	189.211920	94.742589	327.389361
223.659056	203.938219	94.770240	326.922419
221.679648	215.687583	98.051464	329.282096
217.399892	220.833479	96.602570	326.001688
221.166980	218.418336	91.721505	321.624840
219.234449	210.294658	95.568197	326.418431
219.047384	207.055160	92.995145	316.351171
215.998603	192.937239	94.195499	327.213900
217.488128	188.373629	92.199941	324.580449
217.892934	181.070572	95.569695	325.809784
221.598532	177.320611	93.877040	320.183032
223.969709	174.659424	94.801450	325.197553
231.563122	186.042862	93.941733	314.800412
237.082752	192.787255	97.346057	326.476958
247.561229	207.217082	98.542678	317.233233
262.837640	201.193323	96.280116	318.680645
278.109538	222.612379	93.033287	319.612904
292.612381	217.933259	95.246722	303.893383
317.970353	217.286005	93.016605	321.630780
329.862843	215.143761	92.521220	319.751127
345.589195	216.947235	91.933249	314.714812
364.035160	218.326471	92.293724	321.372589
366.352986	216.599106	95.968005	319.638798
367.877412	196.579775	93.757099	328.193396
362.436166	194.687545	95.555087	314.613056
369.429280	178.243928	92.592210	328.958770
369.575844	181.813454	92.459330	327.334471
375.173049	171.761842	92.670817	325.904116
380.744047	182.644203	93.197142	334.724168
385.398468	169.668725	90.615810	325.494977
385.072701	162.944407	92.146342	316.377916
393.945817	166.127895	86.120416	316.695193
406.113360	172.842928	73.942926	325.441197
406.962704	184.624465	73.118941	320.334022
415.969417	183.009113	64.112221	305.189731
417.601595	191.101853	62.456169	318.136759
411.870854	213.345029	68.129146	291.866718
409.645694	216.806572	70.525012	307.637680
400.574969	210.223264	79.118373	327.079888
386.385658	213.072241	92.651958	314.535184
383.048758	214.973551	89.368402	328.500856
377.209786	226.636322	95.079262	322.353685
375.546279	227.187844	93.497637	321.020611
373.491124	215.775588	93.729611	322.211927
373.912648	201.056816	92.948110	326.812378
363.075297	195.629381	96.369629	312.374196
361.513609	196.845619	96.159440	326.914774
357.589600	197.006306	96.215852	325.655581
354.811566	212.869219	97.670463	314.140863
349.176506	222.755964	96.198896	326.197835
340.865593	229.777954	93.361947	326.141066
333.207251	231.812583	95.861326	325.933014
327.928200	235.764733	91.410887	328.109581
327.445912	243.691795	92.946392	322.347706
323.107162	243.714369	94.190767	327.942401
322.004027	258.457450	95.598119	319.438688
318.258552	262.162764	94.186993	325.797216
313.792450	263.789320	97.361762	312.809079
314.705177	258.196621	95.454203	318.805051
316.139630	256.571081	93.719424	330.616677
318.155135	251.566501	94.169085	325.536184
313.641754	242.740634	96.216853	333.297063
311.658431	249.458057	93.925130	316.566617
313.487964	248.562960	94.960808	326.267554
309.351435	238.164468	99.542297	325.857021
306.917688	229.733082	91.286000	327.964703
301.349073	221.962957	93.205949	323.684185
296.033246	218.645606	96.489425	316.267778
293.366571	206.438729	95.323307	326.441271
291.573936	197.733583	95.397388	317.742959
295.181441	203.527645	95.547363	318.179370
297.709174	210.883452	94.489348	331.064574
303.785765	216.510895	91.574811	330.338864
306.780460	222.849664	91.753553	318.630827
307.274890	217.532484	91.473646	320.662018
303.638018	213.273251	92.919508	333.542071
303.601474	228.380352	97.830553	309.321018
312.857238	220.459171	91.985119	311.845426
313.625325	217.421324	89.775882	349.812488
316.800076	226.334155	84.444117	320.977661
316.211660	213.511391	86.059748	341.957205
314.717373	239.311669	89.304068	311.065373
309.798570	227.900184	92.558690	319.328667
303.836524	213.132008	95.432296	317.638247
303.069988	214.362038	96.289012	317.246188
299.121493	203.512166	92.671162	319.663138
292.984233	201.613524	95.170059	325.458546
292.491843	190.036776	94.134213	317.866313
294.405029	189.289189	92.940879	316.407862
293.839299	189.078939	92.105923	333.633564
293.337899	195.386566	93.926136	319.082767
292.957143	187.623487	93.655004	321.732012
292.759306	187.708680	91.235231	314.564070
290.875821	182.083139	91.160658	321.722210
291.567461	193.196593	97.220167	327.399628
290.351827	202.529202	94.162525	328.875008
286.351093	205.092505	94.488592	322.160471
286.608729	216.204267	94.848491	321.346083
286.079313	221.990536	97.836910	317.499030
289.227239	221.959716	93.675257	315.927179
290.245352	227.807416	93.768059	303.124687
290.643489	232.767675	95.278766	309.229399
299.675107	241.579694	95.688946	294.522577
295.957396	226.574061	95.732834	324.544417
300.707643	224.916310	92.273878	325.410887
303.570779	235.607618	93.921184	305.165582
306.574136	232.798652	97.115032	316.149426
310.376134	222.879622	92.610189	321.324596
309.618452	212.486687	95.260257	318.232863
310.131054	202.802456	95.169778	328.759178
312.672152	215.317004	95.232297	322.647317
314.791077	216.434353	95.497657	319.288228
315.953297	215.295280	94.003387	318.734302
318.712363	216.587100	93.043848	315.230277
319.364169	211.905007	92.667263	318.950443
324.544965	211.395875	92.607516	318.192876
324.448625	205.220134	92.837714	321.128705
327.375601	223.683491	89.496800	313.675866
327.903722	229.543689	92.596075	318.967860
327.619258	241.822029	91.053365	280.864838
341.413763	272.123238	80.832794	275.837220
326.969021	228.841822	87.582647	314.724293
315.567475	227.455912	94.211882	294.382665
315.712457	195.095435	94.361633	322.981360
315.963656	217.873130	92.517623	302.043511
305.135124	247.418494	98.031702	295.653750
300.474394	236.734433	97.024226	311.622652
304.699041	230.568678	94.229788	322.280528
304.693912	232.119130	95.121610	316.489730
302.554453	226.587429	93.423103	318.642366
304.563475	220.120189	92.394382	307.522127
305.336981	216.534399	94.028931	320.942179
298.151392	217.895744	85.379864	299.535038
290.743183	202.711138	84.191622	297.984507
292.275362	190.251049	87.220800	318.329819
292.929903	205.499185	92.615640	320.957759
296.007778	202.755434	89.811318	323.045809
296.703667	196.741469	91.786092	324.637915
302.681616	192.636030	94.731291	326.309278
311.066264	196.151819	90.479189	329.007781
313.433038	211.455512	88.131207	314.503381
310.144675	209.105979	92.227048	313.296426
309.532218	208.765300	95.358643	313.079484
317.329161	201.172313	90.004408	323.043059
322.608422	261.427914	84.753724	252.398187
321.436929	240.730030	94.780456	295.140207
320.128404	234.154067	96.677088	314.889400
323.545595	232.617909	96.588632	316.560985
325.067231	228.876393	89.523274	291.904443
326.543270	235.627728	95.537558	303.360502
335.523952	221.105388	86.651607	312.880231
327.519522	224.855096	92.971225	290.130472
320.776861	204.563546	89.888344	310.907230
324.369113	187.297284	93.077525	319.504990
327.446746	187.588535	93.563550	320.989984
332.643643	186.849719	94.411989	316.768107
335.251478	180.121178	93.334313	322.164006
336.883217	163.208351	92.949404	322.531162
343.617594	155.344782	94.166389	332.354587
358.236385	188.607181	89.379968	304.918333
356.687101	173.030384	89.318398	314.824067
344.858301	178.540210	91.055753	310.162825
360.037102	167.104937	95.077396	323.442893
371.933153	172.589578	94.516420	326.942794
378.036368	176.285380	91.959997	322.190750
380.494031	176.694601	92.073680	323.783660
383.376962	172.555098	89.717042	320.923619
386.407342	186.473441	88.438213	319.275087
389.718955	188.374399	86.687665	318.326187
395.217838	189.300059	82.799634	319.787475
393.556010	188.312575	83.096592	325.292742
393.735280	191.417749	83.998624	317.575905
398.957419	185.644288	79.741317	315.712980
392.720745	189.371142	85.403580	320.128541
395.176135	189.154803	84.168457	312.342478
388.118055	181.633977	89.119520	317.669902
384.205940	170.799156	89.839880	322.428543
383.296118	165.556955	92.371121	310.041939
389.353762	168.149289	87.164652	319.584283
393.243901	158.069528	85.496254	326.831021
395.052361	156.572687	83.557273	326.855196
395.778305	160.083340	82.901585	327.233253
399.109905	154.137247	80.138538	325.359961
397.057823	153.824900	83.003891	317.287900
405.881344	153.969417	74.121416	325.587905
413.286269	139.124204	66.722747	329.363760
422.478748	151.228193	57.539623	320.857019
426.483254	165.029781	53.527930	317.099644
416.120689	155.036017	63.918464	329.514909
406.032353	167.315102	74.012608	316.116828
407.101905	201.225152	72.905158	310.918374
421.779684	190.828412	58.240708	316.422874
354.000000	246.000000	83.000000	206.000000
362.284989	245.312015	81.777473	208.270369
365.369672	252.596900	82.033751	199.801860
370.396928	261.394994	83.314752	201.936449
375.322040	265.395962	82.030517	204.536870
374.135496	265.378020	84.146116	204.610016
374.492374	266.704179	84.664807	205.310474
377.800151	263.284798	82.400234	204.815673
373.483318	258.819740	83.849708	204.487013
375.360973	258.032233	84.022957	201.119035
374.338125	259.923329	84.491398	203.645636
374.358492	248.406982	80.877462	208.213979
375.311744	248.439672	82.786048	207.697612
376.042263	255.476109	83.657919	203.780201
376.778262	254.054275	82.493640	201.374933
372.287700	260.863451	81.516283	202.763590
367.037718	254.855508	83.860508	212.848407
365.802393	254.513274	79.629747	201.452011
359.482999	249.101079	83.562490	198.419335
355.167515	250.440119	82.271127	204.691192
348.064342	251.092067	84.432831	201.095026
338.038323	247.069009	83.038907	208.983289
331.105242	248.301492	83.034285	200.901170
325.475538	254.801668	83.244022	207.414581
316.869687	253.040295	82.569283	206.978035
308.516327	257.420213	83.804936	199.314259
300.528252	252.107667	82.997232	204.419852
290.206282	249.669496	83.237661	204.944255
284.028981	251.570983	82.459736	206.853850
274.416671	249.788861	82.773677	204.877346
269.527838	245.821477	82.374490	207.305302
260.433940	243.100676	82.757291	205.108958
251.825939	247.509946	82.985496	204.861625
243.615352	250.379863	82.515367	210.803620
231.128963	254.191926	84.572143	203.420496
224.143776	254.553456	82.698436	205.349376
222.227188	259.708378	82.061053	205.267488
214.249916	267.014150	81.145601	206.689264
204.077175	268.051046	84.307936	212.792597
194.262283	263.175928	80.969224	205.139861
187.377656	255.237353	81.470655	213.294748
179.775539	254.201624	84.262571	207.589680
176.595764	257.735925	84.501258	196.383581
170.514150	241.045784	81.341587	207.363678
164.709880	233.621555	84.761063	208.715056
163.886257	235.968956	81.592200	207.661267
164.871933	239.092562	82.832052	205.731412
165.774964	238.839339	83.251207	207.646125
164.200744	233.946251	84.121126	205.402421
168.772565	241.892435	85.272462	204.245299
178.212947	235.817015	81.156585	197.798019
180.899079	233.310959	80.303236	206.199386
190.856060	235.234852	81.361227	208.708335
199.557237	238.479915	81.526802	205.798803
212.342427	249.214085	81.135343	203.987972
222.058247	250.933742	81.626353	204.621268
231.719611	251.979370	80.432418	210.627921
238.769818	252.663207	82.522947	202.465431
246.237840	258.672185	82.429299	202.743039
261.511892	266.091505	72.096206	198.689670
269.729886	247.515287	67.855114	206.215418
267.883033	264.997910	83.059783	205.881372
271.056700	281.384159	83.795156	205.733730
274.094845	269.371651	80.872808	204.002889
276.765666	255.459110	83.468682	204.901986
275.905169	255.434019	84.523978	206.324379
275.572299	257.884730	83.645829	208.328016
276.072251	259.972845	84.490265	206.631174
280.061346	260.549798	81.943316	207.727231
285.152681	258.456240	83.101625	206.036296
283.916173	271.908043	83.028538	206.556544
283.169598	267.266513	85.108046	204.475939
288.017215	264.699470	81.619945	202.472138
286.151770	261.104431	83.220722	203.709419
287.097648	259.060329	84.769334	207.553664
291.315242	259.118277	84.046372	209.520440
299.749289	259.407806	82.456334	203.856058
295.717026	251.274516	82.705331	209.861892
279.861936	256.164221	84.925457	211.158706
253.543137	247.782873	80.346433	218.313896
257.598472	263.627289	77.179860	207.973633
260.500916	270.449517	77.571958	193.613756
258.438960	270.317998	76.481619	201.525221
261.117253	265.066991	84.550660	205.959598
266.037603	272.761171	83.366431	212.732710
268.844119	272.734890	84.534386	210.523568
275.590003	268.854581	80.325618	194.614707
280.437545	269.395738	82.404610	193.981976
291.821542	266.326512	81.627457	212.207104
299.820771	258.476849	80.384262	198.697018
315.155639	262.666586	74.421750	195.861466
328.428086	257.740286	73.476203	203.993801
331.833065	264.780281	79.297571	192.862185
336.999151	262.675662	79.008073	192.470098
346.974724	263.536695	77.277728	195.897968
345.144865	260.584373	82.976541	204.876156
351.636947	253.040853	83.737334	201.918833
362.657099	246.977953	79.323561	205.309916
366.498377	248.301671	77.279120	220.127153
366.516043	249.365005	77.646466	204.241772
364.475339	244.844773	81.863569	197.525047
362.050747	231.516453	81.375169	209.832306
364.717222	233.743102	76.935066	221.814403
357.147489	227.431712	81.219206	207.255619
355.793404	230.656437	81.538907	207.605676
353.424481	221.354545	82.815410	200.418096
344.100428	223.189492	80.005581	205.589045
338.876044	226.247926	79.333498	203.237991
330.134603	219.767722	85.227049	208.054441
324.734974	225.416565	81.668861	200.116696
313.924839	233.226213	82.767257	205.548033
306.731707	245.658489	81.926749	202.277223
293.956589	254.057742	81.204108	200.096969
280.610766	242.286358	80.055725	211.213216
266.813426	245.688709	80.602224	203.776115
255.402484	249.300060	77.842820	193.060252
241.725440	244.031953	81.685895	206.282461
227.453223	248.991135	81.458294	206.830661
217.302268	253.702633	80.987279	200.664148
204.400440	246.990673	82.989475	206.324671
195.904254	237.128228	83.600279	203.393954
191.877288	237.734379	82.345236	203.794805
185.936165	233.744526	82.580970	208.396782
181.195806	237.827575	83.710547	203.170495
175.031482	236.404669	81.668211	200.486294
169.252816	237.478705	83.291337	203.227976
167.519536	237.690135	84.616412	203.231556
158.454664	232.617531	82.257346	207.550863
153.373963	234.103937	85.638251	200.628137
153.452267	236.559895	82.846496	202.662830
149.641948	236.026564	83.707917	210.966347
150.230797	240.937037	83.340928	205.952683
150.234646	241.342191	83.488261	205.281586
156.998533	247.586367	81.310164	206.700141
160.886139	255.385093	83.096907	204.112562
164.202733	259.334018	82.468501	205.228945
162.658256	264.105026	81.864182	210.866046
161.634709	263.076888	85.043555	207.112610
163.851931	262.629810	83.049448	208.814133
167.951395	262.334544	81.443919	203.137725
166.275537	250.116147	82.722214	209.411650
167.687635	246.958695	82.044228	201.540301
167.144574	235.254870	83.083127	204.790944
167.595906	234.661561	82.449204	200.979818
172.531475	228.201166	82.741444	206.390951
175.207030	221.658672	82.794963	207.540917
177.741261	215.863470	83.798396	205.639039
179.016449	207.827420	83.103364	201.325993
183.427197	208.082266	84.440795	209.712278
184.226386	213.305214	83.365547	202.375338
183.806329	223.323313	82.623213	205.751365
185.992144	230.700330	84.568064	206.359322
186.878465	232.309564	81.851513	209.429790
185.835532	235.492876	84.952916	204.218261
186.257460	235.976978	82.394740	201.510922
184.132147	234.648786	81.710686	206.843181
180.247064	233.414045	84.292698	206.271167
179.655455	232.517960	83.007058	206.223726
181.129318	235.791983	82.518859	201.850520
177.309627	238.917735	82.634008	203.117692
172.695929	237.031982	83.949221	203.953090
171.889709	236.873591	83.102476	208.544484
166.123113	229.876335	83.636001	207.202389
159.339256	222.163777	82.826685	207.275491
155.100554	217.027816	82.318464	205.381723
152.219374	213.702806	81.940448	205.108385
153.141044	212.514788	82.000924	205.717982
151.816580	210.695713	84.939110	205.218115
149.421556	203.807198	81.879124	207.268093
146.951495	195.233527	83.459185	206.227944
148.714974	200.300459	83.411045	205.290144
151.676609	203.759005	84.783776	208.054348
152.133899	210.374434	83.138194	202.971676
153.612622	215.403992	83.083209	205.632029
153.139434	225.022012	83.127669	203.219716
151.926981	225.179233	82.700783	206.099747
153.578454	228.969821	82.699215	209.449934
156.575184	233.037235	81.564711	208.024109
156.561071	238.210662	82.491712	204.028593
156.871230	239.369435	83.495876	207.864559
156.423996	245.327830	82.644194	204.534523
154.300725	243.551630	82.200508	205.389250
152.394544	242.488723	83.121755	206.916120
150.007341	237.959561	82.711802	205.102158
149.751668	238.866435	82.195833	205.561169
150.198176	238.722096	83.467536	202.833729
151.119152	230.379305	82.115985	205.454842
148.187158	227.530839	84.631576	203.255007
146.564979	228.887715	82.289974	202.188477
146.892815	219.608652	81.751132	204.511147
147.343361	211.309671	82.529200	205.070564
147.342560	203.139193	83.295001	204.101701
147.871830	195.713141	83.230774	205.683361
150.971999	187.151805	83.334696	212.020240
150.245282	188.774073	84.039076	209.394014
154.366582	194.713839	82.480341	205.307030
155.583019	205.723829	83.923962	205.471997
157.902285	218.173434	82.450362	204.852344
157.764041	223.803905	82.744430	204.641634
152.342933	222.629198	82.334312	206.713786
151.455982	223.894180	83.032270	205.713983
151.121861	229.203870	82.701899	208.901121
147.502707	228.164341	81.098422	207.787063
142.847846	237.779561	83.806703	199.966686
137.250725	233.335465	83.028494	206.918638
133.470763	239.499682	83.601716	205.891547
134.090428	241.519121	82.046245	206.460577
131.082889	232.356930	82.812082	209.885360
125.893883	227.298622	84.697588	206.684646
126.921098	238.469934	81.131221	201.886633
123.676178	239.597764	82.496172	203.842559
122.964678	240.283696	82.487526	204.980897
120.768862	241.521651	82.505526	200.873047
115.512693	236.311541	85.186967	205.318077
117.018437	235.177759	83.264225	201.949338
115.149612	230.590506	82.586755	205.568954
115.939589	229.311889	82.702068	205.180757
118.445863	235.893106	83.138349	203.005622
120.975216	232.941777	82.028113	203.304502
120.037541	234.864585	81.765940	205.004353
120.062054	225.928788	82.458777	199.932505
119.866239	229.190939	85.220172	212.934938
124.803924	232.189317	83.074216	207.094553
123.838718	234.144615	84.081912	202.608924
124.437977	236.077505	81.852435	203.993826
122.362939	231.011024	82.783644	207.979775
125.115038	229.053212	82.349747	204.201581
127.752959	232.644108	83.969393	204.841418
128.820423	237.230028	83.716497	205.640164
127.996164	238.395016	82.825170	206.425697
127.142144	236.600152	82.574782	206.365915
127.491211	244.494172	82.813476	203.855973
128.109784	243.540888	82.142730	204.248332
130.899718	242.455175	83.823222	209.396989
134.137289	238.237633	83.914339	207.572348
136.593797	246.721636	82.340415	204.953767
137.813523	245.484457	84.046910	204.228492
137.642976	246.859565	82.041973	206.181120
138.612105	242.982663	83.169450	208.796242
139.850781	247.463406	83.609741	209.024027
143.757782	241.970791	81.356561	203.564976
146.643534	246.601118	82.754311	204.817602
153.637897	247.793714	82.672102	203.791180
155.930522	242.190049	81.127811	203.547172
154.633116	244.993567	82.243314	204.472641
152.286602	240.914673	83.552793	205.128515
158.525955	243.304764	82.458843	207.234755
159.567525	249.822151	82.280488	206.162081
157.843717	248.738370	83.662403	204.370128
157.610811	247.327716	83.336783	208.796813
160.248560	252.629479	83.794268	205.468048
166.342493	261.962400	83.216514	204.467480
170.065420	261.192084	85.470175	206.766080
170.274435	261.870716	84.394817	206.377423
169.646326	257.715863	82.479697	207.763289
169.369033	250.096083	82.265638	212.486249
172.700320	248.150947	83.225285	202.399519
176.463913	250.234107	82.519761	203.340851
176.898335	249.037346	81.573182	203.963126
183.284966	247.800215	81.460260	207.948328
184.852537	243.431689	83.209815	207.546385
186.330935	245.532871	82.731815	205.382417
190.590899	242.858920	82.623018	205.831620
198.213239	253.066246	81.912816	205.069442
201.153726	252.859085	81.977314	204.125506
203.097610	252.153754	83.552794	203.210075
207.158277	251.635617	82.881795	204.155946
210.190109	250.971830	82.907655	203.522884
210.635451	243.951173	82.777607	205.897491
208.125000	237.694957	82.016504	204.234830
205.515234	241.366849	82.538305	205.054176
207.981226	240.830224	82.208496	206.543960
205.660819	240.498914	83.847408	203.875090
203.344373	238.964596	82.708052	206.345531
201.709091	234.891085	82.009346	205.089100
197.956598	233.194978	82.011115	205.784839
194.188266	232.998379	83.513118	209.207155
188.674269	234.091124	83.260053	203.521242
182.468156	226.599089	82.891615	207.938237
182.046093	235.199939	81.821722	206.359159
177.416985	234.680881	84.236228	204.071951
173.174063	231.527946	84.034262	206.581769
167.860325	231.082179	83.333311	203.955510
164.749415	234.266764	83.391388	203.243672
161.609753	237.197928	83.561109	207.874716
156.528484	240.604828	85.382487	207.007109
152.942235	238.894353	82.542900	203.833278
145.640557	232.998856	83.893977	206.793053
136.830540	233.842245	81.903276	209.532384
131.584082	239.398942	83.110719	206.585848
126.201486	242.213022	81.331876	200.036593
118.249533	240.816503	80.501071	208.862389
113.670943	242.021301	81.187007	203.920481
108.881803	239.658389	82.538443	205.070411
100.943360	241.578498	82.786035	208.987300
95.352835	242.269125	83.074517	203.818946
94.425644	242.402183	82.767666	204.451420
92.850002	244.230108	83.969359	206.366363
92.517487	246.210766	83.039930	203.851984
92.222700	252.511345	83.293389	206.031564
91.598083	251.210045	83.723214	206.457106
92.525469	248.447210	81.466363	205.677356
91.536623	246.480987	83.797928	209.998567
88.959598	240.379016	83.715327	207.003514
88.262946	248.876842	83.614086	204.965078
87.799589	242.352391	81.675727	202.177590
84.712284	243.094914	83.093354	205.021184
86.177932	241.896188	81.833806	207.134687
86.065012	242.959633	81.498304	203.648842
86.342319	246.460043	82.371268	203.401102
91.003199	247.910713	80.735491	202.198179
88.699257	248.400548	83.270545	205.311623
91.321676	245.468694	83.297950	208.269553
94.581585	251.893135	84.236198	210.115782
99.826081	243.147406	83.710097	207.996244
100.064746	242.763338	83.069959	203.659743
101.697184	235.412950	81.904151	209.766399
99.794732	234.667866	83.244460	205.857532
99.260616	237.790175	84.271357	204.172300
102.049804	239.407692	80.735446	208.679714
101.564973	242.991647	83.366919	206.051049
101.771110	240.865487	84.322735	207.050094
99.047835	237.553276	82.391498	205.055643
92.031615	236.518146	85.221258	204.579643
90.822724	240.363001	82.779555	205.069539
86.613531	240.705072	83.195322	204.626289
82.296879	236.674671	83.243587	207.106722
82.195785	240.278942	81.987855	205.098423
79.525643	236.878962	84.017903	209.717674
78.467616	239.370695	82.421159	204.417126
77.712102	234.719795	81.696640	206.305248
75.930540	231.470202	82.399198	206.948677
76.248852	221.920939	81.793472	207.614583
74.347238	222.630726	84.644456	205.736716
76.673116	230.069248	81.090633	205.284842
74.872620	231.964016	83.938007	207.299080
75.588717	232.168357	82.532847	202.518191
76.457660	226.990619	82.392276	204.855957
79.926972	228.885205	82.952084	205.527318
84.667399	237.916366	82.665062	206.165962
85.062706	240.728845	84.224783	204.582776
87.367513	244.834714	85.241519	204.184628
95.255233	243.840090	80.979224	204.259835
97.271051	248.586547	79.438517	206.303984
94.997495	241.109885	81.592706	205.995617
97.631830	248.583719	79.332848	198.853901
95.126872	244.212240	82.390658	199.319680
99.388198	254.042254	77.298362	188.753223
103.224731	248.249000	77.935847	197.680886
102.261912	244.724827	77.715133	186.824575
103.128924	247.052129	79.126785	212.051338
101.228067	268.957457	78.689700	208.801636
99.969115	253.306919	81.976105	204.051893
94.574357	244.613450	81.129340	201.931294
92.450933	239.855461	82.582607	201.243717
88.675546	227.292526	82.155212	206.567448
89.322581	233.297377	81.876361	201.063888
95.589014	223.550804	79.118555	203.791528
92.301271	218.729000	79.182397	205.429217
93.743682	219.355880	80.048990	197.957112
90.175546	211.818105	80.082096	200.353393
85.174546	217.620457	80.558731	182.577554
87.454708	212.457456	71.712213	188.434342
85.754824	200.737179	77.498940	197.048420
77.800026	201.735221	81.913664	203.875541
75.275008	193.377245	81.247818	205.071659
73.774132	193.194578	81.867350	206.323972
71.664594	202.784260	81.384250	201.088604
64.974974	204.268498	84.204424	206.652347
63.087351	203.345957	79.788851	197.574032
60.241029	211.317261	83.047700	199.996446
54.385000	210.859480	83.138201	207.086577
52.049710	219.486803	81.703395	202.448842
46.149768	219.624796	78.560443	202.875509
45.219487	208.526932	77.467493	213.806919
41.860508	215.787154	83.610972	204.257244
45.657154	217.059049	81.869481	201.005775
46.248527	217.534136	81.593377	207.518712
45.446237	234.011060	83.152697	200.363852
48.791772	233.855146	81.805547	196.736220
43.056014	230.376187	79.975627	206.996787
42.918681	234.904022	77.863099	193.279025
40.899857	231.074658	84.781099	203.167628
40.106348	224.095348	81.580342	210.578314
37.370727	225.917308	81.529211	199.275398
34.830583	227.085512	83.015650	204.262045
37.813396	223.943022	84.138134	211.335345
40.607829	223.768688	83.094982	201.417730
45.983877	215.872821	83.232443	208.685829
53.024629	223.919126	82.115003	203.889738
53.964400	219.384681	82.344763	207.060686
65.660189	214.223119	80.455488	211.463461
56.997992	210.818152	79.495020	210.769884
66.285442	224.078436	78.052106	210.031522
76.385306	227.262865	79.723339	204.868042
77.125870	227.776782	82.725135	220.361470
80.708321	225.790095	72.806627	190.956320
81.557038	216.178685	77.456239	208.498827
82.703436	217.711041	80.668871	205.817115
83.390844	219.759070	77.505320	205.463623
87.210443	229.846670	79.366670	212.991690
88.279091	242.068056	76.894375	201.141146
88.646496	224.482714	79.687954	211.891564
87.939530	218.186643	76.503315	208.943126
85.513369	217.601869	82.834888	214.340826
85.198899	217.297559	74.999480	179.956472
81.997543	226.217257	80.772021	197.229397
115.583285	249.379771	87.810173	199.105783
114.148345	257.783029	83.812262	198.526442
105.558642	257.255713	81.685930	202.240832
93.144161	243.736229	83.238367	204.661107
92.517833	238.120684	81.126258	205.141284
86.023127	238.305827	82.855603	204.616662
81.010483	243.863665	82.885012	205.916426
75.408381	240.032132	81.621866	207.643177
67.791703	232.687640	82.419479	205.885039
58.700992	229.463055	84.186775	200.447141
53.755234	233.077016	83.039290	205.348609
46.958301	241.669145	82.923274	203.791040
42.674507	252.455462	82.369861	208.973261
39.037176	258.841906	84.232231	204.602722
34.754360	258.298347	84.328592	205.919943
30.798665	255.079580	82.064008	209.313239
27.360253	259.143986	82.531008	208.547551
22.743772	258.208097	83.619921	208.531029
21.347048	259.860985	82.324712	202.475340
23.940948	251.669653	83.112046	206.423749
24.834792	247.407664	84.475054	200.483804
29.127370	239.772026	82.919123	207.851524
33.160043	241.305494	81.925967	213.072288
41.012152	246.917527	82.775878	206.974602
55.237707	247.980678	81.781844	205.425745
64.748286	244.662887	83.060967	204.044313
72.206893	249.879183	83.390930	206.701231
78.075275	251.001568	83.169781	208.259258
76.970823	249.894345	82.198673	205.966553
80.592016	250.060847	83.456995	201.237164
89.154864	239.131604	83.663757	206.892051
97.276307	235.914323	82.527252	207.456457
105.005458	241.016911	83.242180	202.692245
108.494200	246.193354	81.843907	207.123492
112.513590	246.076895	83.239044	206.079941
114.350393	236.034216	84.775321	206.067314
121.500109	248.269056	83.125136	201.954910
126.639168	251.721938	81.581096	207.266258
131.221926	256.412089	82.717372	205.653776
135.480945	269.636923	83.829578	200.384873
137.937362	261.437429	83.101845	206.000432
135.585451	251.230130	81.768278	204.670540
135.723319	251.064639	84.368881	205.663382
139.665541	257.601813	82.939704	204.808431
145.660299	253.599259	83.482259	206.150299
146.001412	247.936042	83.568000	207.685348
147.610635	252.541689	83.961008	206.508673
153.902361	258.531709	83.028589	205.819933
155.969125	261.810903	83.173100	203.806368
159.939308	268.148573	81.973665	206.030747
163.776868	271.396855	82.996531	202.339629
165.970060	258.937224	83.152392	204.199853
167.028917	252.101037	82.309214	205.087496
168.218092	257.418785	83.127501	204.350705
171.167918	256.919598	83.669662	204.917251
173.803481	261.845973	82.671240	208.499110
173.551792	258.771798	82.869839	208.022318
174.387397	262.084462	82.350019	206.374140
174.424472	258.085498	83.502695	208.691506
173.556327	259.902403	83.370020	204.342997
173.486670	265.636528	82.268432	209.277077
175.841020	267.184804	82.426042	203.530551
179.457348	267.296122	84.103993	207.296572
182.839921	270.659441	84.167498	210.380109
182.963997	265.965328	83.868312	203.610083
187.493562	257.442771	81.937883	204.982653
184.409614	251.955090	83.279921	204.793992
181.740683	252.705942	82.522791	206.155670
180.318159	262.290308	81.725448	204.344753
182.187317	262.805307	83.020253	204.019363
180.560108	268.818458	83.811469	205.318473
178.814385	267.642558	82.762676	202.271577
175.978471	257.841106	81.873520	206.073608
173.779528	259.668292	84.426195	206.021408
174.905290	266.213541	83.061874	204.023339
171.162880	259.604636	82.698236	208.115413
166.113886	247.379174	84.470631	207.018256
167.964847	247.587774	82.844245	206.750039
169.048621	254.873740	83.116864	204.341369
171.807439	265.214371	84.449775	205.790243
179.206623	279.112015	83.056682	205.301155
179.491026	271.251802	82.314386	204.620115
178.497057	274.422721	83.565948	203.485882
175.899865	270.870668	83.099343	206.886730
177.587762	278.948289	83.791375	205.478672
176.880191	269.611791	84.757006	204.168124
175.324636	258.768214	83.802066	204.568222
178.735071	261.734512	82.302457	205.801061
179.712892	262.917109	83.786933	204.555164
180.889177	259.583418	83.431137	208.557049
178.550374	259.545082	83.372714	203.707689
180.218901	255.739039	84.290037	206.517839
183.666681	261.790726	81.823437	205.516505
186.582116	271.213414	81.680350	207.807264
186.563788	279.475944	81.785774	204.903369
186.853211	283.898475	83.369523	204.696131
186.890296	285.975393	83.444556	205.611441
183.610015	286.138537	83.147188	208.083171
180.947186	297.250751	81.711024	208.093188
178.674194	310.619366	82.861157	204.860285
177.289446	316.437471	81.984565	207.004634
174.512918	306.803269	82.806255	207.685887
175.000567	299.286019	83.369574	204.197169
174.351688	285.469992	81.807817	207.020413
174.312722	276.767234	83.050021	206.000576
172.551470	274.858831	83.855905	203.451274
174.421561	280.091221	83.121717	204.794535
177.751783	281.909606	83.330321	204.625717
187.410998	298.828077	82.720631	202.927140
193.245844	303.267738	83.790216	206.296140
196.296355	296.785343	82.895527	210.051385
199.254810	299.661474	84.032200	205.571787
201.919432	302.790923	82.766839	205.844622
201.092037	308.172208	83.379836	203.080221
200.945114	279.464665	84.170614	205.999622
204.133413	266.290591	83.287496	204.281002
207.477726	248.508555	82.614496	206.459289
209.418992	245.512836	83.574042	207.693447
214.755193	241.537004	82.229418	204.824850
216.624580	244.473569	84.503912	205.742855
218.516569	240.587898	83.061587	208.960810
214.952623	237.064331	83.825287	204.414032
212.624901	230.637326	82.663091	206.363345
210.124376	227.122204	83.066679	203.871924
208.888882	224.090429	82.312673	208.526136
205.943695	224.582864	84.023170	203.341178
204.985485	218.068412	83.178507	209.029524
209.810713	222.257979	81.643143	208.352992
214.346021	233.888748	81.482697	207.393069
212.847730	237.790561	82.621752	203.646425
214.616996	249.804309	81.763141	206.761048
211.307607	258.466020	83.309403	209.542593
207.302830	270.032962	83.771558	207.285683
205.355722	274.858025	82.675910	205.135400
199.446787	273.707017	83.300779	206.975616
194.039321	259.980663	82.860769	207.644174
187.119205	258.052368	83.824519	203.870528
182.065116	258.241496	84.201627	208.591108
178.759514	252.671680	83.029140	204.072830
172.985384	247.158823	81.957630	204.150588
168.432841	239.198047	82.712463	209.220105
162.741028	240.978809	82.598891	203.443807
162.722039	223.719545	83.343306	203.878287
162.946260	223.459119	82.609063	208.812670
164.811992	219.009949	82.002957	209.054153
168.092124	213.512068	82.694978	206.931574
171.947314	211.102442	82.686175	207.136639
175.218143	215.093771	83.257440	207.040565
178.719664	219.476791	82.695470	207.708800
176.237960	228.738858	83.349057	204.880724
178.176362	238.377742	84.142743	204.359772
179.141884	231.106707	82.892028	202.414708
178.071210	223.078445	82.749114	205.780296
176.795016	233.828210	83.797459	203.540313
183.113738	235.649098	83.453542	206.644689
185.715412	243.116896	83.108684	206.555741
187.241656	241.046646	83.170462	205.965061
186.733653	249.273010	82.492408	203.428841
188.267385	253.071388	84.025816	204.801389
190.672406	247.203100	83.676124	205.163066
197.388469	243.048063	83.577762	208.285812
197.598860	251.546371	84.846954	206.663617
194.749623	252.466822	82.704354	203.716371
192.007651	245.409250	82.848427	203.094705
193.401359	249.977899	82.204856	201.757704
199.288616	242.324800	82.761092	202.840167
204.203834	229.500285	83.682198	203.539076
204.958200	217.731853	83.384769	207.612678
208.690495	214.597762	82.787813	208.693597
214.926539	224.735379	83.007351	204.520627
217.000722	229.804381	83.389020	203.855910
219.815029	229.953259	83.005388	205.379560
223.012383	224.561648	82.624662	203.769965
226.761708	232.765714	83.482488	206.195092
230.580082	233.211283	83.953977	207.272854
235.576141	241.846885	83.039243	208.926454
233.381548	247.768614	83.522764	206.004026
231.522922	245.281766	82.855244	210.407337
225.516567	245.967883	84.022983	205.858349
220.829937	257.793936	82.998287	204.663041
218.085771	260.481389	81.919378	208.692914
216.913810	257.941563	81.979782	210.105843
214.417859	263.408396	80.409851	208.090905
212.394101	262.971896	81.990545	209.844665
212.690717	262.745277	82.862184	202.932345
212.169933	256.067967	83.169238	205.711673
210.325974	259.101118	84.114610	207.125286
211.732424	255.519245	82.835640	208.761502
214.556936	257.031468	83.176028	203.559585
215.816638	261.657542	82.806558	203.289419
214.338580	263.307562	82.793362	202.626144
212.299173	263.096091	82.701985	205.527966
214.183940	259.570077	82.999604	205.887877
213.572051	261.784874	82.596982	206.625873
212.654766	270.278645	83.198555	203.927213
212.320136	270.973278	83.117781	208.860955
206.093386	272.658051	84.000908	207.632980
202.622694	262.731202	84.019850	207.979830
202.970015	273.743317	83.552243	203.902563
202.899567	277.774613	82.627975	207.179707
203.338819	279.336579	82.250923	204.484433
199.492990	271.353574	82.248609	203.153288
194.570561	261.031913	83.120000	206.731483
187.949160	264.065214	82.153349	205.141212
181.395320	258.877114	83.639515	205.821350
181.690713	258.165385	84.133986	209.033922
182.244412	271.950653	84.345454	204.939896
184.875414	271.430677	83.490579	209.459499
180.632696	278.054567	82.371697	207.271895
177.856132	278.306048	84.125045	206.683110
172.024383	267.067069	82.940985	205.313913
170.051232	257.487821	81.987265	204.150656
171.139599	255.067511	84.144576	204.129197
171.274461	254.875590	83.374736	206.494230
169.373993	248.533103	83.844323	203.979963
166.159399	248.080308	83.747086	208.711605
162.305587	245.006126	85.351737	205.635784
162.085681	232.350260	82.443906	207.042921
163.168940	240.130771	83.017577	208.832805
165.992466	247.985935	83.100203	207.569611
165.329083	252.705946	83.284932	206.706529
165.109123	253.899377	84.702344	205.329006
167.122879	251.986662	83.405935	204.814750
165.494270	252.388321	84.506157	205.907647
163.711221	253.567124	84.786299	207.395068
157.269513	239.146103	81.970600	206.880101
159.298181	239.842586	82.502799	202.311904
161.211088	249.665592	84.917149	209.265265
157.633568	245.297564	84.647476	200.107053
158.583997	243.260770	83.799479	206.179490
159.654216	245.730817	82.656886	206.591676
158.821980	247.988456	84.244395	206.592740
164.883027	254.673536	83.238303	209.318415
169.036171	252.945545	83.161350	205.901328
169.708459	253.833605	82.214580	204.023077
170.687345	253.794393	82.710643	207.011983
172.175573	261.971219	83.387127	203.558082
178.252636	263.408565	82.664253	208.463605
178.200079	268.107164	82.581006	202.732541
175.271361	268.452262	83.060051	207.479247
169.976909	268.389453	82.817019	204.113837
164.894611	261.934004	83.357165	206.730582
163.145218	259.882768	83.223985	207.139934
162.177699	257.178891	83.200825	206.150194
162.281609	263.403510	84.096270	202.610151
164.930789	262.652966	84.377050	207.833769
164.315063	266.200678	84.134395	208.830026
165.757030	277.917704	83.268816	205.508132
167.785781	283.215213	81.228646	204.083457
166.852683	276.698729	84.092495	202.196812
162.848277	262.892957	84.134431	209.537899
159.736228	256.677607	82.247313	205.330095
159.423601	252.307202	83.486227	206.798105
160.942847	257.549550	83.085735	205.388354
159.802425	255.871751	81.935440	204.756444
157.933345	252.632205	83.115562	209.356994
159.674283	256.809414	84.305013	206.673001
162.685853	259.057219	81.925764	208.869016
165.300934	269.189454	85.835497	202.943710
165.483284	265.478379	82.626184	207.974446
164.873860	271.463441	82.580384	205.350493
168.920738	281.359823	83.039287	203.823104
171.609378	280.847909	82.294114	204.028566
173.219083	281.141042	82.888790	207.374338
176.000713	278.564768	83.580359	206.351949
173.914979	277.735732	84.864137	207.737981
175.525452	290.169367	83.309982	207.546697
177.144860	292.218503	81.607859	205.700423
179.061877	293.120665	81.907426	206.641567
179.421563	282.438670	83.112600	205.716389
182.588847	284.344461	83.926723	205.593234
182.007835	294.163434	83.741059	205.712906
180.893222	304.790187	81.990795	207.837797
181.606031	305.155022	82.505427	205.162152
181.494808	290.529940	83.235404	211.772341
181.391793	277.788055	82.997640	208.786093
174.841199	266.247085	83.642889	207.067181
175.274981	255.320908	82.078636	205.603630
173.577675	252.077244	83.264265	207.585223
181.726043	245.895955	81.477897	201.837413
183.479114	247.737234	84.194994	207.093255
183.425871	247.176118	84.027213	208.650344
182.662351	247.147339	82.428755	206.925223
180.368019	243.454605	83.284515	199.441743
179.322468	235.498752	82.849930	205.654099
179.755070	233.119958	82.958977	206.673148
178.185131	231.755182	83.622311	209.988092
178.835003	229.876349	83.706792	202.928647
178.003088	235.471046	83.422496	204.649988
182.953739	247.579965	83.681883	205.061559
191.589540	270.224109	82.530885	203.867150
195.862486	291.002152	83.373096	206.770879
198.151432	307.413545	82.859689	207.295510
199.255051	318.793739	83.428629	203.990996
200.722111	317.792023	81.859017	205.083217
204.546493	313.038249	82.720760	205.736376
207.525075	319.023647	82.308760	206.535893
207.900352	325.643016	82.159903	202.779119
206.237087	323.461067	83.210073	206.231475
210.314536	326.362210	81.815840	209.931127
207.938293	335.490140	84.313776	204.897632
205.155111	331.343743	82.591305	207.615106
203.789988	324.414224	85.295372	206.808518
204.625049	321.650673	81.966091	204.007871
205.140944	310.913869	82.938028	208.867944
206.600402	303.988976	83.194633	205.988678
203.340508	298.787320	83.105617	204.622706
203.017271	304.815238	82.842346	205.930993
202.448595	298.050386	83.485277	204.602276
199.579808	283.290752	80.994941	206.989675
198.130006	281.311551	83.749434	207.234628
200.521065	295.611336	82.862053	203.500427
197.548398	307.083824	83.440522	207.365187
191.977442	297.204745	84.605325	206.859362
191.771491	285.666492	83.298823	208.364951
189.797164	279.567588	84.456811	206.265844
184.804612	279.840330	82.187977	204.527579
181.048711	281.314358	84.426139	206.356753
177.380716	283.451176	84.850715	206.690722
175.204186	285.934655	83.630992	206.565353
173.253243	284.039011	82.411086	206.915634
171.536429	281.752061	83.025167	205.493487
170.041029	278.717876	84.772405	205.167699
170.946909	275.071901	83.925873	207.277210
172.058807	293.390594	82.664620	207.313391
173.991986	293.817297	83.126866	207.551717
174.519340	299.363347	81.217716	204.914202
173.154563	301.145836	83.675252	207.257508
173.508345	316.562773	81.496372	206.943304
175.542128	326.558939	81.857437	209.848684
173.400180	319.063398	83.155417	207.886338
170.779971	311.377883	83.556847	205.177920
167.959584	292.516839	82.909730	203.349732
167.357412	283.555314	82.045508	203.302008
161.380142	278.555732	83.870400	204.636604
154.986029	269.721496	83.218444	201.283859
156.844745	290.399392	84.042944	205.696926
156.553443	300.145330	81.448905	205.171740
156.322754	324.154992	82.617835	204.246326
157.918819	327.406524	82.894934	203.629212
162.075096	324.144682	83.469887	206.648484
162.902913	308.267265	83.619629	203.603080
164.301856	308.954031	82.196018	204.447722
159.896798	306.895622	82.307625	199.778675
160.303041	294.848211	82.037879	206.087841
163.573097	300.858303	82.103420	206.962780
165.814278	303.345765	82.255042	205.398880
161.704624	303.128513	82.824195	204.980782
161.822538	312.898945	81.571884	203.790079
163.366441	320.290868	83.839145	206.900491
162.876626	328.501221	84.082971	205.269259
164.519855	326.284066	82.351308	206.867591
167.751813	312.924311	81.987257	209.383843
164.565168	312.543735	82.930665	208.936697
166.384170	311.578904	83.309731	204.996960
169.787739	301.097497	82.090382	207.430449
167.178977	312.632786	81.874362	205.122746
167.140263	320.273557	81.602827	209.850116
166.327949	325.544761	81.557467	205.152954
165.318296	326.218479	83.058830	205.498743
164.728072	316.708812	82.384694	206.833969
158.341881	313.859004	83.716448	204.162771
159.358215	312.377690	81.002926	205.667271
159.359965	304.842305	82.699170	207.122413
154.094916	296.081271	82.430164	206.718002
154.104240	295.351135	83.451929	205.372896
154.913037	300.599759	83.714351	201.145909
156.103028	308.786604	82.074874	206.274124
157.876592	304.483973	81.531340	207.393382
153.680130	305.481599	82.819110	202.934304
146.015996	285.717586	83.034832	207.988956
140.578200	271.216752	82.324846	207.314144
138.388886	266.109271	83.779555	205.696752
134.822785	265.715603	82.360089	206.113760
127.545444	267.875044	84.271050	204.574252
123.239163	260.091962	82.677841	204.924294
119.550312	259.556167	83.148923	206.766000
121.019601	267.216319	83.646088	209.102166
129.446467	274.157822	82.160435	207.901912
133.377449	291.175567	82.667664	204.172997
139.282607	299.748135	83.089372	205.144615
146.503308	305.734942	81.472724	206.536840
150.150231	319.205215	83.181432	207.753585
155.118759	319.003775	80.782969	204.475494
153.880846	323.929704	82.018379	207.021239
156.011710	319.310452	82.267296	209.095443
158.443727	308.783377	84.287679	207.720143
159.123877	307.426470	82.644635	204.880767
157.041346	307.747927	82.016560	204.783719
155.018573	303.606227	84.915564	203.991394
155.559168	298.574826	82.250802	205.352112
149.380665	296.691288	82.839010	204.485540
146.199310	285.364553	83.428026	205.154814
143.372236	292.409370	83.048937	200.086919
140.930204	288.342398	84.756970	205.766744
138.843311	288.902575	82.320398	208.754479
132.446267	306.669898	82.839141	205.089508
130.015522	309.438672	81.827939	203.350613
127.960111	305.897045	81.824646	211.327906
124.724391	301.214542	81.649402	205.437368
119.563360	311.232990	81.842537	210.034835
119.557244	303.842776	81.164327	206.186533
116.140467	294.786999	80.936918	206.340105
115.558320	288.537594	80.451004	202.795114
109.266913	291.353389	84.825542	204.781711
106.419690	280.648307	81.798981	204.327381
100.835719	280.485830	82.947214	206.267877
97.986298	290.344845	81.430131	208.667542
107.333836	284.198223	82.934745	208.654462
113.553570	286.071915	83.547803	206.986333
127.208370	280.628507	83.831454	206.281423
130.751699	279.404781	80.743915	201.210347
123.022356	279.130046	81.447275	203.382028
118.911059	282.793344	83.031457	204.951770
118.230779	284.659692	84.000180	207.851502
108.364001	282.631509	82.249111	203.573194
91.348866	277.215936	83.438596	201.453753
75.327998	273.277075	84.378295	203.642938
63.936516	276.318943	83.650654	202.849535
57.054385	276.584388	81.183742	207.174189
67.332412	280.647684	84.106723	202.804760
86.813052	264.875080	83.229253	202.502381
93.197253	260.463088	82.485602	203.207215
93.029648	266.051168	82.356074	204.352733
86.004698	275.644995	82.459183	202.962634
74.012476	279.187753	82.923021	208.183264
59.734162	272.993623	83.620015	204.128342
53.722378	267.410796	83.904173	201.700003
49.376498	266.378307	82.526457	206.805890
46.946085	278.711469	82.520262	206.634537
42.938822	294.864307	84.342030	206.591992
46.940036	297.905551	82.336835	202.473269
51.893989	282.928371	82.711688	209.425157
54.239849	274.890132	83.215569	204.465487
60.489968	268.470272	82.943379	204.632601
62.581195	274.276087	83.316308	202.921435
67.956738	271.567269	83.357627	203.020586
74.228080	265.728482	83.598856	206.510885
79.481854	265.141983	82.272710	205.408764
88.133284	266.756117	84.583714	201.826389
97.395904	259.602499	81.949881	208.337243
104.477003	265.865332	83.851623	208.266574
112.057017	272.039023	83.024418	204.413995
118.179214	270.343124	83.118798	210.105093
131.501009	274.287766	83.294851	207.893704
148.261232	283.271065	83.140517	208.935043
158.756479	297.170949	82.481039	204.513167
169.549587	306.922089	82.644496	206.050647
176.836405	324.253386	81.508241	205.644590
175.413362	315.538345	83.887868	205.511035
183.188051	310.400055	82.055814	205.479823
190.393576	309.102443	81.194664	207.638314
192.617018	317.848705	83.325027	204.733077
194.587902	304.433649	82.399689	205.527663
190.561484	314.252279	82.846613	204.654962
185.477791	331.119097	83.178502	208.838942
