206.000000	85.000000	49.000000	57.000000
201.695979	86.009565	49.304287	56.373794
200.936554	86.502841	49.392610	56.686268
206.058295	89.349929	48.535865	54.416969
209.756296	85.506596	48.773491	55.955088
213.346504	82.888191	51.913511	48.480475
215.393601	73.018507	48.654295	53.923714
209.848924	67.415810	49.072187	55.844800
206.186095	66.605813	47.343585	56.002597
205.660370	66.948021	48.044062	53.645739
209.698332	70.294618	47.783635	55.132948
214.268581	70.171447	47.399325	54.520750
216.182710	79.393610	43.527374	52.352681
220.000000	88.000000	36.000000	50.000000
218.741449	87.294482	36.092590	50.429985
214.628686	87.419138	35.907412	49.213221
211.618359	84.505261	36.202743	49.292311
215.096026	78.949713	35.665001	51.806060
218.547874	71.168923	37.026914	49.871478
216.935622	67.392137	35.599909	49.281770
228.021159	67.269418	35.181507	51.159016
207.406744	58.822795	35.941278	50.828209
217.294774	52.116030	32.909331	48.813654
221.744905	50.148347	36.887901	48.203544
226.042552	47.577672	33.511243	43.757226
221.593452	46.608188	34.538279	44.165353
212.807768	29.714040	36.404673	50.432019
194.316473	23.605494	34.763883	50.012473
161.656879	26.077576	34.653955	50.843711
154.577822	18.604997	34.735017	51.352400
155.895908	21.725198	38.552135	47.827507
162.657861	25.487901	34.952239	49.734919
176.619173	28.095514	37.416537	50.038216
171.000000	40.000000	50.000000	55.000000
171.686676	42.220220	50.535640	55.879259
176.373564	32.873088	46.081542	63.754849
184.011482	32.138590	49.030446	58.036884
189.769295	31.754769	52.508090	57.016395
200.898351	27.599679	48.297100	53.552037
210.775480	48.021044	50.121524	52.177590
214.049068	53.893082	47.453291	54.226171
212.071540	61.480757	45.620107	55.063349
204.337023	82.063364	46.118720	56.025019
196.349474	101.452052	50.613973	56.200307
173.051137	110.776101	51.546463	61.654834
174.089803	107.511682	46.736846	53.638173
173.837962	102.383121	50.429699	54.810773
181.261443	98.619599	47.546090	53.899464
189.124820	92.177136	50.555820	56.375534
205.310795	93.739243	49.989016	54.489781
227.696645	91.350473	52.167749	53.575123
255.007076	100.677911	47.246935	61.230739
243.125899	72.100019	47.202896	57.394281
278.229349	44.029518	48.385754	53.101949
284.535448	39.825949	50.505110	53.779705
289.976047	40.874176	48.406248	55.564132
300.182822	37.701356	48.431213	55.714195
307.137097	29.085839	52.662578	58.123940
312.921108	25.074252	48.021865	53.219599
315.982799	25.897571	48.344432	50.568049
321.742897	25.958507	49.813472	55.056742
326.124822	24.281589	48.429072	55.222524
328.951534	20.701168	47.545320	57.158273
331.847896	16.695439	49.827068	54.341537
331.019595	13.066738	50.718765	52.813988
338.765046	12.387730	48.987530	55.327942
343.372390	15.114210	50.745672	55.752901
346.799363	21.654634	50.631591	54.993596
347.189403	27.897448	50.503678	53.944343
347.280555	32.767171	48.553075	52.916652
349.576117	34.333747	49.436059	54.953245
349.324066	36.275955	46.681747	55.507353
351.202795	37.583839	45.101680	44.550273
339.970618	38.703342	51.030931	53.409171
333.341028	41.156398	49.165577	55.602972
330.132086	45.102876	51.292855	54.552644
330.998708	43.576559	49.367519	54.986151
329.013378	43.227110	47.825417	55.369148
326.583486	42.179389	48.625622	51.196304
332.133758	40.269266	49.097122	53.864442
334.542843	38.767285	46.792701	45.700071
334.879960	42.264421	51.243515	56.835887
334.130668	48.769503	48.407298	55.425649
334.080295	50.508430	48.299335	54.501193
333.261169	50.527869	49.634938	55.953824
336.500640	52.026115	49.801911	54.562719
339.435266	48.240713	50.508891	55.789082
339.050403	48.367984	50.620429	53.249764
335.867004	46.581261	49.605173	54.859289
341.350740	49.220276	48.684711	52.654608
341.911127	45.773110	50.492425	53.812032
346.468702	46.867868	48.123875	53.176500
346.868710	47.829336	49.746966	54.451989
345.546627	46.753361	49.839831	54.551355
340.914381	49.661730	49.259660	53.079621
339.613627	48.659228	49.302969	54.809331
336.502386	49.874123	49.262699	54.203482
335.308998	49.577929	49.590579	56.059513
335.252608	49.423079	49.885653	54.289603
343.107049	50.811357	49.163660	53.940227
348.812005	56.855705	51.016605	55.484828
373.065385	73.355386	49.215819	53.307455
393.224708	68.347792	49.522191	59.899606
407.879039	56.543951	49.432907	59.300394
412.518812	49.939390	48.812947	57.317913
405.171238	48.458083	50.058214	57.365186
361.000000	117.000000	42.000000	37.000000
358.308535	123.817065	42.653587	36.020900
352.157316	130.775537	40.250501	36.142180
346.399349	134.656359	42.362397	36.554799
346.958384	138.191324	40.166216	35.302574
338.253799	134.148225	41.374204	35.444559
338.159856	131.330562	39.876763	36.755920
330.608263	130.657945	42.386901	36.293409
323.936632	130.425433	39.617951	37.279642
309.558418	142.329030	41.868454	37.634915
318.989607	132.610853	40.899455	37.450400
341.971651	134.510157	39.378508	35.918521
359.261586	122.890830	43.744030	37.980074
374.861896	108.013536	42.188746	39.162551
293.000000	54.000000	46.000000	54.000000
283.714151	71.111942	47.757522	55.224393
250.547386	89.395438	43.662381	57.919565
249.746209	120.353127	48.102926	55.624220
238.527978	125.751657	45.840304	54.865312
250.745544	155.777701	50.875060	51.648597
202.000000	81.000000	50.000000	68.000000
204.475745	69.286995	41.295294	64.738710
204.816536	43.943693	47.884044	68.600514
203.154633	30.219787	49.872394	63.990452
192.895584	18.003145	49.427125	68.798870
195.226130	13.946660	49.545314	66.593387
194.697865	6.955382	47.188019	72.051023
197.700918	17.014229	53.029856	66.641478
180.254859	5.215841	48.659460	67.791806
180.431583	2.680246	47.544329	70.956198
182.368869	0.088519	49.682080	68.209141
185.762812	0.352793	48.140519	47.331470
184.158155	0.444661	49.272118	47.190256
191.933757	0.966022	49.325146	63.689930
196.220886	34.421784	52.965436	65.714110
213.308561	95.267178	51.546473	67.844461
228.836531	106.370936	50.514252	64.568054
238.664941	97.268964	47.926237	63.385266
306.000000	52.000000	64.000000	54.000000
290.475934	60.860034	62.885162	53.480788
313.188786	56.530702	60.382220	52.480169
324.298072	57.750028	63.521239	51.482484
316.554593	67.603810	63.502869	53.942145
342.306482	69.326917	62.562649	61.603810
407.000000	18.000000	76.000000	80.000000
406.225114	20.207477	73.831607	77.984564
399.874630	10.077488	75.113609	79.283314
377.948963	0.044739	75.835811	52.569062
368.387134	-0.016237	71.576195	48.663225
338.319605	0.000000	78.234276	38.881107
323.890170	2.114037	80.840657	73.249197
280.000000	4.000000	76.000000	86.000000
262.767191	0.265588	76.842740	74.791513
250.755932	0.257073	73.777560	50.723304
249.600981	0.915838	79.633288	45.002397
264.377072	0.000000	75.103155	46.934328
254.794777	0.000000	68.717241	54.305727
257.794047	0.002960	69.809211	57.068717
275.000000	1.000000	68.000000	82.000000
277.509377	21.556573	66.385684	81.494742
