111.000000	98.000000	25.000000	101.000000
111.345967	100.511201	25.317912	101.086709
109.707881	105.239602	25.811155	101.972200
110.466346	105.396755	25.571835	99.187710
109.463787	103.740911	25.592595	101.987124
109.972166	107.549894	24.778652	100.407144
109.576671	109.773882	24.724685	99.609956
109.079358	113.466291	24.190928	99.573005
106.439061	112.316504	25.198728	101.601901
102.547751	116.462816	25.195428	99.139381
98.017622	119.541087	24.709508	99.442544
94.865895	118.197561	24.859824	100.202151
91.984255	116.483194	24.527953	104.032877
88.707848	113.004287	25.001848	101.239955
86.899279	109.675728	24.336386	100.531004
87.567111	107.316294	24.790747	100.302827
87.685719	112.473952	25.158450	100.694822
88.045882	109.058998	24.943250	102.392060
90.943164	109.871178	24.499869	101.593265
92.205464	112.188830	24.639224	100.458635
94.150165	110.017881	24.906516	100.958357
96.701425	107.656099	25.282437	102.901235
99.061704	109.221100	24.768820	101.228792
100.757901	104.731880	25.556651	101.413150
104.091821	106.885824	24.417880	99.868996
104.856490	110.876489	25.461488	101.966158
105.470752	111.771298	24.679029	100.415183
105.559133	112.467801	25.212832	101.023846
107.805505	109.580998	24.709153	98.863642
107.016910	103.697176	25.264726	101.073947
106.304365	100.192419	25.052477	100.549845
104.850851	97.389193	24.914064	101.853683
104.035032	97.368297	25.433658	101.394059
103.902498	97.241272	24.840755	101.166665
106.034084	99.877094	24.904485	99.928700
107.975992	100.351176	24.802517	100.582339
106.558141	104.135509	24.405429	102.329776
106.404157	102.813511	24.970070	100.086785
105.028785	100.040552	25.065974	99.689080
104.348135	96.545360	25.071875	103.256552
103.733680	96.955429	24.885589	100.065577
100.788809	97.212811	25.236794	98.849330
100.106476	98.532800	24.674206	99.205002
101.435832	100.449178	24.197808	100.458736
99.323632	99.262810	24.687351	98.777781
97.201042	99.971904	25.357656	100.895103
93.087511	99.321715	24.955969	101.713674
87.936393	98.147760	24.938774	98.242407
83.828137	95.074398	24.754148	101.765744
81.583111	93.527837	25.416108	100.828667
80.044214	95.447075	25.101709	101.344310
79.926679	97.555423	24.786010	101.918420
81.344541	100.690257	24.517294	99.224191
82.508849	103.805968	25.378393	104.050230
83.557291	106.308053	24.851584	101.356871
84.411465	104.048685	24.715278	101.353581
86.434412	106.024059	24.971683	98.386809
92.107611	101.609090	24.872268	100.636421
97.670490	96.971728	24.650241	102.791372
100.262575	96.884212	24.697018	98.306697
103.997955	96.085667	24.378904	100.375100
105.500621	101.330858	24.766240	99.990947
104.721007	102.005193	25.504773	99.945233
106.179479	101.629399	24.659497	99.403120
108.008802	99.204075	26.088226	101.398684
113.539296	93.289010	25.637382	104.090423
111.792349	97.185818	24.590915	102.175949
110.478330	95.258250	24.682107	104.693108
110.125142	96.365125	24.648295	100.862721
107.615073	98.628992	24.817588	99.562211
125.000000	89.000000	27.000000	98.000000
121.753569	86.662633	27.273719	97.183745
118.692243	87.619475	26.078556	95.682988
115.790906	84.682142	26.760090	98.445943
112.738504	85.935001	26.632939	97.295926
110.447914	88.431162	27.378865	98.183436
106.096392	86.510515	26.394315	97.599941
99.655552	85.974351	26.906291	102.822445
87.858365	87.221580	23.539196	97.166032
76.732488	88.253945	26.718015	97.043911
72.584127	83.652992	26.970977	101.648564
68.780037	79.602298	26.641406	94.833114
65.539781	73.647189	27.118581	98.084290
62.987357	74.268796	27.095842	96.490263
60.329128	69.081065	27.079217	101.031207
58.715001	70.534545	27.143375	97.341995
57.597531	67.955275	27.791119	94.887570
56.666846	66.853708	27.361920	95.885754
55.423552	65.598359	27.002348	95.069783
53.207915	62.065237	27.481209	99.969539
51.591420	59.880268	26.705186	96.696606
52.742890	57.798833	27.027746	97.988321
51.851085	60.424450	26.846184	96.356604
49.493441	59.278662	27.596503	98.158572
46.654643	63.011314	26.690347	97.999735
44.958387	58.499634	26.869473	99.009918
40.256763	60.877829	27.190389	95.767221
34.221021	57.548920	26.211799	101.911235
28.763811	57.573836	26.592886	96.015585
24.861094	54.990871	26.734497	94.905654
20.121480	52.273604	27.193224	96.536519
14.727228	52.197991	27.064282	100.536856
10.699154	49.484303	26.584770	100.137403
4.625569	44.917339	27.097286	98.853684
1.476139	43.587370	26.598294	95.378234
0.043484	43.531844	23.098449	96.418352
-0.017896	39.932708	19.911852	99.386172
-0.022144	36.978114	14.507599	94.777561
-0.020028	36.268727	19.046181	95.555183
-0.009849	32.883355	18.805305	106.571921
-0.005631	44.094585	17.147176	95.965737
-0.030047	46.212625	21.744941	95.326662
111.000000	70.000000	26.000000	108.000000
101.940377	65.904448	27.980474	109.170642
102.191265	73.870953	26.481463	108.112320
101.256457	80.622185	25.821723	107.965964
100.126263	85.003311	26.149311	109.486404
99.021777	87.446321	25.629271	108.049423
96.579528	90.462606	26.028250	108.492659
92.964964	90.408182	25.933936	108.479436
94.669010	89.818892	25.616104	109.450595
100.015240	91.591673	26.534601	107.073988
102.507091	91.357947	25.961439	107.028364
106.403779	93.159488	25.793137	108.973158
110.004946	93.079444	25.897050	107.331530
112.079532	93.613778	25.472536	109.618842
115.540610	101.531286	26.359826	105.678927
117.106159	103.217279	26.262034	108.621655
121.309228	99.737312	25.226323	106.841091
123.820118	97.129353	26.036559	109.240743
126.114174	98.665640	26.691704	108.000008
128.624658	100.523614	25.845900	108.938783
127.516447	101.707575	26.685968	110.125658
127.335426	105.574261	26.743896	107.734490
128.079212	110.536529	26.021769	108.407011
128.081595	113.573974	25.867115	109.763018
129.465038	116.198348	25.811315	108.046298
130.684452	116.764430	25.379747	107.373599
130.150641	114.354903	26.208967	109.946121
129.616771	116.051542	25.842763	109.915313
128.705752	115.964662	25.636360	108.920063
127.980957	118.187772	26.283611	110.810224
128.415705	126.196718	26.288550	105.921313
128.794505	121.409274	26.368860	112.332771
130.182525	120.389800	26.009515	108.071781
131.436733	120.163498	25.593561	108.385702
130.674502	118.811062	26.104984	107.018896
131.566004	110.947566	26.291154	110.054329
133.558092	111.914338	26.248006	109.983575
133.708796	113.972528	26.611781	107.914769
134.468085	114.766590	25.761055	107.819721
134.675084	110.354540	26.312268	108.887063
136.824069	108.092034	25.514365	106.808638
134.996236	105.956565	25.408293	109.055084
132.960422	100.835448	25.840943	107.948761
131.461141	97.888066	25.813751	108.918534
130.592932	92.522267	26.331491	107.277715
129.699933	90.263716	25.890726	108.539872
127.698153	92.882244	25.918342	107.967252
126.561141	96.854364	26.614242	109.841194
127.865150	101.132106	25.897342	108.790200
131.109707	101.194681	26.221210	108.337616
137.538564	102.044703	26.201682	108.430525
141.733403	98.433641	26.043055	108.836385
142.697470	96.063041	25.438306	106.330980
141.970262	95.682305	25.767219	109.918613
142.082457	97.388168	26.169313	110.183021
143.066060	99.922843	26.659988	108.965529
142.652308	99.353154	25.867373	110.546057
142.722031	107.384791	25.744342	108.208467
140.199499	110.929045	26.733914	105.896993
140.847696	103.575846	26.100763	109.552681
140.260059	105.241935	25.877671	105.232147
137.735538	100.714300	25.929108	107.417702
133.974491	101.353355	25.909457	107.513174
131.613085	102.495908	26.320588	109.565855
132.359131	106.363615	26.038507	111.319602
131.356544	108.180746	25.885179	108.921664
130.134881	109.300214	25.621489	110.848126
130.743378	112.323153	26.212731	105.343167
131.570478	114.344809	25.805477	104.525551
132.935914	110.548550	26.448210	104.819259
133.853653	106.396645	26.226338	107.421652
131.210375	102.949661	26.851137	111.065833
122.918453	106.742016	26.003948	109.448202
122.515484	113.987272	25.588742	107.180918
119.314503	111.964418	25.780947	108.792146
115.543900	109.896154	26.134205	107.418640
113.104170	104.973162	25.759107	108.472268
111.930769	102.294464	25.744805	108.482085
112.563657	103.404262	26.894808	105.968656
117.432543	94.528788	26.032656	111.480808
122.193837	96.608624	26.268936	107.906491
123.419753	98.357151	25.882892	109.066399
124.805626	105.269235	26.101096	107.986510
128.405235	106.617264	26.117397	109.221701
133.332738	106.814161	25.600581	106.213409
138.249363	102.478444	24.979593	109.800065
138.847004	101.502273	25.760594	107.848036
138.875208	97.659938	25.359010	111.048654
137.168129	98.224633	25.833571	108.479262
137.366959	101.156550	25.541153	104.458818
142.511182	103.980426	25.678492	108.358502
145.975168	110.287645	26.204115	106.148400
146.298878	110.433122	25.741760	107.186787
145.971968	112.180779	25.768716	107.429063
145.112109	106.661539	26.304965	108.554770
144.932370	106.929119	26.297195	111.351123
144.952684	112.379437	26.532407	107.704276
145.737589	114.292728	26.617345	108.604621
148.001571	112.228208	25.605529	109.210827
150.072371	113.904069	25.662407	108.953937
147.694799	123.514109	25.666358	109.020918
146.316484	123.983055	25.346370	109.327052
144.126479	125.247256	26.265341	108.511014
142.569528	127.085700	24.969970	107.744154
138.677827	133.140659	26.838468	107.091419
137.057764	133.778374	25.792338	108.328934
132.771298	133.388730	26.112559	109.676719
130.517263	136.243947	25.702542	110.457400
130.442682	143.378157	25.757930	109.092805
130.169139	141.660472	25.990755	107.932824
129.689722	135.545193	26.168499	107.768445
127.929087	133.606404	25.683292	107.607989
124.238421	126.519925	26.259832	111.426378
124.090014	123.264752	26.154818	106.738331
122.701289	119.991903	25.422066	106.510794
119.016936	117.353991	25.588763	106.274951
116.086170	115.798847	25.830640	111.265530
115.077379	116.113326	25.854735	106.965234
115.889719	116.293714	25.312867	109.487688
112.733054	118.567035	26.529015	107.108352
112.388928	118.411870	25.952929	108.484872
113.241302	118.579302	26.079312	106.489247
115.229729	114.209250	25.413971	110.409506
113.558096	112.254608	26.916548	106.372781
108.009884	102.556237	26.432882	110.966153
103.291640	99.734488	26.260881	108.882027
103.630648	99.858015	25.635560	105.247214
109.476891	107.888292	26.419935	106.854806
115.105429	105.217673	25.773637	107.878415
119.684389	105.614267	26.357885	108.101081
123.538315	105.547912	26.401966	106.811122
125.600969	100.209835	25.988533	109.571748
124.127102	98.167526	26.483624	108.759760
122.401403	97.936166	26.013728	109.743886
122.525985	104.792159	25.851714	108.167304
122.411209	106.720086	26.271049	107.863327
122.657874	113.841452	26.967153	107.291328
126.877046	118.350730	26.073732	107.096177
130.160494	116.725314	25.679318	110.023060
132.520452	116.838649	24.929483	109.247672
137.751654	117.934534	25.349188	107.785482
139.349076	118.006775	25.900172	107.095886
138.783867	119.965296	26.233099	108.561583
136.462952	120.329158	26.062884	106.751898
136.121073	123.462230	25.411096	109.741521
134.850275	125.839779	26.066809	107.930626
137.591241	127.762322	25.669900	108.056153
140.820127	127.274437	25.224783	108.589310
142.398631	126.899971	25.985463	110.315821
143.846258	129.400999	25.382211	108.510095
143.133488	128.109848	25.936524	110.396963
138.953985	132.638558	26.194146	110.998265
128.669949	139.256367	25.650263	107.790544
124.014686	142.079384	26.163602	109.845357
123.034309	148.260451	26.378533	104.249412
124.526054	138.520455	26.149944	110.173834
125.157162	138.354083	26.059529	108.128683
126.823311	137.347372	26.061242	104.933456
126.204855	131.781100	26.369444	106.777392
124.562138	133.190277	26.218959	107.011002
124.191193	126.900203	25.558377	110.170016
123.362262	128.289847	26.305119	108.084913
119.864684	127.313650	26.368461	107.822342
116.068068	128.415049	25.729287	110.909921
114.971730	126.650393	25.527475	109.261307
114.160756	124.094926	25.834788	108.286196
113.721435	126.025167	26.014940	110.103058
112.109531	125.151364	25.674416	109.528848
109.345310	125.609689	26.054782	108.029234
108.919390	128.246747	25.923335	108.288714
108.887849	136.368426	25.307726	105.048860
111.594145	135.107032	26.381691	108.328174
114.562163	134.570850	25.676217	106.657704
116.687330	134.953854	25.936308	108.300058
120.153009	134.462663	26.641688	107.191191
121.230590	133.943594	26.183245	108.469343
117.123706	132.901570	26.778725	108.465661
116.587939	130.822709	26.110984	107.008375
116.037140	137.180160	26.168561	111.261757
115.093311	140.329436	26.502464	109.913184
115.680671	139.417434	26.273061	111.409892
114.890418	139.270587	25.571424	108.662739
114.634302	137.648827	26.477824	108.412539
111.159800	139.601674	26.603409	109.262406
110.854786	142.655919	26.298289	109.571226
113.419006	142.796195	25.943046	107.297116
114.867000	142.566033	26.203665	108.787527
113.980604	143.884646	26.416054	107.359037
111.531673	143.819891	25.924960	112.319241
110.388291	145.525215	25.921340	105.963376
109.000844	138.496995	25.692345	108.025226
107.794702	139.513043	25.935552	111.328939
105.840139	137.536749	26.055086	106.867019
102.925836	130.285869	25.382633	109.372598
98.738906	129.836841	25.867856	105.329617
