147.000000	110.000000	34.000000	33.000000
148.394406	112.493192	34.040133	34.282376
152.226062	117.120489	34.610474	33.342239
154.817312	120.334443	34.086584	33.279904
157.824810	119.777035	34.033408	33.501469
160.085698	118.746127	33.944140	33.170951
160.851689	119.084704	34.188750	33.199414
160.719602	121.542236	33.962100	32.839729
162.122888	121.094464	33.587012	33.126475
161.994183	120.314144	33.811806	32.458116
164.879969	118.928650	33.735249	32.255329
163.866464	117.441263	34.479701	32.376555
159.441574	113.562006	34.148606	32.826010
155.872639	108.898300	33.731064	33.068171
155.327617	107.074195	33.369801	32.602251
151.998077	87.583569	35.309591	28.921511
151.851397	75.433043	33.089348	33.786420
147.856486	69.248619	34.318715	32.645696
143.133221	67.357303	34.677463	32.999647
136.409948	68.378553	34.428786	32.801525
129.294319	67.730990	33.989409	33.366193
127.431586	67.341561	34.281433	32.221352
127.111919	65.897011	33.680025	33.508632
126.954182	64.334026	34.734843	33.330835
129.823680	62.072692	34.018823	34.518322
141.635081	69.113256	33.687029	31.997885
146.187202	71.933247	33.403147	32.925868
152.753597	78.533455	34.031082	34.442459
158.684447	87.787932	33.794971	33.688725
160.781485	98.961173	33.512662	32.550698
163.725452	118.757882	34.539126	32.413891
166.447920	128.392520	34.834651	33.469951
165.160149	124.549280	33.244938	33.007384
165.257964	109.296401	33.498229	32.866367
165.725633	87.793738	32.487318	30.850515
162.998244	59.969205	33.840398	33.079320
163.722989	50.330562	32.839480	32.606046
163.530308	48.815161	32.973791	31.944516
160.736723	50.138413	33.644389	33.720650
160.417600	54.060345	33.791842	33.345367
160.252092	70.429494	32.560816	32.178381
159.564496	86.947364	34.371668	32.347265
160.808589	102.949261	33.282721	32.523550
160.339427	119.081933	34.730865	33.224919
162.507981	125.686644	32.938137	32.012298
168.857652	120.551598	32.130307	32.688191
161.467626	100.068725	36.274162	32.845026
158.733619	87.886432	34.327098	32.948906
157.303591	87.006580	32.986168	32.212043
156.673647	92.195142	33.937041	32.781551
155.776322	107.760576	33.702390	33.863602
154.923871	123.398978	33.613329	33.579107
155.297392	137.652960	34.850389	32.598027
157.053366	151.531985	33.189323	32.803166
157.751662	165.250250	34.749532	32.355023
153.276633	166.633772	32.567789	31.701483
149.147650	156.460781	32.799160	35.234212
151.034704	134.656386	35.153965	32.674897
152.495565	113.377939	34.732515	33.783285
152.665503	104.561851	34.726285	32.634379
148.811897	101.475101	34.416145	32.363617
147.188173	105.955699	35.128110	33.055066
146.479075	115.463314	33.623658	32.649925
145.253866	126.348450	33.778133	33.651138
143.681843	137.955593	34.357185	32.607365
141.317271	142.560415	33.856969	33.822833
135.860573	146.655678	32.436512	33.020804
125.894079	128.394288	32.179328	33.395328
137.141106	137.586403	35.676458	34.223472
155.617320	146.718686	34.401708	32.011483
145.372021	135.972113	31.493057	35.364349
122.000000	76.000000	37.000000	36.000000
121.232129	85.053876	39.294809	37.760833
118.511691	103.042056	38.166007	35.022553
122.009844	121.248325	37.078170	36.203665
123.658332	143.673225	36.847634	36.304999
124.193364	148.680551	37.484247	34.096410
127.678402	144.921991	36.394434	33.014586
132.033803	129.666529	38.219934	34.394745
159.143323	129.960540	37.028830	34.139342
168.425003	128.234267	34.933354	34.383943
173.939422	130.210913	36.560867	35.750389
151.000000	74.000000	40.000000	39.000000
154.491116	79.169115	40.291765	39.151110
158.927525	85.912926	39.590384	38.541220
166.961465	105.850138	38.636709	40.251724
170.867134	117.834250	39.730901	38.676690
171.870095	115.049967	37.286883	32.675748
166.515582	95.478832	43.610870	36.984752
171.343622	78.744200	39.834836	39.143088
175.580193	68.011682	39.491517	37.778410
175.445109	64.886702	40.250482	39.030822
174.773880	70.912615	41.011453	40.101532
176.360243	83.908779	40.779588	38.066407
176.843986	99.020450	40.128712	38.971866
177.362878	129.629633	40.778535	43.715676
170.783409	138.106712	42.653184	40.558598
167.644625	133.414027	40.249853	38.341189
163.267662	114.901057	41.142816	37.916632
159.791229	103.889655	40.514690	37.882447
157.286056	94.947375	39.727751	38.890359
155.825438	91.649023	39.525792	38.955742
154.064325	95.561131	40.289040	38.554288
152.724595	100.053331	38.746736	39.543026
150.381217	109.774386	40.636608	38.975368
148.328827	124.774469	40.316433	39.845607
144.837609	122.732887	40.134907	39.040432
138.032510	106.222758	40.166732	37.726579
132.941944	91.936249	39.764841	38.947094
131.815923	81.621743	39.352484	37.971633
126.113477	75.820674	39.668375	39.227529
122.349467	78.176030	40.209673	38.102699
118.066360	82.457957	39.572029	39.101296
116.728095	93.327071	40.668369	38.286451
118.504631	110.163728	38.332945	38.609106
119.446630	127.452716	40.013492	38.931062
121.590383	126.193075	37.210131	36.648524
117.009650	109.450715	41.188916	38.191324
117.222700	96.042046	40.293517	39.049342
121.641814	88.198468	39.655074	38.520485
126.479329	86.961956	39.240089	38.119929
128.544124	92.054971	40.722781	38.351644
131.078578	99.009440	39.915080	39.256834
136.608772	110.109136	40.169391	38.552964
143.374761	126.053247	40.294102	38.065951
154.487978	140.600646	39.614536	37.705732
161.712061	132.272867	37.612105	42.636780
162.785739	115.786996	40.438444	39.335846
166.471322	101.522818	41.045468	39.133961
168.229835	93.005374	39.598661	38.149642
168.799473	85.096922	40.187393	38.331639
169.643256	83.914884	39.871548	39.015299
166.802226	90.173855	40.283040	40.003079
164.066422	102.819223	40.078216	38.843002
160.768801	118.196283	40.014478	38.499807
158.672029	131.595693	39.743255	38.600128
154.132764	124.851832	40.374382	40.605394
155.983239	108.636484	38.376691	40.073065
156.934896	94.690764	39.339891	38.069586
156.407687	88.021950	39.937135	38.968215
155.198845	81.750631	40.562906	38.963788
154.656477	83.131377	40.128577	38.909894
151.413723	91.352885	41.181728	38.362186
149.008068	101.867057	40.980449	39.406309
148.308659	113.674759	39.262008	38.413594
148.438635	120.000387	39.291527	39.692014
147.389268	106.442563	42.202182	43.085377
145.490162	91.316622	39.262199	39.018158
141.042325	80.217548	40.242908	39.095600
134.829736	77.996141	40.240139	38.581948
121.737136	86.812481	38.628501	39.939771
117.574315	97.043396	40.344802	39.550048
117.396274	109.686308	40.133133	38.717778
116.132009	124.520032	38.045271	37.769183
112.671162	143.418804	40.556645	38.562627
113.483617	152.569564	39.233829	37.853291
116.356548	146.898716	39.639404	36.646279
117.628597	128.321787	40.021995	38.055262
118.547626	118.893475	41.176601	39.068993
125.361677	114.556959	39.999736	39.269283
134.824905	115.528827	40.842058	38.346338
141.194924	120.147979	39.739001	39.775543
146.464632	131.448274	39.107475	38.430347
153.381088	144.235230	39.242963	38.267031
157.707183	157.226112	39.380632	40.647310
168.398520	157.874594	40.019095	41.598398
171.912785	146.610281	37.591245	35.607289
172.794249	128.777644	41.135473	38.995999
179.634625	119.799841	39.809937	38.744472
184.146548	113.273563	38.857058	38.221725
188.537463	111.521079	39.664644	39.612178
189.890337	115.719781	40.395046	39.168468
188.135159	124.825831	40.582268	38.565709
182.541512	137.152933	41.116767	38.450095
177.368491	147.479174	39.438829	38.912492
164.106909	149.750250	38.275510	37.424041
154.262372	128.622602	39.757724	35.872488
147.314333	105.729042	36.220302	38.943703
139.871669	87.213922	40.860634	38.896965
137.662750	74.370180	39.386770	38.536227
132.318623	69.518641	39.819132	39.555840
130.307198	75.128747	39.838574	39.418395
133.320824	85.607957	38.993532	39.866604
133.935345	100.944676	40.355410	39.111516
135.333157	114.563922	39.741250	38.987835
135.907804	116.272356	37.304861	40.423609
138.352474	105.386653	38.013466	35.912361
138.282500	92.482024	40.500896	39.453129
139.495016	87.913874	39.990837	38.871278
142.433302	86.155634	39.067693	39.127850
149.458009	97.300169	40.149921	39.593272
151.308990	108.922976	39.854342	38.743184
152.799690	124.168665	39.253325	39.514494
153.303790	142.674999	40.385390	38.803056
154.277852	155.712919	39.358595	39.384155
151.778328	153.915503	42.097095	39.488642
154.784127	142.091933	38.704749	37.185943
152.869577	128.534802	40.083223	37.717121
151.725868	121.221517	39.366083	38.529845
151.924050	125.779660	39.364307	39.218640
151.853717	139.113834	39.489633	38.501095
151.850667	152.955084	39.912139	39.103722
153.065595	170.110044	39.702653	37.256762
154.478778	185.406524	39.662794	39.089489
154.896216	201.959305	38.970428	39.036102
154.044209	204.472801	39.314616	38.996079
154.478313	188.816631	39.657791	43.947791
155.284192	171.177751	39.481166	38.657512
155.376160	155.323389	39.922279	39.086521
154.210125	143.581207	41.379166	38.643181
153.390480	134.062318	40.029010	38.486820
152.028201	132.647011	39.899387	39.367384
153.329850	139.865660	40.134674	38.554518
154.045648	150.608724	39.792240	39.556083
156.574697	161.586024	39.060875	38.714682
154.175469	133.287364	38.322040	41.519888
156.569149	112.302194	37.780707	38.601594
155.858481	96.366393	39.203763	39.414171
156.601341	83.124393	40.431606	38.446673
156.059517	75.817908	39.212532	38.556797
151.764387	75.111208	39.381713	38.811929
150.430326	84.098891	40.599178	39.021788
151.778445	98.916879	39.510069	38.978016
151.866632	117.754082	40.793455	38.609015
152.059960	132.536313	39.723461	39.551060
147.855772	125.434556	39.327864	42.897479
142.362875	108.304290	38.698890	38.676866
139.688778	96.707158	39.078753	39.182558
136.314978	90.186101	40.042684	39.155667
132.879610	86.940737	40.503549	38.995977
131.881328	94.277040	39.349693	38.740225
129.721812	106.085633	39.959076	39.042072
129.467115	120.058791	39.683883	38.213864
130.108383	132.278241	39.912486	38.356261
133.051016	131.215228	41.220927	40.173466
139.339975	110.715006	39.169861	39.030473
140.743155	94.289252	39.525395	38.733419
142.114750	86.002514	39.065739	39.044147
147.849601	81.998728	39.978179	38.548537
152.555169	82.299332	39.819765	39.458914
156.407050	92.669206	39.491917	40.127406
161.719544	107.245218	40.658208	37.593648
169.502131	118.359896	39.601411	38.328094
174.576096	126.293906	40.073816	38.871739
177.283570	121.130225	39.479957	37.370715
173.439807	93.932017	43.056626	38.349570
178.080129	78.842092	41.091193	38.094616
178.650519	71.667819	40.095072	39.431945
179.000171	73.159009	40.394842	38.731537
180.586794	77.026543	39.714757	38.989044
186.365037	86.464341	40.373591	39.213219
191.332853	99.974770	40.853021	39.871521
193.593633	115.902693	40.634638	38.251549
195.470093	122.705536	40.646574	39.072727
197.083595	117.412786	39.465189	38.490204
199.411703	96.645618	38.809824	36.363825
196.255019	76.883228	40.149087	39.298961
192.153134	72.744135	40.971966	38.571177
185.731540	73.971616	40.252612	38.811693
179.345477	79.842512	40.591248	38.716387
175.135430	92.760284	38.235182	39.941245
170.344919	108.810420	40.015052	38.518521
168.604616	119.836256	40.167507	38.455326
165.129405	120.788351	41.448613	39.978570
161.348956	110.347470	41.319620	37.262177
156.983670	85.872120	41.861254	38.803579
156.227934	75.509099	39.681934	39.662726
154.530503	74.208891	39.581819	38.938234
152.442016	77.063052	40.386936	39.662733
149.774108	84.026604	40.915733	37.759645
149.780642	106.090838	40.235616	40.046339
147.446069	123.082845	40.248295	39.152406
144.137817	132.241135	40.522741	39.140446
141.587122	131.109612	38.298431	38.824805
133.624341	115.948270	40.538727	39.613902
115.307980	102.383579	41.023190	38.985672
111.000485	94.826337	40.003491	39.219380
108.749979	92.756578	40.303048	40.004524
109.571305	95.228119	39.997416	39.484419
107.136894	98.019830	39.559989	38.589912
114.590118	116.536745	40.668961	38.473171
116.858265	130.044548	40.342578	39.342813
120.872880	138.811111	40.282861	38.970214
128.835324	134.866089	38.532733	39.006970
133.941426	112.163146	39.535259	36.980476
138.919379	85.768892	40.409285	39.162115
144.078988	74.142559	40.416749	39.432866
149.027545	69.039013	40.036096	39.604567
154.270461	69.368088	39.431249	40.100577
157.310478	75.724025	39.901284	39.181917
162.911167	94.079341	39.737357	37.891706
162.374315	109.244383	39.654149	39.444245
161.074007	118.206709	39.937536	39.165684
160.426369	114.410399	39.816538	38.690875
160.208487	100.115893	37.400546	38.484197
158.465238	77.411851	40.068296	38.950776
153.853298	69.142630	40.389865	39.859301
151.562760	68.591063	40.241931	38.509016
152.846689	71.870309	40.114864	39.865427
153.006656	79.245292	40.123830	39.060601
144.269428	97.738962	38.795224	38.376293
140.600465	114.622019	40.110945	38.270383
140.309158	123.417623	38.808755	39.200858
137.563953	117.133549	40.994164	38.964478
137.875982	104.714279	38.789287	39.207424
135.128259	93.864153	40.238895	38.941289
135.400572	93.660033	40.142994	39.109010
140.084244	100.467497	40.564525	39.422319
141.317479	108.658618	40.899817	38.619816
142.537522	118.276402	39.649562	39.622179
142.064809	139.656930	38.799734	39.103041
143.376127	157.011725	39.154073	40.650203
141.430584	168.425385	39.688391	38.150969
