40.000000	199.000000	61.000000	103.000000
40.367832	195.593102	60.950200	103.830155
39.810485	198.227072	61.974764	102.609330
39.629451	200.799351	61.681440	102.466958
38.716352	199.119622	60.494634	102.325899
38.851208	197.794762	60.230730	103.696958
37.394370	197.269341	60.063184	101.231492
37.937481	195.994583	61.507633	104.171066
36.454336	194.884505	61.211226	103.661459
38.428171	198.220614	61.168010	102.475738
39.102218	193.994073	60.667524	104.517787
35.432698	193.297528	62.171456	101.657919
35.079459	188.514189	61.512146	103.522722
36.318996	189.281110	61.539962	103.317715
36.270818	182.420307	60.140608	104.445728
35.388228	175.567614	60.870182	101.802025
37.310593	167.306528	61.015854	101.666424
39.292000	154.705434	59.908658	102.616390
38.598882	148.852296	61.968004	101.963935
41.717930	142.048528	60.195825	104.317624
42.189512	137.045675	58.786895	102.067928
44.542638	129.464445	60.397070	103.568122
46.823088	124.756638	62.263067	101.898148
49.307107	116.558474	61.671025	101.157071
52.007344	106.570555	61.829385	104.852296
57.024072	102.527624	61.467602	102.979142
61.315109	98.164626	61.741511	105.807646
70.342959	89.798143	60.860936	103.842975
75.416424	86.310660	60.888775	102.169039
82.455438	88.981151	62.190829	101.213150
90.016397	86.594909	62.426401	102.276388
98.538590	76.297258	61.651026	104.340887
107.484121	73.341636	60.505562	104.542754
115.376797	66.819619	61.499758	103.323026
124.455111	61.810152	62.593684	102.180337
135.336407	56.349538	60.131050	102.302060
144.280327	54.760606	60.574831	105.247526
154.620153	59.431310	60.092479	100.961504
164.033536	57.556469	62.163493	104.074339
172.366222	49.750077	62.185750	106.016156
184.130738	44.734050	60.680434	103.509470
193.558027	48.641390	60.676659	102.924007
200.410026	44.917398	62.165806	102.940475
211.806006	46.147826	60.575749	99.494877
220.041653	41.495760	61.526516	104.672747
227.365945	47.759900	61.738617	103.859571
234.299130	49.420545	62.032588	104.087684
241.628436	47.211921	60.485390	102.248035
245.718123	50.776755	63.015561	102.921950
251.236380	52.840886	61.851113	100.648932
257.541153	56.232454	60.192150	101.309224
263.008903	52.187855	59.649030	104.241585
265.709118	56.796551	60.927423	103.480118
271.314238	61.227761	59.870857	103.213546
275.212206	65.615403	60.296481	104.566523
279.586344	68.494940	62.060626	103.140960
280.032650	68.887990	63.087699	103.966041
285.109594	70.365158	60.655844	101.684059
289.284503	68.387984	60.615017	102.337591
294.669179	76.007585	59.799198	103.951482
297.898054	80.401286	61.615585	99.453454
301.252725	86.352115	60.330098	101.924587
306.517251	89.141060	60.061586	102.537937
309.066217	96.605912	62.169504	101.938404
314.584793	101.183456	62.369613	102.513386
320.175543	105.005189	60.670830	106.512795
323.434470	110.774367	60.801530	106.437333
328.096345	114.351828	60.869408	104.323917
333.525864	118.737173	61.081229	102.745673
337.160909	125.233715	60.375751	103.353775
343.034767	132.001994	61.664491	103.819508
345.765777	137.628174	64.204500	101.522178
351.224177	144.244073	60.628617	99.015240
354.931489	152.514361	61.590329	100.060095
359.351166	157.465015	60.644388	101.317665
360.106080	164.924359	61.589154	103.690352
364.350770	168.278676	60.201384	100.255474
365.663087	176.995124	60.336326	106.979257
367.168936	184.930422	60.676686	102.919328
369.550379	190.004945	61.707598	104.747404
368.998037	194.934792	60.624368	101.522120
370.889887	196.165137	58.803157	106.114937
370.009047	199.077287	61.441731	102.679841
368.132477	202.999178	60.935916	104.084966
367.139320	205.946293	59.864126	104.596694
366.030361	208.268292	61.362961	103.336270
363.984436	207.973817	60.907657	100.127189
363.600428	205.493314	61.436499	102.364236
363.967395	206.049035	60.736304	103.321627
364.605381	203.373119	60.102137	102.564646
361.496629	201.608127	60.385677	100.630349
361.970300	199.313170	60.699349	102.623859
362.904061	196.173096	59.605714	101.645881
364.377278	194.095472	61.580598	100.751271
364.882991	188.810325	61.215912	104.280288
366.218873	184.508678	59.573761	104.146427
367.490087	181.731228	61.209472	102.801144
369.537865	176.047685	60.958316	104.725636
369.773509	174.433474	61.199528	102.404721
370.475471	172.033247	62.549594	103.828018
371.329747	161.043246	61.543177	103.836364
370.217613	154.155190	60.216757	102.716874
371.239536	147.934787	60.614771	105.331605
368.912349	145.413509	61.414119	103.315091
367.402343	143.436061	61.922126	103.492365
366.045112	141.008369	60.660304	101.636308
362.985093	133.029746	60.570585	101.410200
359.324310	128.209393	62.488097	105.121462
354.932143	126.054806	62.792686	102.431692
350.699618	121.241135	61.549342	104.699829
345.827105	120.082062	62.334999	101.846800
339.498315	119.402317	59.482684	100.287031
334.125718	120.461108	61.258384	103.541007
327.924642	116.471243	59.525214	103.728894
318.060280	119.931242	62.506508	102.819905
311.319261	118.778940	63.105939	103.864904
306.984426	115.014862	60.430241	106.585598
295.983019	116.195877	62.026869	106.567429
290.736963	112.791023	62.006481	103.770335
284.552096	118.810198	60.492022	103.204766
277.057739	118.758034	60.590384	103.971544
270.300798	119.615595	62.475330	101.987002
264.714009	121.826014	62.138768	103.681150
257.253184	124.929696	62.634628	102.572886
252.462026	123.816897	62.000436	105.496875
247.664260	123.127414	61.094035	104.074837
244.111285	123.026969	62.651136	106.613788
238.955734	125.902673	62.820749	101.768616
235.368960	129.481263	62.431551	103.461227
230.523856	129.113367	63.403922	103.588622
229.072078	128.057663	63.670653	104.861934
225.501220	132.996741	65.440202	102.948434
223.910319	131.372167	63.221120	102.494101
226.091830	136.907195	63.055566	102.805495
225.345455	138.146219	65.710637	104.379772
226.457138	146.430504	63.620942	106.301058
227.970349	150.833203	64.936402	103.159887
231.906653	151.877276	63.471835	110.026966
235.672706	153.270183	63.363951	104.237820
238.119833	155.905466	62.937933	104.959650
242.968822	159.050143	62.536224	106.910899
250.430115	157.682205	61.491610	101.700538
254.203249	158.226465	61.137594	105.455257
259.089116	159.375601	64.505411	103.850913
267.807292	157.002840	58.149152	107.450606
270.568772	155.514327	62.047964	105.164747
279.683903	159.002782	60.599964	99.835178
282.683387	158.375034	63.532466	103.063943
292.457684	162.316786	60.973198	104.377304
298.462338	161.094141	59.877581	109.244495
298.318155	160.236306	59.358388	108.979746
302.888583	164.311098	60.289383	103.533658
310.670561	164.553696	59.010546	103.470246
312.758725	165.255563	60.792867	107.350281
316.190651	165.740339	56.334436	110.361020
315.143705	167.319536	61.054449	106.271282
321.619051	172.739045	60.678705	104.514709
319.639814	173.840405	59.464195	102.514531
322.273053	175.399468	59.792368	101.383519
327.331201	175.460368	59.204533	104.314840
331.601431	178.299021	59.818909	102.344712
332.693688	179.232427	61.640646	103.474889
334.070733	181.001708	61.523845	100.981797
336.013168	180.540848	60.011530	103.215388
337.060139	176.889969	61.732138	101.663381
338.963894	177.445462	59.672402	100.626866
341.139315	177.358143	59.226514	100.871524
343.471682	174.748658	60.094253	104.480103
349.031165	174.411491	60.582510	100.293109
352.956472	174.601728	60.432033	102.724730
352.721552	173.380091	60.585096	101.217037
356.395257	171.196738	60.519058	102.532064
359.386605	169.050728	61.221132	102.391498
364.304019	166.878043	61.800382	102.143233
371.314882	167.686309	61.022646	106.804433
375.387644	167.692624	61.813255	101.460227
374.450553	167.815906	63.658164	100.388100
382.868756	165.169061	58.745080	104.285144
389.100361	167.446332	59.357973	102.396614
390.684574	163.729270	62.053627	103.058847
393.599082	164.356677	61.021051	100.069698
397.304394	162.846400	61.442247	102.784819
401.961979	162.893222	61.467225	101.892082
405.616005	159.782558	59.447335	99.536146
408.084518	158.268229	60.806933	103.401178
411.156095	154.500679	62.160657	104.338242
415.834116	153.066513	61.961262	103.566951
418.232135	152.216984	62.084855	101.790740
420.044286	149.376134	61.624780	103.418026
423.742335	146.548206	60.917176	103.871288
427.744339	144.336944	60.811862	104.291917
431.591979	141.077402	60.574013	104.810261
433.013498	138.849745	59.828290	102.442945
436.725845	141.077786	60.317834	103.216901
440.040767	141.159261	59.537209	102.352217
443.923126	140.574015	61.159960	104.878681
445.335722	139.658289	59.376330	102.901383
449.269071	138.244089	61.905021	104.087902
449.833946	144.301846	59.333169	100.554904
451.095213	146.495654	61.316553	101.310414
451.933595	145.226957	61.190554	102.695817
453.430019	147.273513	59.755653	104.067748
455.419185	148.093773	61.889585	104.084336
457.578316	143.690425	59.470701	102.343922
458.650083	143.686831	60.925905	102.818272
458.561205	139.725594	60.103173	101.893357
457.142028	135.955756	62.221770	103.358301
457.931997	132.353483	61.375098	101.779717
458.164678	125.339252	58.937657	102.066030
458.519237	122.164725	60.660305	101.958387
457.986410	116.569995	61.209202	102.611580
455.889197	108.024806	59.070666	106.928774
452.080239	100.141044	62.535492	105.360628
446.494251	92.753929	62.044913	103.083670
445.960245	87.058434	60.510524	104.446438
438.197435	82.177374	61.790161	102.056361
428.515427	77.144940	60.094160	107.081726
420.604840	72.835964	60.909571	104.532838
412.704650	68.793233	61.397427	100.708825
401.708961	65.402287	61.369470	100.375539
389.630059	58.213531	58.651123	104.445194
374.036893	53.228752	60.888371	102.300684
356.787700	46.027678	60.591191	103.530531
340.063132	42.219079	60.997472	102.697247
324.278658	40.027869	60.382991	101.607122
308.079450	35.849128	62.452382	105.124730
290.952573	30.982301	60.353725	104.666396
273.401490	33.274022	59.510443	100.532827
256.529142	28.028359	60.278914	99.494390
239.777082	24.193302	59.964752	103.884800
218.434939	24.452595	60.293189	100.685647
201.140876	20.705637	61.450836	105.162555
186.923844	18.405892	60.539993	107.085513
175.725805	15.900873	59.383264	102.612033
159.297796	13.373449	61.807262	102.679798
148.238275	11.411992	60.405526	103.667092
137.495962	10.810532	59.294255	103.302845
124.437219	11.870856	59.934862	100.805381
114.559597	13.186773	59.668315	104.029969
106.317805	16.526547	60.040400	105.157490
97.875938	16.975959	57.946114	103.110527
88.305809	22.226723	60.553166	102.021463
79.314070	25.553887	60.689351	104.593655
72.182198	34.445763	60.763084	101.344303
62.753605	37.095959	60.915701	104.402284
55.880460	42.043456	59.870964	104.711654
49.823225	47.093827	59.447800	103.898835
43.537718	54.010988	59.463023	102.639401
39.375670	59.946296	60.940173	101.853222
37.527624	66.417138	58.772194	100.737434
30.280808	75.248105	60.841235	100.972759
27.531007	81.178069	60.272101	105.583191
24.233644	88.832299	60.520779	103.943680
19.204740	96.884912	60.641262	102.944023
17.608051	104.740997	61.597674	103.693992
18.292682	111.481924	60.192129	103.068704
20.835759	118.807986	60.282659	100.856804
21.146436	124.458240	61.386510	101.866350
17.053622	129.528619	61.339034	102.489605
13.125621	131.525389	61.440806	103.280428
13.343491	134.134504	59.933341	103.859125
11.132449	137.558212	60.884792	101.441688
12.362098	140.408498	58.749356	101.501036
12.042867	144.201217	59.960306	101.628092
11.778301	146.179373	59.720105	105.186699
11.342996	150.391078	60.463334	104.591299
14.274138	157.093814	60.854229	99.613433
14.812880	157.660833	61.284310	101.781026
16.534751	161.036575	61.325215	100.650733
18.296975	166.724084	60.815019	100.711767
20.710161	169.773210	59.817018	102.457910
21.556456	175.435708	61.717021	102.282756
23.755394	179.294403	60.309743	101.722783
26.409236	184.864061	60.155008	100.786016
29.267179	189.274546	60.648116	102.457724
30.354171	190.840993	60.097460	104.030392
32.576036	197.262639	60.274184	103.204158
37.824893	199.274077	59.821678	103.232761
39.036348	199.518630	61.056040	101.945913
38.498759	205.385205	60.871288	103.992498
41.486045	209.398057	61.659475	102.996509
44.724358	209.734373	60.931043	101.945558
47.302604	211.678839	61.303124	103.850063
49.675006	214.605056	60.802801	100.762498
51.096045	218.574935	61.442144	103.890004
52.453975	223.910901	61.090558	103.202992
53.083238	225.486015	60.935826	104.443028
52.241953	229.052459	62.307836	103.426511
52.804061	228.257418	62.738973	102.675950
56.096225	233.306383	59.521816	101.302907
57.348209	233.047500	62.045505	102.830248
57.716673	233.039209	61.467710	102.958146
55.582411	234.048337	62.687108	102.261413
56.960366	232.934642	60.964271	102.592225
57.599038	233.097783	61.381900	102.019380
56.822092	235.413797	62.669672	101.603764
57.820451	235.946885	62.519077	103.482670
60.579908	236.216712	61.051121	101.858904
62.569068	235.529437	60.739437	104.456181
60.466353	238.575426	63.455810	100.594054
63.544170	239.182170	60.475025	101.046811
65.170615	239.733257	60.644723	100.692583
66.315428	241.822915	61.041017	101.482610
66.685204	241.126716	59.526932	102.307350
65.879521	243.110736	61.014281	103.001370
66.945794	243.032949	60.435845	103.989264
70.003705	243.945559	61.255919	103.852997
68.327602	245.982078	59.783659	102.880876
70.320493	248.906761	60.247505	101.314704
69.669407	250.334246	59.650109	103.739679
67.630418	252.187023	61.286155	99.964270
71.869550	254.564622	60.134020	100.927225
70.363299	254.607616	61.238451	103.557470
70.221403	257.869808	60.898400	103.363010
69.138053	259.179839	61.863560	103.380829
68.874145	264.116919	60.670149	101.147056
67.789527	263.704112	60.705468	102.787134
69.733488	265.201655	57.760627	103.726593
68.432763	266.515526	62.323625	102.150825
69.079469	267.592805	61.044367	101.853736
68.663042	264.662796	61.080681	102.224323
73.446594	268.269169	61.850878	102.743232
70.430348	266.704560	61.582901	105.627022
69.507603	270.926419	61.626681	101.225229
72.987994	271.450851	61.810920	104.717275
72.569061	271.586802	61.059065	103.248232
73.026199	273.348072	58.491478	98.747892
75.978709	272.613531	62.174023	98.446814
75.882807	275.838543	63.100865	98.454680
80.932801	275.011680	60.786975	104.930543
80.315939	279.143328	62.439560	94.905121
83.111436	278.299170	60.456982	97.843027
83.469380	277.453671	61.445815	100.856475
84.846226	277.257695	55.950195	97.443118
81.427486	275.427612	61.584147	103.524178
81.344846	276.302795	61.600799	99.479337
81.224194	276.674379	59.076359	103.183138
78.154976	276.447636	62.695240	104.123622
79.272573	276.106712	60.107714	103.697257
80.879615	276.403127	59.637928	101.746319
81.321049	278.310068	59.366600	100.636483
80.232902	277.071089	62.182121	104.090420
78.551061	276.480680	60.752689	100.636979
78.074995	273.458443	60.783512	101.084577
77.258802	269.561978	63.423148	104.521446
77.383007	273.869665	62.274604	103.372182
80.790794	276.116589	61.331645	101.005278
77.715791	274.371573	61.893087	102.330214
77.938736	275.253406	61.215139	102.842613
80.055411	274.537146	60.287656	102.708093
78.244531	272.462388	60.585494	103.987489
80.933790	274.672282	60.950354	102.919980
80.590346	272.151972	59.802137	102.636440
81.490980	275.174133	60.426689	102.543068
79.189290	275.657417	61.232840	102.239616
77.915551	272.066157	61.579159	104.341862
78.729205	276.490568	61.618189	102.703280
77.082001	275.903438	60.114869	102.854872
75.721913	275.259601	60.408859	101.700082
76.305604	274.164978	62.780824	104.788628
78.388231	274.783416	61.058018	101.678266
80.741944	273.312652	61.238856	102.875514
80.653633	274.281018	59.800485	106.739825
79.228052	274.985632	60.830873	101.559670
76.743850	272.473713	60.456612	103.220779
74.696901	273.297373	61.322291	104.443297
72.527316	272.621526	63.592540	104.167751
74.637869	271.398552	60.293256	101.228336
74.117933	268.018802	59.762181	101.681510
69.179524	266.543058	61.736870	103.704521
71.096135	262.350408	59.042667	104.447496
76.892592	270.960476	61.949646	101.591112
79.384113	274.678884	62.285026	103.788523
78.523097	274.585865	60.544842	103.491574
78.967001	275.463410	60.436837	98.584881
78.721970	272.816810	60.842690	102.055438
79.995181	274.281614	60.285862	104.725691
79.060286	270.786313	61.863473	107.002719
80.465392	272.852037	60.383283	102.790575
81.571346	273.750676	60.464298	103.451117
79.746214	278.346394	61.967484	100.267941
79.976833	273.617593	60.837495	103.172715
77.858959	272.567331	61.266263	105.136709
77.881203	272.844377	62.062182	104.669853
81.512221	274.712429	59.601828	101.350875
80.367579	269.464027	58.027201	106.894247
81.130977	272.882974	61.198710	103.018034
79.411252	272.036400	59.826533	104.109488
78.946185	273.473977	59.437780	102.847682
77.933524	272.861971	60.674214	103.300730
81.211245	273.427421	58.544715	104.006861
79.077369	274.468710	60.258193	101.734222
79.001164	275.311678	62.287036	104.013342
81.776351	272.672389	59.447406	105.957858
80.449887	273.437806	60.323445	102.853806
78.285685	272.590300	61.294011	103.253189
78.044265	273.028140	61.483367	102.506967
76.835288	272.964397	60.228524	102.245169
78.058705	274.545306	60.735725	103.700789
77.847618	271.991358	63.056177	101.846849
79.491094	276.670456	60.464378	100.839762
77.087667	271.573077	61.007886	105.188161
76.941842	270.503175	62.056797	105.439857
78.100291	272.096392	60.266764	101.113879
78.718704	269.091183	60.213609	107.822457
79.017277	272.967037	59.713069	104.038869
80.681716	273.613824	60.109052	103.839694
79.691600	269.321546	59.475410	104.440519
79.236617	272.381516	60.086076	103.558773
79.122593	270.915896	58.906339	106.354118
78.787873	272.127778	60.086043	100.895858
78.891425	272.690231	60.387256	101.637545
79.717161	272.046013	59.251680	105.936175
80.412414	271.014210	61.009393	102.844162
79.563815	271.216014	61.055684	103.098772
78.698886	271.910681	59.689896	104.390990
78.139122	273.375556	60.622351	103.403836
79.244751	274.748425	61.315667	100.680547
77.736619	271.137256	61.578656	103.906679
77.684989	271.181131	61.777843	105.873117
78.816862	269.973190	60.799475	106.219544
78.678732	275.675217	59.970029	101.185483
77.371366	274.176986	60.587247	101.569738
78.878063	269.243459	59.822181	104.724046
76.832219	274.194644	62.999935	102.181682
76.866846	274.312149	62.288101	101.695076
78.061772	273.511230	60.000910	101.657612
76.634687	274.157321	61.091400	102.470147
78.739013	274.838861	60.456236	101.155038
76.766897	273.569510	63.150727	102.885679
78.868873	273.695409	60.987460	103.329000
78.881758	273.046683	60.476219	102.200894
77.098541	273.731316	59.927659	101.309631
79.124921	272.996774	61.772417	103.065916
78.556343	272.153323	61.846052	102.502356
78.380889	271.651053	61.751850	103.539471
76.354377	271.128124	61.073694	104.864320
78.618265	270.657821	59.699461	102.586188
78.536436	270.954788	60.681908	102.691728
78.544876	271.815129	60.208036	102.505636
80.376122	272.782463	59.435700	104.813197
79.204695	270.501257	61.359164	103.117146
79.527614	274.601331	60.003127	102.445824
78.515546	275.792507	60.622687	100.712134
79.351851	273.140906	61.846455	104.500488
77.641917	272.870362	61.382069	103.397148
77.806632	272.422503	61.616283	98.842109
77.671347	271.703602	61.605885	104.035559
78.305603	271.553434	60.415193	103.755687
78.427464	272.029634	60.292970	102.100482
79.310626	273.527206	60.021265	103.149782
79.198141	272.302660	61.161167	103.251558
80.032579	274.213825	61.217227	100.739339
78.023963	273.541461	61.094027	102.094866
79.663966	273.129623	60.234415	103.916686
79.477233	270.704122	58.562869	104.786957
79.734498	271.689255	59.691891	103.590068
79.740963	271.559655	61.047910	103.670825
80.993508	276.164510	59.089664	100.885446
80.946567	271.048281	61.009467	104.939120
80.293721	273.238011	60.284677	101.545858
79.954227	270.816010	61.750156	103.150316
77.725677	275.398855	60.907283	103.732462
78.012361	271.561386	61.385495	103.543291
78.548258	272.250968	60.772790	100.016232
78.101172	273.730513	61.022246	102.102971
81.483721	272.487052	59.057410	103.150708
78.913803	273.360846	60.878663	102.790486
80.298681	273.599893	61.615892	102.461049
79.150218	274.280109	62.043693	103.230772
78.623557	273.747732	61.584955	102.143574
80.392551	272.913145	58.394763	105.338680
79.662092	272.844165	61.182776	102.294191
79.244426	272.940995	62.640147	103.665208
80.755555	276.139822	59.149995	102.847798
78.147923	270.957284	60.963685	102.535320
78.173030	274.197389	61.017991	103.788175
78.489790	274.634421	61.737174	101.277932
79.373295	273.851506	60.238293	103.242622
77.732309	275.622127	60.994662	101.148937
79.548245	271.063592	61.697493	103.963900
78.405751	272.661855	61.767293	105.031909
78.388679	273.932102	61.390019	101.875483
78.278177	274.546325	61.428734	99.369583
78.764142	268.846374	59.087989	104.360290
78.186895	271.020541	61.495901	104.653250
79.731999	276.507461	62.338887	102.938556
80.134031	274.057153	60.100865	104.920490
77.771043	270.529169	60.183951	105.766381
76.103907	270.975504	61.528786	103.138942
77.419445	270.896835	61.923391	104.347019
79.480482	274.259903	61.804376	102.829250
80.428105	271.798316	58.845128	101.569116
78.617938	274.106936	60.737556	102.528738
79.713847	273.304081	59.674790	102.606054
79.244172	272.744388	60.434963	103.065990
78.464976	271.684080	62.040427	105.463383
78.767157	271.843858	61.107517	101.003453
78.923257	271.286449	60.072479	103.134210
79.552682	274.497271	58.284741	103.894964
78.767042	271.568790	61.030469	105.779940
77.358203	274.815622	61.873050	103.259224
82.184191	275.847994	58.039243	101.326660
77.987090	272.506747	61.312159	103.061527
75.897547	272.131418	62.550299	102.982764
79.861693	273.880647	57.608844	101.792025
78.375639	272.755207	60.422430	102.027703
79.450009	272.585214	60.774719	104.811387
80.347369	275.481722	60.674265	102.836684
78.404228	271.606539	60.364956	103.433125
77.899482	272.401125	60.165763	103.978055
79.573075	272.945793	60.408668	105.791693
79.718092	270.906055	62.278507	104.474994
80.135491	274.599025	61.428925	100.108318
77.714934	270.799847	61.468912	103.932190
77.583646	272.458431	62.370875	100.403580
77.469783	270.651733	60.784265	104.408697
80.751178	274.514745	59.639970	102.260239
78.823048	274.717066	61.802522	101.296363
79.258527	273.405010	62.328276	101.825551
80.009253	272.116107	60.839736	104.448333
79.489967	272.105572	60.484724	105.385523
80.436815	273.938626	60.699552	103.750142
78.287939	278.813817	61.809566	99.543761
77.494099	272.807656	62.413003	101.884383
76.728693	273.328743	62.565508	100.433323
77.759199	272.489349	60.302774	104.049108
77.777131	272.584766	61.377505	102.280195
78.416986	274.094652	60.861059	101.837537
76.941893	271.919532	61.311090	101.849954
78.007319	271.824896	59.727660	102.340922
77.978998	271.337200	60.243953	104.260971
77.270667	270.284342	61.413114	102.834976
79.120432	272.607041	61.892062	104.567821
79.177700	272.894583	61.551850	102.550865
78.996346	272.835003	59.937626	103.306812
80.590436	269.394242	60.954679	105.956242
80.481997	272.879485	60.357387	104.399444
79.785784	274.088488	60.873617	103.522632
81.589651	272.596700	58.974053	105.759206
80.001073	272.950775	60.157650	103.234588
79.373037	272.250408	59.503823	102.948996
77.083527	272.169916	61.176354	100.495788
78.319373	270.035393	58.584064	106.706973
77.921220	271.169574	59.303470	102.395681
76.597231	272.448616	63.367231	103.716618
80.100888	272.671539	61.327303	101.110621
81.029603	272.765544	60.017754	105.038685
80.219614	275.253885	58.089794	103.018677
79.318919	271.805774	60.387159	105.108696
79.787970	267.742569	58.504912	104.669473
77.684642	271.180915	60.388316	104.982339
79.588551	273.573502	60.630764	100.432570
78.059917	271.255375	61.953914	106.976530
79.201254	273.341275	60.434173	102.564527
79.938524	273.275305	61.221495	103.217719
79.540197	274.152868	61.443517	102.274595
76.820264	270.517641	62.802492	103.314773
76.139183	272.666243	61.414605	102.858838
79.541158	273.482967	59.287780	102.598760
80.361162	271.713338	60.289297	105.600244
81.160198	274.634771	60.838279	103.566468
80.847193	274.172324	60.670438	102.940710
80.682134	273.763039	59.161861	101.792935
78.120280	273.872791	60.961695	101.692987
79.464447	273.369257	60.411675	102.898276
77.917779	275.573008	60.796322	103.554613
77.987176	273.642958	61.816411	103.173698
78.052780	272.717307	59.291721	100.997868
79.263294	270.994173	60.806574	104.105024
77.872154	271.490234	62.897087	104.355167
76.716517	270.864920	60.238777	102.108423
79.822668	270.666151	61.515898	103.454882
79.456295	273.323148	62.117361	101.459715
77.754813	270.873166	60.857183	105.531252
75.709750	275.006315	60.934598	99.811411
77.669095	273.119518	62.049241	104.547270
79.307201	274.602065	61.715087	102.138002
77.611587	274.457910	61.796582	102.447286
79.146766	271.248762	61.217601	100.439742
80.286399	272.508969	59.561324	103.288265
78.773403	273.911338	60.191312	101.151472
77.616532	271.288183	61.940988	103.318210
81.480210	273.305546	58.463309	103.927252
79.695924	274.581024	60.177261	100.189017
78.668407	272.341939	60.466162	101.626816
77.184147	268.806234	61.675818	102.921154
78.626968	271.159142	60.133079	104.450856
79.497762	271.368739	59.694257	103.352544
78.965642	273.418276	60.902790	102.054669
79.025345	273.528041	61.622799	102.714406
78.919966	272.498766	59.589638	104.915856
78.845754	270.696514	59.989337	102.036613
78.417880	271.110986	61.984337	102.770384
80.227137	270.081237	60.034556	105.320824
80.252940	272.196239	58.534741	101.000933
77.652499	271.633842	60.544470	101.248879
78.264144	272.457482	60.515086	105.385341
78.110433	274.519632	62.467613	103.856578
80.188017	273.614770	59.429096	104.584335
80.518005	275.064778	58.961671	99.867607
79.845175	274.247135	61.313913	102.326375
80.220056	271.190750	61.047084	103.812950
78.417411	272.470370	60.253680	102.497383
78.345006	272.674705	61.656414	103.694789
77.734945	272.782668	60.195586	103.256719
76.690684	273.390202	61.530341	102.581585
77.802192	272.512467	62.457502	104.098876
80.308055	273.204643	59.459887	102.432535
77.789221	270.221727	61.497921	105.363544
77.889604	277.672020	60.224002	99.275977
80.927275	273.298200	58.557414	101.601713
78.575046	271.426642	61.110734	104.746154
77.794765	272.583104	60.885670	103.198689
80.242938	271.409506	58.494698	104.645107
80.531580	274.351307	59.037964	102.550614
77.988686	273.010922	62.156383	100.718979
77.595364	273.350251	60.138248	103.337581
75.811821	273.200469	62.264751	103.003312
76.058442	270.946590	61.377584	104.832350
79.566696	274.272598	61.158665	100.964612
78.149838	271.148631	60.804096	105.308008
78.789698	272.279876	59.334765	102.160427
78.924634	272.872694	61.431437	105.558951
76.473897	274.196827	62.764711	104.285403
76.594373	272.363509	61.785859	99.891815
76.592964	271.263424	60.406616	101.647389
78.017046	272.780590	61.074398	103.856004
78.786264	268.966715	60.357447	104.094628
79.823031	271.032665	60.593771	102.057466
79.169200	273.445811	61.015123	104.504421
80.252697	275.953985	61.777860	101.376199
80.379642	273.711019	62.709703	103.174440
79.188754	274.690092	61.751228	105.942397
79.763340	273.692597	61.069281	104.297815
77.458804	272.820244	60.776002	104.017860
77.378789	272.067622	62.206478	102.689620
77.895757	271.449527	57.245302	100.785883
79.891733	272.702020	60.566993	103.409188
81.540145	273.979739	60.246441	101.869499
80.622427	272.318069	59.319855	103.571242
80.539775	275.004947	60.170900	101.801808
77.586333	271.795671	61.561551	105.857695
78.196587	272.388162	61.115633	103.745503
77.516003	274.873869	61.416116	101.086658
80.337713	275.060973	62.577762	104.955825
79.485132	273.527466	59.757989	104.245802
79.046254	272.617251	59.148038	103.825719
76.673673	270.099984	61.622383	104.378019
79.195539	270.355835	59.174699	107.120962
79.379954	272.854664	59.881270	104.732169
79.223798	270.310947	61.033649	104.670404
80.339737	272.009425	61.122567	104.632690
79.116836	274.833967	61.108130	102.740024
78.804572	275.912373	60.868819	101.256194
77.844065	271.019090	61.548594	104.583494
79.958840	268.484951	58.461367	105.308022
78.453646	272.425720	61.083092	102.132023
79.617544	275.915469	61.179112	99.970172
79.078362	272.165598	60.696955	103.849547
76.536647	273.735372	61.433196	100.864312
77.245681	269.853471	61.619958	106.370580
79.481349	273.999694	60.070683	102.761811
79.415262	272.827842	60.968093	104.921779
79.877539	274.846757	60.763173	102.222082
79.466176	273.343725	60.461025	101.007167
78.517927	272.521103	61.132960	104.492519
78.675546	273.760414	61.496274	102.659181
77.865562	275.817777	60.089778	104.938985
78.514293	273.028135	60.672184	103.797600
78.278457	272.701044	61.261137	102.774795
78.431895	270.426423	60.751547	104.958591
77.156394	272.332529	61.240909	104.263154
79.615133	273.558605	59.946423	103.019242
79.773899	273.862231	61.237657	104.541343
78.982438	270.404351	59.304695	105.207499
78.769863	272.143812	60.326916	104.757707
79.103661	273.120179	62.825959	101.735460
78.524056	274.705479	60.511534	101.070823
75.993593	274.839682	61.685613	100.774686
76.878288	268.607210	59.372807	104.497579
79.434060	272.701948	60.316076	105.135868
80.938068	275.404798	61.464360	103.309498
79.163851	272.227016	60.357899	103.143830
79.923091	273.453491	61.026119	104.498976
77.732364	274.861414	61.831183	101.363971
78.009106	273.178447	61.195828	104.704737
78.856648	271.648159	60.987364	103.793766
79.721769	274.619681	59.321492	99.095446
79.872521	273.387782	58.859700	100.972147
78.329948	272.287085	60.682995	103.317312
78.737434	273.845391	62.273237	103.544455
78.373494	275.109033	60.085042	99.185065
78.034828	273.138526	60.632623	103.329161
79.152899	276.415702	60.305291	100.165718
78.641430	275.147299	60.444707	99.913924
77.365444	274.393543	60.318069	103.783789
80.589278	276.946844	59.431232	101.062172
79.011347	272.093215	60.922147	102.938797
78.232025	272.182983	60.394050	103.459019
76.288969	273.302155	60.525713	101.846181
77.909588	270.669711	61.180807	106.472292
80.734771	270.744239	58.162468	103.949492
79.631490	274.150409	60.780460	102.933909
77.940104	273.988643	60.745326	98.971938
78.245741	272.790652	61.588271	101.651297
78.761008	272.186590	62.044501	102.639210
78.189244	271.269356	62.941601	104.167834
77.874778	275.830123	60.833227	100.385166
76.991681	271.354453	63.004775	106.262622
78.997313	273.814893	60.218814	104.597210
79.133619	274.200243	61.067351	104.939157
78.931460	272.875863	61.263701	103.386774
78.840764	272.268925	58.849442	104.159159
77.133164	273.640977	61.850772	102.558965
79.340819	272.724600	60.536605	102.035266
79.468463	275.285605	60.292595	100.407598
79.225460	273.446000	60.323736	102.440602
77.506543	273.430410	61.017013	104.623383
81.821931	273.969270	60.460196	104.229431
81.832971	275.823691	61.039677	102.787821
78.392762	272.613227	63.211908	104.035868
78.994438	271.894195	60.268615	104.562444
80.725070	273.459878	61.366019	101.088266
81.265094	272.820233	60.753921	103.433136
79.717585	272.186776	60.981743	103.291996
79.010938	273.811642	59.428156	102.698233
78.401589	272.114917	58.368760	103.495129
79.776160	271.693377	59.920131	102.160176
78.756301	270.609532	61.511725	104.591974
77.141195	272.258676	60.699826	101.475967
78.039819	270.639007	59.940209	102.916125
79.924571	273.327075	59.902305	101.453697
81.572383	272.980775	59.623677	100.119185
79.346904	275.104230	59.096978	102.886361
78.617862	270.531837	59.764382	104.225579
79.392505	270.843066	62.703369	102.014660
78.099866	273.483277	61.538892	102.563020
79.845354	272.080204	59.354801	104.829980
76.627440	270.125946	62.669592	103.854616
80.083219	272.817871	59.836635	101.739076
79.368618	273.577020	60.265526	105.261834
78.016169	273.521924	60.381179	102.694861
77.926740	271.691274	61.166453	103.501044
77.073132	272.498649	60.799500	102.666627
76.844141	273.240154	60.573341	102.760339
78.857787	273.747020	59.809751	101.672500
78.724550	273.482643	59.666434	102.022882
79.133380	272.596188	61.110658	104.407503
78.170221	273.721485	61.762966	103.517784
75.322132	275.997478	62.244101	101.740427
76.729493	275.226757	62.386069	104.655027
78.629798	274.384403	60.723457	102.861089
78.238955	271.022193	60.629078	102.827836
77.856169	273.412300	62.258853	103.110242
79.918825	272.457301	59.650976	100.734139
77.137757	274.993981	63.169126	101.937882
78.368610	273.810941	61.653460	102.071860
77.355140	273.694955	61.640418	101.193715
78.124381	272.755682	59.541930	103.146672
80.199117	273.757459	57.898859	106.000944
78.676805	274.201422	61.218990	103.768779
81.651877	275.009693	59.354453	102.241602
79.290638	272.210368	59.812802	100.619662
77.945964	271.433741	61.314446	102.949887
77.448858	271.884331	60.151689	104.453574
79.733585	272.297445	60.325361	104.628471
79.433956	272.567397	61.486841	102.230983
78.022298	274.168097	62.143711	104.259274
77.557692	277.045399	61.169316	98.832335
77.270372	270.969423	62.221305	104.127404
79.689136	272.330680	60.359689	104.198727
79.970220	274.583513	61.142011	101.072671
80.040586	274.286834	60.134311	103.854584
80.591543	273.703905	61.285146	105.570502
80.344684	270.293392	61.250488	104.885907
79.474303	273.565044	59.942141	101.190414
79.400528	271.768831	60.306121	100.961661
78.521764	271.235471	59.244072	104.354194
78.060390	274.183227	60.285082	100.748573
79.263387	273.708688	61.244766	101.449280
78.537633	272.214914	60.030406	104.390742
77.132001	274.161883	60.363674	100.552520
79.039384	273.686260	60.742393	102.006681
78.946991	273.220061	60.931435	103.738460
76.988553	271.949410	61.592458	101.934820
77.646317	268.404890	60.356904	107.603407
79.913071	273.647032	58.476789	99.167584
77.829791	273.455171	61.001370	102.693767
78.012083	270.185666	60.504504	102.965052
77.975856	274.892379	61.013603	101.303009
78.597081	272.401528	60.060287	102.099050
79.060510	272.970196	59.937524	102.325139
80.595854	273.194447	60.356481	103.393611
79.645492	274.541950	59.497923	105.000362
79.470386	277.104534	60.084701	99.126951
81.618181	272.203041	62.816925	104.540405
82.143381	276.601605	60.115248	102.223893
79.132784	273.176415	60.663999	104.865970
79.789712	269.489236	60.610872	103.533400
77.801798	271.416903	61.606351	104.268354
80.191238	275.411049	61.845628	103.710862
78.342264	270.529478	60.529413	104.575942
78.273097	269.475973	60.339158	103.313153
79.250548	272.299883	61.382893	104.813187
81.369922	274.049003	57.931419	103.186974
77.832222	272.956737	62.932821	105.763766
77.599141	274.306486	60.498104	100.777083
79.543606	273.818675	60.698073	101.738977
83.217285	272.746286	57.083027	103.615215
78.250453	273.534859	61.916012	107.318610
78.924630	275.289586	59.936953	100.317807
77.588145	271.600699	60.597340	101.667720
75.669815	268.774830	61.151470	101.353622
70.246239	261.999410	60.714294	103.782404
71.267147	265.524841	61.516263	102.408989
76.116351	267.295250	60.507875	105.379477
77.859578	272.663200	61.614671	103.092423
79.631796	272.836099	60.553565	101.075043
80.460349	273.956937	60.200028	99.256422
81.700627	270.651242	60.650281	104.532569
80.746280	273.162153	59.766140	107.689945
78.740375	273.651568	61.187931	104.429599
79.042187	275.018153	60.409751	102.341829
80.688027	273.914327	61.262895	99.931500
78.089335	276.320234	60.217722	101.267138
76.108785	273.363365	61.229862	101.484291
75.492230	268.103292	62.222468	106.398944
77.511642	272.491292	59.769067	102.416979
78.431791	271.091041	61.111412	105.875228
82.366502	273.249135	60.459583	103.304139
79.764473	271.534901	59.934646	102.791361
76.949225	273.620763	60.085350	101.943124
76.128248	273.719893	61.719781	100.358331
77.193140	271.719958	60.945146	103.548348
77.211895	271.159911	60.274121	101.997617
76.602101	271.433939	62.284947	103.978072
76.611996	271.680960	61.841421	105.434636
79.152564	272.116785	61.718226	101.998101
76.779935	272.129488	61.297389	104.765074
79.557899	272.671055	60.334510	102.690604
78.948211	271.058179	61.027740	104.639241
80.416875	274.766680	59.957441	103.234801
78.370586	274.745561	61.054047	102.444444
75.199291	276.500515	62.871775	101.384638
76.718156	272.241285	62.743557	104.130920
79.243091	275.749443	61.696560	100.788171
78.767856	276.126911	62.417087	101.900474
79.927973	274.825309	60.355969	103.026808
79.575698	274.064308	60.833254	101.092001
79.588277	273.486205	61.092872	102.319117
78.299476	271.170940	61.226548	103.793507
77.699072	273.789599	61.773394	99.142008
79.280158	276.214155	60.567046	101.565109
78.870238	274.064258	61.409307	102.251607
77.455038	273.917597	60.504803	102.324181
77.823650	272.291371	60.124844	103.854882
77.289687	272.100535	62.469218	102.429663
80.080006	274.343392	59.258937	100.190937
79.024075	273.398392	59.770117	100.837444
78.810849	272.474388	61.363351	103.141095
82.522868	274.916465	58.387006	101.855795
81.494111	273.958511	59.217292	103.354869
78.442295	272.528573	59.834446	102.505165
78.037498	272.803480	61.134809	104.157169
77.697620	270.507156	61.162000	103.252425
76.950870	270.593869	60.843387	105.602265
78.066309	273.018755	61.464092	102.510713
78.014195	272.604929	60.285870	102.978856
75.605097	271.249834	60.442230	104.010638
77.542928	274.071763	61.444806	101.471269
78.617449	269.045778	60.977367	104.001836
77.987762	268.225559	60.248538	107.612867
81.050608	270.083363	59.700304	101.591159
78.260532	272.067934	60.788917	102.210850
79.616641	270.457696	60.907790	105.092458
81.603296	269.601842	58.103962	101.654314
79.988837	267.743668	60.812418	104.331274
77.695648	272.382948	61.997865	100.394764
78.543402	267.585250	61.320526	104.324274
77.466891	270.228537	59.067267	101.799272
69.708380	269.147561	60.442209	102.422352
54.105552	269.897647	62.848705	103.615012
47.913653	269.300464	62.068531	107.047194
47.712658	269.536669	61.120258	102.095660
51.454376	267.582870	61.148191	102.395627
57.378936	265.192305	63.881613	108.192033
62.578277	261.935276	60.488164	108.690258
64.267724	259.710167	60.823734	110.368252
65.852497	254.165144	58.354850	111.755705
65.374148	256.868571	65.514322	113.802613
77.335601	253.713523	62.386996	113.097424
79.028542	252.069797	61.632441	102.836190
82.323821	248.709989	59.885767	105.924295
87.962764	247.262445	62.392195	103.444947
91.932608	246.748243	60.699695	104.479825
97.816468	247.339736	62.457416	103.413308
101.415080	249.256840	61.081625	102.924291
104.629306	244.822194	59.608897	107.423937
106.281676	247.513371	61.740097	105.207646
109.377956	242.738309	62.295178	106.730802
111.286301	245.248406	61.039467	107.943677
122.196425	244.688567	60.252546	104.197533
130.438802	244.033494	60.517370	106.116760
141.649842	241.974507	61.133226	106.817682
148.009617	244.165189	60.892060	107.731211
147.140944	241.437395	62.461429	107.386270
158.008934	240.995485	60.675648	105.283019
169.549078	242.911084	61.082233	102.471472
174.879859	240.068892	61.617103	102.260553
177.749095	240.290090	63.086491	101.763545
180.311421	234.735599	60.181631	103.292776
184.893746	229.456482	60.614976	103.504501
190.954582	227.058497	60.046637	107.186250
197.458339	226.134294	60.211642	105.194516
207.001669	223.882925	60.177381	102.405161
208.764165	218.057757	61.266859	106.669401
210.344136	216.733651	60.995312	101.539972
214.378971	212.696257	61.625531	105.771681
222.441509	210.049050	61.711189	102.576728
229.830844	206.850977	60.400509	109.497918
232.726454	206.701518	60.805821	101.846829
233.959332	202.889582	63.368602	103.754827
241.457253	201.875534	59.270297	103.115926
244.763473	201.799406	62.028261	103.915357
251.681813	198.592710	61.634492	105.208598
255.413452	200.932091	59.566440	103.687907
255.408163	198.219837	60.748138	103.800286
258.789841	197.218958	58.968285	103.004879
260.364993	201.787009	61.377421	100.966999
262.772779	199.339383	61.774315	104.281183
262.664257	196.177348	63.065906	104.118933
264.194212	197.917794	60.256565	103.766164
263.817322	196.451539	60.594567	103.393733
265.558455	194.281078	60.457849	104.707123
265.143245	194.705308	61.539188	103.030764
266.113803	191.829475	60.948010	105.189202
262.281452	191.204016	62.289988	102.079949
261.130283	187.683236	60.961283	103.764839
260.970564	188.838059	61.519069	103.316273
262.439303	186.812148	60.575983	103.950984
261.136881	184.447013	62.321140	103.640504
257.915748	181.028642	61.368586	106.981306
253.203762	177.742850	61.583710	105.429092
248.315036	175.539125	60.091005	103.543352
249.935902	172.797419	60.888727	106.578630
253.526721	169.135826	60.671105	105.672425
252.937918	166.700942	60.824504	104.014273
249.850459	164.506364	59.997274	105.280982
248.427682	161.320219	59.287158	107.037776
243.925336	155.922820	56.992508	105.519887
243.584752	158.176724	55.492413	98.245373
249.846091	155.467461	59.878891	102.596246
252.801557	152.690375	59.956232	102.129627
251.957242	149.189950	60.138225	103.045991
251.190201	146.909244	61.934663	101.962733
252.773166	142.879358	61.275024	104.709200
254.624796	145.170209	59.713842	102.947513
256.361477	145.238885	60.606107	105.360530
256.804083	143.256671	59.754149	103.466370
257.769619	144.135351	61.345488	99.181793
258.759495	146.473045	58.061341	96.522607
261.716410	144.156356	58.112310	99.438171
262.459390	145.363515	59.557108	98.679402
264.605965	144.179291	58.485855	97.506337
267.986062	141.908632	61.635414	100.138456
268.615561	141.649705	57.321367	103.793251
267.881177	140.093588	61.140110	104.286768
268.521135	142.106303	58.876307	100.221279
269.469389	141.192065	60.763990	104.168572
273.318411	136.980540	61.861897	101.420404
271.767019	137.686169	60.825634	101.804233
273.253588	134.112940	59.800413	104.519119
273.798377	132.859532	59.422348	108.037263
275.795802	130.950174	58.517973	103.571903
276.372367	127.775688	56.711560	101.781329
275.022830	125.181314	62.212108	95.553165
278.239802	126.131057	59.853322	93.763287
277.516952	118.170361	58.252221	100.549831
275.979150	120.190452	59.781989	99.753082
277.305430	116.051422	59.458729	102.391586
275.483789	115.198387	60.189432	97.976684
273.949705	117.918284	59.771190	97.719245
276.822644	114.168112	58.280169	96.760021
272.455602	117.953886	62.415171	97.800613
273.589704	118.236174	60.365541	99.072994
277.075572	113.516940	59.921065	97.808424
274.735601	111.799871	62.797582	92.842695
274.800095	113.655534	58.434556	101.370413
275.647487	113.820518	59.283752	99.193875
275.534294	113.764138	58.385406	101.267245
276.904107	113.992255	57.890403	101.072327
274.327067	111.669745	59.699759	100.119875
274.414354	109.478195	61.260481	106.540464
273.531121	110.053564	60.975512	102.246749
273.358621	110.345166	60.547809	102.380055
274.364404	108.533279	59.359266	104.786318
275.590409	110.923316	60.654714	99.293914
275.851198	109.674170	62.004502	102.035079
276.754839	107.820021	61.906282	103.900758
278.791847	108.012662	60.936907	102.238161
280.806985	106.821002	60.723037	102.604675
282.867268	106.983394	59.776520	102.370162
285.361771	108.268515	59.053595	103.571053
285.810655	107.908922	61.700744	101.512899
286.513538	109.258778	62.462459	103.231073
286.862115	111.165943	62.973088	97.488175
293.081862	118.773008	58.852119	99.727247
297.121669	120.416837	60.538342	104.642119
299.732393	124.803389	61.041133	103.183786
301.364344	130.266005	60.599601	104.715227
304.004381	128.233465	60.342647	103.220916
304.955735	135.176260	61.858837	102.861384
307.033835	140.530462	61.363286	101.069053
311.471161	143.868684	60.705405	102.769013
311.700552	150.639439	61.153777	101.985341
315.199124	157.560102	60.152512	102.659682
320.322342	161.712082	60.892300	102.857137
319.076410	163.320401	61.452216	104.745400
324.807455	167.137863	59.308779	101.673061
324.045967	170.007085	59.947759	99.372703
332.801983	173.962107	62.621458	104.209828
344.325777	176.234546	58.319389	103.365365
347.420527	178.117375	58.995017	102.317979
359.250184	179.841175	57.137443	101.988435
367.094780	178.613445	53.231639	102.335588
374.077963	175.826612	61.710555	105.751980
386.944040	175.310161	60.262975	107.218637
401.460943	175.660131	58.482623	102.382852
416.090830	177.403126	58.771693	103.965421
430.985028	176.626808	61.935338	103.748191
438.592994	174.931826	61.759914	105.227556
449.166072	179.347351	59.775917	96.907212
469.646768	173.784735	59.009242	104.792095
482.963668	174.078042	60.001161	100.139328
498.530812	167.600453	59.125613	99.575948
504.973897	166.775821	61.773407	100.263142
509.940246	161.449182	55.825710	109.785594
515.866097	158.666437	58.024148	99.481677
517.961793	152.668635	57.021051	102.608025
517.409755	151.250508	59.178532	100.003469
451.000000	153.000000	101.000000	154.000000
453.742088	148.184356	100.432733	155.251365
448.334505	148.413043	99.387171	155.122697
442.201280	148.485714	103.192051	152.845128
435.075827	146.679566	101.817886	156.964464
435.503736	147.864458	99.711832	154.775759
416.240803	139.371400	103.019132	155.315511
406.201497	136.049981	101.892890	154.122922
395.354049	134.718486	101.027301	151.475462
384.361387	130.979684	98.115036	152.388155
370.929142	129.076905	100.926922	158.814403
366.454659	121.998134	100.056872	156.019569
354.048595	123.024201	99.212931	146.417570
344.119853	118.418565	98.637123	146.903208
335.541581	117.223925	99.934329	142.589432
329.807260	112.631989	96.622512	154.378341
323.188710	113.311301	100.226064	153.600059
318.851976	108.699096	100.499096	157.938130
315.417683	107.678042	100.879447	151.597751
308.395660	105.147849	100.384038	152.235522
306.834458	102.759912	99.796773	153.425599
307.211615	99.789984	99.422081	149.722305
308.171544	93.996686	102.088471	152.934727
307.739965	100.639965	96.405420	155.656512
306.728323	101.515095	104.378693	149.376510
311.687451	99.025353	100.159217	155.200661
311.657685	106.500895	96.540030	151.726480
308.992814	110.586906	99.672418	156.858621
313.416867	109.584648	93.748694	154.100342
311.285581	108.542989	99.916234	151.145062
309.514428	108.670149	100.088375	158.725685
308.053296	115.132130	95.276807	158.474080
299.779863	120.502174	95.965135	153.816003
295.554880	129.929744	97.780787	159.488131
292.314881	133.029385	101.285215	152.656812
290.874008	137.016153	101.512820	152.031976
283.476049	144.704513	97.396690	152.507182
277.046309	148.983370	102.381669	155.259741
276.104895	159.099377	95.498392	149.239453
268.028697	159.749511	99.629138	154.533461
262.649448	161.563059	98.622387	154.470090
260.050384	166.454924	99.805047	146.705930
252.947509	156.535883	99.726574	156.656693
244.880184	153.990213	99.575917	151.282988
239.931119	146.048191	100.334293	155.493359
235.420862	140.164848	100.345701	150.203455
231.648409	131.787182	96.365745	151.200686
232.453816	128.733652	96.834905	152.165652
237.204671	120.088583	92.116062	145.394353
233.982968	114.744860	95.598588	149.683253
221.914885	98.003958	97.281662	149.216908
224.588452	93.530047	101.004691	151.922537
220.341430	86.554900	101.786161	152.327991
221.642430	81.482262	100.946969	155.419037
221.605958	72.178770	99.062869	158.733976
225.405512	66.892480	102.785890	155.099255
230.040610	63.073984	98.386485	156.910724
228.388854	58.601353	99.963094	155.530403
227.597647	53.271520	99.063363	161.211179
231.378834	57.394986	101.092913	151.709607
229.530808	55.005076	97.752355	150.217839
228.685273	57.334473	98.395776	151.375634
222.992488	55.484264	101.252773	152.719349
218.128965	55.718494	100.377132	155.415483
214.338014	53.421156	99.415935	162.018497
210.023308	61.834687	102.019491	149.170079
197.640813	64.902907	101.531924	151.843505
186.540933	62.510736	102.775730	150.826588
185.403919	66.236810	98.285357	148.035159
177.046550	62.926917	102.035155	151.396484
170.313471	66.391205	100.520174	153.285540
168.947641	67.603725	99.054508	152.238600
156.595305	67.235855	100.581740	153.968347
161.377302	64.130255	93.638896	152.190177
143.712095	60.576283	103.133115	152.312678
139.507448	61.026346	99.506017	156.968123
138.436473	62.689110	99.283180	151.484070
137.659886	60.494824	98.576663	148.306677
136.126541	58.738127	100.619846	145.000883
132.953347	52.871195	97.858022	152.060290
133.066513	55.972464	97.520488	151.666394
128.944936	51.404639	101.846558	153.507046
129.626494	50.716808	99.475223	149.116173
132.093597	51.183592	95.560794	152.241529
128.416083	48.577242	94.169497	148.212120
135.855957	50.334025	96.582263	139.469327
136.471155	47.264146	95.978058	146.217675
134.657252	45.123204	96.277913	147.421326
133.598770	45.379600	100.287111	145.476961
138.219018	48.414997	94.304592	136.725099
135.333937	48.963193	97.020488	149.685973
139.198283	47.539517	90.843990	140.535025
134.988941	48.552156	91.620748	161.728001
136.640373	47.076055	96.974179	154.938728
132.946136	48.371521	102.887511	149.691790
138.711519	45.647614	96.156111	154.773253
135.542986	46.520794	101.297295	156.037294
136.382431	52.155261	100.605418	151.812886
137.730831	51.837701	101.010148	153.428945
134.320542	48.468889	100.409334	152.443850
133.126423	50.953164	99.593182	145.392467
133.086727	49.016138	99.137797	152.213461
131.285956	52.705317	98.036772	153.132580
127.565856	49.325461	101.524407	155.724580
125.458874	53.579486	100.773476	149.485848
127.809834	51.694561	98.571508	154.954728
126.994529	52.170911	101.796700	154.779060
125.286211	57.667188	103.001941	151.227318
128.344512	55.882119	96.891146	152.230173
124.413805	62.116721	101.283370	152.606073
121.948761	64.588991	99.952927	149.237242
118.273193	67.825773	100.009263	153.248280
120.621944	65.860306	99.426675	152.087771
115.650906	69.332472	99.287083	154.933293
116.499520	71.674943	101.411042	153.810130
115.191459	68.519175	99.983928	150.279176
110.079285	67.114100	102.943023	154.379697
111.720973	71.095143	102.188020	150.952186
110.872779	71.668717	99.959474	154.601264
111.681575	72.900113	101.442317	154.083919
109.682293	74.457358	101.542111	153.190732
104.519305	72.968685	101.929026	152.548943
105.080981	73.052834	101.726972	147.895663
108.338738	72.938782	100.180869	144.517711
107.652831	70.967639	99.054674	148.405062
109.414870	72.690663	99.985226	152.786133
107.604052	64.841025	99.148272	154.749414
107.372770	70.098312	100.783136	148.156617
108.761335	66.175685	99.352142	150.211682
111.916754	67.656379	98.965897	149.231433
108.801395	66.019894	99.552685	148.163389
105.738050	58.538606	101.164020	159.442320
111.691130	61.825961	96.317594	156.752619
111.512538	61.002301	99.920618	154.025149
109.400127	64.018240	103.218575	149.139616
115.243460	62.478315	97.183252	150.656587
112.783744	60.987029	100.908077	149.641281
112.430191	60.292400	101.124759	152.685452
116.349009	56.175030	97.324009	152.238632
120.582981	56.439058	100.661888	152.099227
122.620374	60.575470	99.074103	149.578029
121.317090	59.451000	101.535814	153.619384
123.061674	53.738229	101.163974	155.296235
125.747906	55.605616	100.377039	152.818682
129.709093	53.693386	97.663673	154.978310
126.217383	56.630892	102.157678	150.127871
129.664754	52.525964	101.227431	157.527006
130.988873	52.556223	100.120338	151.313533
132.100496	51.954538	103.926437	150.231911
132.868063	49.399931	100.624171	151.411395
135.986375	46.820726	99.703209	151.867692
136.596099	47.646286	101.072681	155.478933
140.133783	43.739238	102.120402	152.098757
141.519889	43.975661	99.784649	149.518713
146.704071	41.748695	98.010487	153.563819
146.063298	43.468920	99.948873	150.536790
148.397535	43.029266	98.985978	151.009445
146.499800	41.908488	97.906046	152.916719
145.250958	39.738726	98.920829	148.715586
146.967331	37.650876	100.401805	154.484446
146.503305	39.074404	100.338292	152.628681
147.500338	39.753280	102.774726	155.851675
146.422499	37.462959	100.668268	146.258290
149.539149	35.367242	98.722809	148.599321
152.107979	36.656299	99.636506	150.923470
152.395339	39.733508	98.189958	143.773622
153.777375	37.933620	98.724352	149.127589
156.849897	35.098280	91.447714	149.959116
158.293609	34.184847	96.502048	153.445759
155.088400	36.784350	99.758690	142.619089
165.551560	36.295386	90.814638	135.888000
161.648222	30.927607	98.551164	147.326290
161.648483	34.529008	97.963099	142.184980
161.980292	25.208013	97.996858	155.298635
160.735146	30.508472	101.190609	155.746978
161.332135	31.035346	103.250301	155.755427
164.996320	35.195604	100.462079	151.352381
167.375744	31.637202	99.055805	154.565667
165.876878	33.390590	101.955928	155.665781
169.320404	34.446582	100.218670	148.351050
167.235137	32.526496	102.003364	149.044651
167.040082	35.370256	101.991741	151.917894
170.061562	37.945481	101.235371	152.552000
170.955514	34.675343	102.804698	152.730675
172.870429	32.478755	98.107220	151.229113
168.147696	33.516872	102.998346	147.877060
172.103291	27.968629	100.582744	156.797345
172.279009	33.060548	101.479927	149.027311
171.434799	37.532639	100.686552	152.070393
174.558610	38.941089	99.143642	143.277522
171.043957	32.288655	104.829758	153.514138
171.129000	34.410769	102.371876	152.185101
176.804326	27.655282	100.203462	157.181347
177.560908	29.260555	100.821501	153.267071
176.203872	30.104662	100.058401	150.274188
177.286248	28.640135	98.616557	156.671755
171.042195	30.932775	102.281569	158.355221
174.371762	34.085502	102.334264	146.664123
174.592107	31.222569	98.634158	152.298532
174.258802	33.261044	99.302133	149.269757
169.491135	35.193844	101.217367	154.768179
165.917514	34.374648	101.625626	148.756216
170.571131	34.984701	101.053225	158.173954
168.690638	37.241357	100.866845	151.391334
169.064573	30.021379	99.366893	152.722948
165.242852	39.593763	103.360237	150.158094
166.961516	34.864289	102.931869	156.359835
172.206814	35.769150	98.810474	147.300337
168.157212	33.322820	102.328783	151.216412
167.614788	34.102539	101.177734	153.564928
164.121362	29.601225	100.646296	156.593537
168.326742	32.539859	100.620385	152.018325
166.566709	34.260977	103.179133	149.817258
170.171923	33.389034	99.760301	153.461326
169.827121	35.702663	101.388025	152.964679
170.523080	33.772372	102.082263	152.678362
171.028161	33.145419	99.991485	150.422703
170.127978	32.685281	102.722265	157.051864
172.976351	31.433602	98.537310	155.696459
175.137177	31.547013	97.110481	152.542579
175.413494	31.734802	102.678737	153.152780
179.645945	32.424499	98.830606	151.257858
179.007259	32.818833	102.102875	148.899909
180.927126	29.982407	97.872453	150.203951
183.250924	30.479445	100.111197	152.741343
182.819000	33.835039	100.579316	149.160382
188.973397	32.103720	100.785848	149.503595
184.232747	33.806581	100.078298	148.278383
186.963662	34.461844	103.453719	149.937572
195.458923	31.871738	100.553291	150.397856
198.855109	32.398505	97.283667	149.761993
200.525231	32.708847	98.427686	149.474068
206.703369	32.110800	100.164259	144.080398
208.404907	35.626999	100.356811	150.197777
213.289053	33.228410	95.616730	153.729446
214.461006	43.935510	101.122265	146.853509
225.406683	42.506598	95.827502	144.761526
224.968859	42.262242	96.700081	146.665955
224.428107	48.141018	101.334527	151.151718
226.523089	51.898387	98.073343	149.720285
230.962983	50.946145	97.425245	158.874319
225.574316	56.175736	99.103884	155.476947
233.272908	58.257523	95.958539	158.262267
238.502458	64.551096	100.372478	150.746532
237.457719	71.816514	103.936782	149.049461
255.541346	78.134007	94.892456	143.351294
284.790434	89.514424	80.948376	145.240232
283.580808	92.354063	94.138551	136.160969
275.644215	96.057144	93.158958	151.301164
277.910815	101.499132	102.529155	155.597205
285.464572	107.716344	100.802821	157.834220
290.779184	114.909605	99.362005	152.246039
292.748315	121.949024	98.155796	153.068520
287.789690	126.800535	101.522469	154.259458
291.285142	131.991156	98.553165	157.014874
293.389563	136.585589	100.332726	157.421596
299.070192	140.927470	99.959876	152.672010
303.210967	144.237471	101.523663	153.818629
300.116407	147.938414	103.036915	151.904363
300.047251	152.684753	101.248544	152.111741
291.312374	155.949251	102.897978	154.411593
297.740425	162.497405	98.349856	153.927724
299.371627	160.804229	99.319221	153.677088
293.017002	165.213708	101.030536	152.769796
292.000766	166.674753	102.500798	152.653863
297.804271	166.435966	102.069822	151.530564
296.270030	174.754001	101.260616	152.824407
294.915907	176.146761	100.995479	156.221238
293.431647	182.109570	101.589944	156.823571
293.458318	184.521556	98.075111	151.240517
293.424795	187.912759	100.854568	151.835152
294.314975	187.610717	101.820405	155.914552
295.127166	191.396396	100.093857	152.100385
291.860014	190.781785	101.569147	152.909215
295.276326	195.133872	100.343684	149.837802
298.981545	201.563080	100.222318	154.112977
296.030768	202.899637	98.758340	149.048758
299.670374	200.782768	101.128087	153.620049
300.847101	204.935020	101.165923	151.751209
305.453799	203.503351	100.603438	153.782345
312.687860	209.055390	100.816918	152.349166
311.761784	210.721833	102.415095	151.278716
313.107676	209.435838	101.886432	157.436010
315.188962	215.606344	102.268332	151.765196
317.027931	215.729890	100.077176	153.003880
323.866480	217.587086	98.507054	151.028696
323.733098	215.338563	97.088022	151.038088
323.654157	215.920841	99.362441	153.168742
326.145390	212.880103	99.540420	149.205286
323.492003	212.877115	101.049752	149.647405
323.240858	210.215863	100.919410	154.096827
325.480407	214.918130	99.235991	149.630869
323.078325	213.127344	100.396821	151.665657
317.333528	218.594193	101.497477	147.361525
317.420921	217.300820	98.724129	154.837085
