256.000000	152.000000	73.000000	210.000000
257.626804	153.177240	72.588000	209.509512
257.323741	155.211772	71.259188	212.541910
253.677445	148.781232	73.560974	215.049473
253.723849	150.998059	73.061735	210.972532
255.901561	156.562487	72.520215	207.872521
256.808354	151.471488	73.110565	206.137442
255.153902	150.168901	74.017025	213.299922
254.876417	149.140564	72.879963	215.106429
256.019665	142.337096	73.062546	214.477594
254.247820	150.940362	74.275366	209.762886
253.947192	161.557884	74.747793	207.027974
252.464386	157.904613	71.725782	206.583352
252.293298	155.240850	73.635933	207.284643
254.999211	147.354444	72.438996	210.312283
253.697479	146.242350	73.736106	213.303704
256.168814	156.176318	73.357162	206.468362
257.804079	157.814612	70.876416	210.410428
254.853122	153.383497	73.814672	212.079089
253.493948	146.891405	73.357059	215.171354
253.676127	149.540956	73.623663	207.608505
254.723755	150.132249	73.089336	211.548989
253.654200	151.148632	72.709366	207.508048
254.100777	150.955754	72.678966	214.516910
254.334561	150.477856	72.340957	214.799470
255.313482	156.012411	74.110959	199.199896
254.497005	152.611685	71.600764	208.378230
253.073407	154.395239	72.557705	209.776741
255.102367	151.958526	71.934480	214.170331
254.846139	150.145651	74.446255	212.931502
254.115338	154.450497	72.576359	207.141117
254.055953	157.784474	72.337418	208.244643
253.405571	152.158459	74.763625	208.015130
251.745069	152.681074	73.992860	210.656802
256.160546	150.284277	72.046525	212.622856
257.456842	150.555521	70.688360	208.102171
255.974913	149.103982	72.834663	206.689452
255.104112	153.203474	73.942908	209.188814
254.321693	151.099961	72.523031	207.876394
254.912101	149.070154	74.572742	212.308065
255.589857	153.946920	71.632514	213.876017
254.244280	157.186564	73.311414	211.212914
255.213615	152.832294	72.077013	211.308177
252.556206	140.358308	73.071341	215.227114
252.689274	148.178918	73.859392	206.619135
257.511320	149.054389	70.993215	208.475773
253.954969	143.057819	74.157573	213.567646
254.731704	150.352012	73.850728	209.831194
255.163563	153.177950	71.687518	203.666244
253.523170	148.618755	73.804946	208.111045
252.238882	150.885889	74.317920	215.782418
255.079511	151.514875	73.464629	212.704604
251.919077	149.140124	73.647915	207.230393
253.059230	153.669313	71.266342	209.213753
253.732356	155.006285	73.109769	204.260710
254.231622	153.324693	72.077780	207.567441
255.955197	155.709486	72.941550	210.225822
254.848924	151.773367	73.240319	209.577682
256.435675	152.083309	70.967738	208.211221
253.418370	156.023199	73.368539	206.075732
254.256999	155.592646	73.766899	206.179340
253.718103	153.663523	74.147119	208.309576
254.655266	149.260398	71.998427	210.835924
255.085352	153.998344	71.868086	208.532116
256.080362	149.174295	71.894837	216.342504
253.537961	156.189155	72.014487	211.327350
252.714325	151.307236	75.584933	212.401426
255.088076	153.592483	74.371016	207.583084
256.715139	150.783802	73.854003	214.262091
257.137383	154.462813	73.075387	210.963408
253.966750	153.611477	73.103985	208.319723
256.150141	151.017379	72.448107	208.745553
256.296504	156.142831	70.200765	208.106258
254.582169	151.420008	73.893650	205.873259
255.697547	153.321683	72.366348	208.224418
252.298197	156.774572	74.036276	209.784393
253.737424	150.278171	73.900399	214.178666
254.790752	151.244657	71.666108	213.038001
252.219345	148.653690	72.693168	210.559687
254.106959	148.236766	73.529340	208.536278
254.312460	152.473071	72.993081	211.735795
255.585663	149.813820	72.995943	209.133713
257.407967	152.335990	73.390019	210.030171
256.015503	152.423205	73.281415	208.379807
254.493257	151.449947	71.690130	215.144941
252.923779	151.287995	73.701461	209.691811
255.086986	155.603649	72.125922	209.765995
255.980970	155.808513	71.826703	206.557561
254.257522	153.730621	74.346168	209.621971
255.241271	151.315850	73.142014	210.368222
254.358475	155.180823	74.240876	203.716726
254.305370	152.092313	72.038105	205.407699
253.437006	153.252528	72.674364	213.922012
254.073024	155.275147	72.464743	208.515417
252.071763	148.902106	74.419144	211.224130
252.984987	155.142690	71.817049	205.766114
254.501765	155.348245	72.815204	208.703605
254.574522	153.446685	72.155431	211.908752
252.373710	145.426484	73.388577	214.987034
252.744948	149.807967	73.865791	208.951412
255.394228	149.904345	72.956945	209.481669
253.325046	144.252497	74.482813	213.594441
251.852243	149.976542	73.859020	211.792784
253.435491	152.993015	73.368309	209.562307
256.097803	157.056473	73.493426	211.681334
256.350598	150.608197	72.682875	212.816858
255.010149	154.578561	71.833533	208.625560
252.593053	153.117524	74.429615	212.108610
254.736878	149.892638	73.497039	207.828044
256.839127	148.472985	73.168058	208.558059
255.186984	150.334362	72.357633	209.932914
254.922199	158.149861	72.105483	209.815314
251.249039	154.418521	74.559488	207.636157
251.971687	152.747325	72.679736	214.399819
252.224800	153.703546	73.222064	206.489540
252.184367	145.037522	74.224149	214.529567
252.157379	154.199748	74.837624	209.322069
255.583106	156.732074	72.484572	209.554824
257.106264	152.354032	71.449412	213.316464
253.830351	153.329744	73.692774	208.915414
253.374307	146.745266	73.087016	214.692919
254.268504	148.604993	73.018312	215.006123
254.115288	150.811632	74.235779	207.234811
253.453371	147.643342	74.695557	213.744604
258.196299	149.980357	73.969171	208.476891
255.410521	153.160228	73.845037	211.132196
253.193049	154.064713	74.736126	209.719555
251.420197	149.308780	75.127642	212.963080
255.860176	156.136233	71.053302	209.400435
252.643014	151.889173	74.803418	213.364962
255.815495	151.818083	72.378733	209.978700
253.716462	148.642631	72.453734	209.235641
253.801685	147.970525	73.933263	213.680276
255.088556	151.535817	71.624648	208.589996
252.284930	144.705382	73.037468	210.798838
252.583959	146.665902	73.453744	212.717029
254.584844	150.394095	72.393339	210.967467
255.078674	153.497527	73.378449	208.776753
255.327362	151.175208	71.957136	207.116964
255.487549	150.165355	71.627001	210.270030
255.583911	154.321711	73.494201	214.041860
256.479186	154.458316	73.491567	207.659445
252.176206	156.479879	73.262885	207.239148
252.446786	152.292285	72.905515	215.136167
252.595574	159.324855	72.223158	203.906625
252.238419	150.769144	73.659869	214.967568
252.743571	153.479356	73.220822	209.313958
256.311707	154.278696	72.121688	212.115952
256.177255	154.960778	73.407495	209.479837
253.552925	145.232021	73.655042	213.034172
250.946545	155.544724	74.269264	208.844900
253.325287	149.555484	71.035659	211.885775
253.698996	153.222479	71.913076	216.411159
253.785883	146.727681	70.807095	217.814017
253.835535	151.453001	74.720629	208.963779
254.093341	147.720273	72.412872	213.621877
254.205585	146.397999	73.893938	213.836611
254.989916	153.030905	73.416117	209.197052
254.792901	151.948837	73.470852	212.530464
252.225813	153.702437	71.827386	210.422374
254.692976	152.655052	72.897788	207.695006
254.338988	145.522702	72.901402	204.931021
256.840147	150.356738	72.112960	212.530440
256.177259	151.652954	72.185999	211.770255
254.049090	151.997999	73.195515	209.468093
256.323036	154.128199	71.953330	206.850785
252.586518	153.963724	71.950195	209.257403
250.151065	150.175557	73.519227	211.766775
254.977695	154.902647	70.458829	205.227141
255.861243	162.703126	74.509020	208.375078
255.319421	151.364513	74.253516	215.142995
252.259348	156.620342	73.623876	205.508572
250.602448	154.668644	74.123504	206.255522
254.875999	157.275579	71.140893	203.674385
255.651132	150.977691	75.364086	210.958428
253.812597	148.893479	73.386278	214.001743
256.419270	152.437007	73.095841	212.413965
255.954434	152.098426	73.128232	206.712323
253.632791	149.001257	72.978047	211.611711
253.962225	152.483256	72.772721	211.923503
254.610874	157.683911	72.857495	205.461817
254.242385	161.545526	71.825330	197.022210
254.397481	150.630401	73.728704	215.913777
253.257114	154.195526	74.156707	214.211193
253.117117	153.733019	73.836398	207.804586
254.013024	150.280268	74.438002	206.223984
253.847983	150.017985	74.312460	208.969278
253.166165	144.972333	71.055565	217.174737
252.454602	149.722395	72.571310	208.183583
252.725758	148.413575	72.344565	209.413463
250.905661	150.420404	73.419911	208.796762
254.977723	148.567748	73.035882	213.538946
255.735201	150.750142	75.057439	210.880802
254.689498	148.113345	71.864621	213.023779
253.525408	155.925502	71.807725	201.695917
251.208294	150.341009	73.286505	209.229437
253.251655	155.475052	74.472395	205.609634
254.194929	150.837840	73.679535	212.742503
254.409997	152.703776	74.296125	210.700486
256.461762	151.607267	72.844690	208.732610
254.643402	149.691750	74.370435	210.769317
257.870525	147.398338	74.469612	212.592133
255.631675	152.433362	71.177444	212.113558
253.840865	150.871660	73.613259	208.982458
253.346552	150.274813	74.258843	210.037137
255.688590	151.684780	71.581227	213.779531
254.498354	156.625945	73.081509	211.557062
254.920511	151.468295	71.366640	209.564009
254.475591	150.024540	73.721369	210.226084
253.224658	157.223617	73.291920	206.661881
250.020304	153.820498	74.356600	207.636099
255.034418	144.611429	74.301044	212.186238
255.517031	141.624476	74.678934	210.522488
255.330879	146.146272	73.820564	210.945439
253.329106	153.838026	71.658728	210.156832
254.653899	149.684392	72.048395	210.424698
252.693175	146.280980	72.637012	216.306793
253.264169	154.734741	72.212217	206.637452
254.144498	154.451449	73.467422	205.625405
253.568008	156.187663	74.327542	209.289876
253.298173	152.391783	70.430811	208.456683
253.904352	151.511518	72.887927	210.062757
251.721416	153.661450	75.097849	208.454264
253.609887	148.789220	71.906236	212.014327
255.137615	145.782968	73.084396	212.860449
254.418494	148.795918	72.620909	211.771583
254.194533	145.337658	73.797593	204.720884
253.510765	148.405153	74.360838	215.648127
253.274424	155.090548	74.564126	206.799175
251.964658	154.249852	74.128399	208.101719
253.473317	154.811934	72.503073	207.794687
252.313245	149.144662	73.115311	213.132427
253.867987	154.120674	72.361720	208.583331
254.480081	151.893288	71.195699	214.911015
253.612436	153.207006	73.617144	208.830525
253.873403	156.721603	75.169990	208.857901
254.725318	153.816432	73.202781	215.960618
254.223751	151.514520	74.471765	214.790074
253.937333	152.706581	72.834566	209.732388
253.150789	150.411513	73.128611	207.762650
254.452538	153.231379	73.859778	208.836478
254.523720	152.157316	73.383254	208.579964
254.782576	155.327077	72.895441	209.434103
254.191779	152.279909	74.005581	208.916845
253.957858	151.075568	73.332344	208.232032
257.983319	149.845802	72.744725	209.686391
255.193151	158.140850	74.114351	208.221294
254.136107	153.635732	73.040629	212.214295
254.335113	153.699573	72.250303	209.795747
252.715243	151.314247	72.745882	209.997970
250.898136	156.619622	73.127728	210.062565
254.586799	149.406962	71.456935	210.968256
254.266664	152.331269	73.671702	211.190189
255.452302	153.522056	73.584251	208.624989
255.843978	153.997708	73.510579	210.440504
254.897445	155.617419	74.312879	208.475794
254.684702	146.797893	71.887435	213.809003
254.538564	150.270831	70.877769	207.399644
253.587306	154.627392	71.606079	208.847863
256.155631	155.241185	71.133201	211.102403
254.323974	155.946363	71.415817	207.592130
255.019140	153.805369	71.907478	205.723933
253.635692	150.695639	71.550988	211.283855
252.364861	145.029447	74.149950	212.226682
254.506300	147.027419	71.750521	212.127292
252.851635	154.472464	72.113063	207.564794
255.506226	154.565541	72.893669	207.864290
254.745128	155.707970	73.447625	209.553721
254.394941	150.203864	74.446577	209.639665
254.226701	152.221831	75.928246	210.452678
255.353769	156.824269	72.463014	205.539705
255.819316	155.275879	71.911325	207.682285
252.273205	150.807213	71.870594	211.955452
254.414971	151.086682	74.298399	210.684667
255.459179	142.862187	71.600326	217.490926
253.302625	152.917191	71.898598	215.090405
253.532446	160.538849	72.088564	207.755444
255.770978	156.720273	71.571592	211.028046
253.584948	149.938693	73.051275	209.635367
255.259199	148.706149	71.765633	211.747261
256.366216	149.291244	72.816202	211.986536
254.367805	149.887450	72.431500	207.898388
252.431102	151.294761	73.613368	207.794429
252.715554	145.900355	74.951520	211.749547
256.607689	152.676128	72.752093	206.799812
252.138105	153.044767	75.347247	209.103376
252.513176	149.757304	73.105188	206.976391
252.548572	146.635867	73.429926	215.978204
254.965297	150.476808	74.043065	211.272797
256.008910	150.738905	74.373213	205.689004
254.428977	154.760340	74.177875	208.364047
252.545549	156.304251	74.616902	211.520645
254.121235	156.979047	73.629480	210.006037
253.522274	151.849280	73.544118	209.284451
254.795007	153.136026	72.382380	214.730337
254.096610	153.084687	73.685364	214.113566
255.494847	153.998944	72.858922	210.214288
255.865041	148.183159	72.776611	210.008501
254.313323	145.557671	72.475525	214.339311
253.274535	149.414595	73.466828	214.778475
255.377086	157.358051	74.153700	206.789393
255.852498	151.535729	73.986930	208.670633
252.705371	155.651323	75.750210	202.405363
252.951497	146.386587	74.111695	212.580848
257.372857	148.589802	71.211839	213.538829
256.806490	156.825624	71.751970	207.549085
253.664338	156.037385	72.287105	210.337711
252.100143	153.206367	73.201350	203.908720
254.342515	153.829164	72.865877	213.753416
256.286656	152.007237	72.268744	211.649160
255.330034	152.637100	73.075298	207.470207
254.042775	144.877699	72.228094	211.037769
255.391869	144.568257	71.850699	209.512076
251.094740	147.183998	74.506669	214.722907
250.219509	149.304517	73.118343	210.001445
250.385537	147.449602	74.978708	211.869349
250.980326	145.431148	72.897635	204.258936
251.123149	139.673660	71.769769	210.489740
251.570086	133.776341	74.388538	215.676818
251.667579	144.417687	73.600451	210.734039
250.814430	144.631074	72.741494	207.250969
251.939250	137.452903	71.357047	210.444483
248.585014	134.431928	75.025710	205.990398
250.605931	129.987503	72.394217	208.805468
251.117056	123.333867	71.235886	207.574383
249.024497	118.266673	72.102977	207.756923
246.255033	111.419781	72.693192	213.008490
242.706006	110.609275	75.058447	211.214146
240.892986	114.974544	75.184101	200.762641
242.449618	99.380048	73.513301	212.634111
236.813039	98.050790	73.509264	209.924560
237.945999	86.663502	71.897740	212.194584
231.329675	90.322760	70.164609	197.328990
231.642883	86.063848	70.234380	211.317822
230.614208	93.846150	67.727007	201.193447
225.120716	83.896028	71.215514	195.040527
219.725321	79.799952	73.112907	205.442521
217.100174	77.575401	70.373569	200.800494
211.351849	77.935551	74.146374	195.396590
209.438903	65.756101	71.652474	213.872125
205.696365	68.543237	65.307725	200.167249
200.427196	70.757699	70.803021	202.983145
198.651190	67.378577	68.136971	201.583251
193.293403	55.018684	71.407934	221.445202
187.270031	67.860418	77.423261	187.213239
185.355197	45.426755	75.283467	210.079729
182.393562	61.677854	71.849579	190.633046
182.045033	52.056383	69.219863	199.565076
179.683358	44.793545	69.715352	202.091080
176.003678	37.004103	65.891779	211.413894
170.473897	35.733445	70.580520	212.367372
165.578147	48.312759	73.162139	191.088603
161.366298	48.582139	70.280609	190.675040
155.135890	42.242766	71.941589	195.455444
151.198528	32.121398	65.952172	207.180891
149.582914	33.213080	70.493886	203.027571
142.797549	35.201935	67.433746	205.371759
136.683411	43.372392	66.670671	197.481328
130.441207	46.477380	70.154527	195.784791
125.354471	39.146963	70.384757	204.466336
123.254099	48.919536	68.653260	199.315912
113.666721	51.956765	67.982375	190.908301
110.804921	47.886282	68.404494	195.669700
102.729788	42.488046	71.869379	208.514748
98.446053	52.782496	71.364435	202.013762
94.321398	46.963064	70.246183	207.976395
87.554998	46.211278	72.692360	205.777837
83.755486	46.561699	70.612804	212.790142
78.369301	49.198374	72.966619	205.177453
74.520888	42.758121	70.488837	212.166018
71.763067	51.786228	73.113699	203.979115
66.309039	53.359678	68.320860	212.289351
59.711395	50.411923	71.975348	208.291257
55.033572	54.915867	72.006970	208.135655
49.204214	60.672988	73.418627	205.746124
43.794011	66.438398	71.803410	202.757717
37.798136	58.896859	73.201940	209.923653
28.758544	59.401848	70.241935	209.743940
21.699698	63.546110	73.355519	212.652525
18.166588	65.486135	73.396759	209.716365
10.236311	67.758532	70.997363	212.823024
3.597451	72.438673	71.450825	209.715420
0.577968	72.717360	63.428561	208.905002
0.091320	75.679646	58.916561	210.482804
-0.041318	76.321546	53.486897	210.791531
-0.017715	73.159085	41.697126	211.148510
-0.022347	81.585096	37.548576	209.670847
-0.006339	81.842803	38.067058	208.455015
-0.041029	83.475734	43.579314	212.889141
0.000000	82.941595	41.171832	216.048510
0.000000	84.430211	46.740371	222.176702
-0.003033	100.008662	49.053174	206.113558
-0.008421	92.694958	44.802695	221.840102
4.000000	97.000000	44.000000	210.000000
4.335003	94.075245	41.992214	210.139592
4.485597	99.181237	43.020906	212.864587
5.189535	103.440902	44.356488	212.654153
9.704661	101.505896	43.543540	211.477131
11.372879	102.275012	45.481804	212.682092
15.376288	103.535540	44.379487	212.025304
16.964752	108.037582	45.204446	205.275207
23.856812	98.919111	45.441725	222.353375
28.867111	118.437015	44.819397	210.398054
34.839741	125.530090	43.928508	204.998392
36.506546	127.767175	45.650750	213.208435
44.772544	127.420075	43.632700	214.951520
49.365337	128.623601	45.194772	211.581475
54.061411	127.881750	44.377064	212.983062
58.933740	130.243080	44.688445	210.781491
62.673518	134.611347	44.451829	201.536530
71.227693	130.011762	43.890637	214.150107
78.577678	138.325045	44.833478	216.891597
83.286910	137.050603	45.199738	213.849831
92.345371	140.609049	44.581277	214.585060
96.529828	142.718419	44.666577	208.586272
102.797034	141.211902	45.372261	215.506969
109.979894	141.164726	44.554186	209.272602
113.797650	139.844918	45.039636	216.043090
122.924420	150.028722	43.022242	214.320440
129.374013	141.650077	44.037460	211.594691
139.275613	146.577354	42.568932	207.780735
148.959451	134.581588	42.023785	204.523532
158.981219	135.060109	43.453418	210.543012
169.446386	127.637924	43.796298	219.752432
178.237139	129.511512	44.303809	214.949913
188.383972	131.287426	43.106749	215.083370
197.484721	127.491427	43.734474	216.006504
207.186904	124.920564	42.660365	212.593942
216.956465	129.020554	41.722151	219.712021
224.698311	131.382457	42.313965	216.933927
233.736374	131.358530	42.070382	212.961925
236.650875	142.348286	44.272311	208.020598
238.307388	131.063891	46.764825	215.083259
250.493940	142.839428	44.216239	204.528886
259.045787	147.482764	44.478205	197.537531
262.970612	127.246233	44.404130	211.164690
265.989728	130.744125	43.963406	209.900010
268.376892	134.582349	44.086741	207.911510
268.689025	127.277552	43.286630	208.888802
269.463363	129.266897	43.197318	209.227904
269.794295	131.601460	44.890839	212.832391
271.750754	127.508683	44.001882	215.272402
273.141646	132.164384	44.275962	207.566312
272.593657	131.917125	43.793517	208.669345
269.863479	128.192821	44.287040	213.057891
268.322694	132.602941	44.286318	206.136563
268.662335	134.035610	43.973567	210.676889
271.233739	139.931341	43.960998	209.443100
274.045486	143.548653	44.355112	204.277047
273.417575	136.861617	43.206391	206.248701
269.969863	141.042108	44.669901	209.665966
269.269484	141.200964	43.280987	206.739992
269.536334	141.737997	43.404104	208.662155
270.787763	139.020768	44.234874	209.063125
270.117919	139.923824	43.625235	209.347003
269.011341	139.816080	45.084834	210.360195
269.294903	137.160993	44.115128	212.549151
268.844891	144.495759	44.332326	207.245150
268.948208	132.338749	43.711201	217.307956
270.464082	143.552699	43.756317	204.868387
273.367780	138.887552	44.406844	210.604519
272.087686	138.188553	44.316135	211.015739
270.897561	141.489798	44.350260	209.651467
270.428018	136.526733	43.662738	210.025241
269.528684	140.120945	44.311195	209.064879
269.760013	144.096746	44.100577	206.095180
267.274951	140.479724	44.732989	209.895229
267.497651	143.694574	43.302682	207.536917
270.075047	139.856168	44.036530	208.332700
273.771597	134.660610	43.297788	211.311117
272.354783	141.657602	44.455769	210.261807
272.278594	141.990148	44.072976	210.632987
271.605354	142.244417	44.205135	205.612900
272.895285	139.765721	44.232524	207.094246
274.222062	140.178461	43.425339	208.552150
270.566271	142.587749	44.476960	205.386164
272.501160	143.600416	44.642990	208.952383
271.353342	139.458866	44.234248	212.882382
270.130265	138.342396	43.929503	211.627348
268.056926	140.059091	43.970812	209.679906
267.736051	139.709843	43.867644	207.919571
268.605760	136.501003	44.149579	211.118681
270.004914	137.911745	44.462009	208.577878
271.599464	134.871322	43.953256	210.480848
271.256739	139.263460	44.178701	205.857890
270.958750	142.338777	43.689244	207.007530
271.140908	134.996323	43.504879	216.890266
272.529138	137.565959	43.173149	209.231504
273.241990	138.046612	43.729174	212.068589
272.279627	138.259341	43.775553	211.463619
270.388294	140.694794	43.271685	208.466933
268.751033	141.783065	43.496463	208.120290
270.963859	139.180779	43.797157	207.759198
272.901770	140.237229	44.419769	210.861004
270.250886	139.526089	44.840413	209.229978
270.370529	140.972578	44.807575	209.661806
270.082220	142.507301	44.729798	211.331504
270.996987	139.869920	44.074815	208.508070
271.970321	136.670844	44.807198	207.806952
273.072810	138.941504	43.908797	209.165258
270.745263	138.406840	44.509882	209.398638
272.249910	140.119413	44.566012	212.536424
277.176185	144.182100	43.349747	210.707068
278.784912	140.713333	43.192380	210.313053
277.894687	136.503473	43.270780	209.438472
287.502008	139.680612	42.138736	189.777595
300.303238	136.936785	40.941277	202.076061
319.780684	140.461295	42.817094	204.814792
338.988137	136.181787	44.022935	207.394984
366.069614	134.292028	42.765611	207.617060
253.000000	142.000000	73.000000	210.000000
254.727096	140.661845	71.248162	210.574387
252.679808	137.849272	72.744918	211.407204
252.234936	143.748132	72.827842	207.775534
250.933053	141.959036	72.902960	214.342837
251.254959	141.692208	73.090751	209.161876
251.210229	142.854388	73.478432	209.995827
254.173286	139.400962	69.886702	213.684387
252.325183	143.065690	72.838511	208.489537
254.596151	143.736981	73.363218	209.238522
252.517575	137.857377	73.062969	212.296148
251.543633	144.348627	70.652203	205.718744
251.725014	140.866240	72.990272	212.827801
251.062849	140.857080	73.629218	209.465538
252.769638	144.344656	73.604052	208.438336
255.687337	144.250385	71.836902	206.447711
254.549314	141.035566	70.663889	210.352735
251.598137	148.451516	74.469425	205.996409
251.006011	138.928486	74.719652	216.168365
254.046772	147.865004	74.410400	212.467400
252.658287	145.793584	72.702556	207.000262
252.533367	138.935830	72.893016	211.935347
254.719568	141.712158	71.984130	205.291985
251.905712	147.129604	72.763695	210.011835
250.525195	135.105576	71.610034	213.691474
251.724560	140.388869	74.042688	210.421469
252.188142	141.760847	74.013475	212.767244
253.570310	137.154586	72.238868	213.406654
251.473168	145.187645	73.481140	207.925700
253.308705	141.015576	71.307734	208.385464
252.838873	139.961354	71.460478	211.476250
250.764977	135.804828	73.295383	210.723013
253.130113	144.441338	72.338769	208.937177
252.478900	145.036632	72.315450	206.322427
252.439006	136.168500	71.328771	209.215704
252.569276	147.524480	72.905286	209.108247
249.589849	150.330711	74.471538	204.866667
252.833094	145.498135	71.509582	210.576658
252.810994	138.755222	73.086216	210.067985
252.370741	143.594801	73.118774	207.602718
252.548898	144.550088	71.547700	210.482384
253.893326	137.623022	72.020766	217.452429
253.372649	138.588001	71.918631	212.843773
252.601519	136.034905	73.614142	212.421687
252.146360	140.248020	72.217523	210.364288
253.775411	144.283183	73.793435	211.038995
253.967634	142.395523	72.947711	210.826066
249.230350	138.737831	74.576383	215.338446
253.558188	144.550021	70.749939	215.923412
253.186032	142.269503	73.614440	209.026678
251.319843	138.997757	73.725287	214.426884
253.137238	145.381239	71.426941	205.014667
251.923152	144.659853	72.317449	201.018552
252.386393	139.944418	73.879981	210.440055
252.362026	145.566716	72.992336	208.840872
254.933389	145.247210	70.745961	212.429881
252.316003	148.059083	73.665290	205.269499
252.161972	144.812664	72.872603	208.858320
254.517335	144.834764	72.610786	202.059099
252.194730	143.821474	70.954937	210.415679
249.381097	142.999511	73.668462	210.567950
254.034573	142.824622	72.406589	208.360070
251.579251	142.504520	73.501812	211.667223
251.161634	138.910718	70.795541	216.367130
252.682062	138.102459	73.733942	209.150260
253.437220	142.252038	73.802323	208.433464
250.260252	145.451117	74.861639	211.157731
252.131013	139.934449	71.599689	214.747311
252.377875	135.131591	71.500058	217.506875
249.517279	144.724138	73.721374	210.764413
252.208119	136.046668	74.491941	213.521369
252.715017	142.482925	73.385821	208.358563
255.002080	143.278327	72.022970	212.451049
252.505249	146.576011	73.289197	204.993892
251.559049	138.114518	72.867168	213.584803
250.288700	141.873636	74.452040	212.642492
251.413611	134.051392	73.597271	209.966699
253.085918	144.943820	73.905460	213.266807
252.887679	142.273134	72.398648	208.900870
252.182751	139.354032	72.526213	210.957426
251.013173	142.934602	74.607045	206.579107
252.147517	146.132227	73.139499	209.746969
253.610213	142.334885	71.956582	208.742533
254.608901	141.417711	74.021608	209.932674
254.233341	145.748326	73.478736	211.229773
254.074833	145.793364	71.082001	210.572702
254.364191	144.434181	72.889518	208.872882
252.393475	145.107122	72.394976	209.370736
252.604547	145.881172	73.583811	209.584063
250.717050	134.811666	73.582588	213.177110
250.453781	134.931999	74.705602	211.268461
254.590205	139.231503	72.577203	219.127502
252.350455	139.274403	74.027951	214.271856
253.089386	139.824163	70.886082	205.929037
253.199036	141.904722	71.362417	215.346048
253.533410	139.845680	72.787721	209.361045
253.516433	142.287814	73.187524	210.173221
252.099413	140.577354	73.313312	205.633949
253.514854	139.319579	72.383521	215.144504
251.439211	134.783614	72.862639	215.125367
248.663877	143.775035	74.293462	207.143210
250.947716	138.447534	73.505694	215.753649
253.329293	139.851006	71.892033	212.068783
250.862208	141.284682	73.476186	208.709588
251.860726	133.565747	73.856350	213.550220
250.438880	145.667426	74.245732	208.275218
253.663337	135.844484	73.386401	219.915225
253.488548	139.371507	74.494198	210.387241
252.492809	144.214637	72.344347	209.238870
251.376749	139.599931	74.039928	212.030168
251.983215	143.646081	75.753343	212.297990
253.358292	144.021483	72.494116	205.805733
251.646647	144.303080	73.450766	211.532506
254.014894	141.407043	72.911323	210.295960
254.174479	145.817400	72.583785	210.515978
251.924858	142.159481	73.288436	210.277890
252.747458	148.660555	72.408460	209.179303
252.329236	141.899683	71.030546	208.522725
253.721739	139.184231	71.373146	206.472892
253.497576	139.730024	71.833211	206.230648
251.737424	147.337180	72.959756	201.775522
254.532461	140.305774	71.939600	212.864573
253.671800	146.085084	71.167303	205.207557
254.659589	140.571493	72.606234	211.331458
252.623449	134.663674	72.320654	212.171116
250.771701	139.095852	73.844782	210.443985
250.629320	139.336134	73.992736	207.162737
253.324667	138.367700	72.468334	211.382779
254.008210	140.039938	72.348505	211.239045
253.250714	142.234545	72.417408	214.025999
252.476374	142.974880	72.986747	208.780593
251.750199	141.683421	73.050471	205.722873
253.515513	146.442524	73.965888	206.763210
253.056549	138.478496	74.061756	214.010956
252.509246	140.593665	73.437028	213.467855
253.553990	136.328037	72.440066	216.744769
252.648512	140.592852	72.619884	213.394248
251.726037	141.021928	71.605811	208.236494
250.968542	140.274124	72.879593	208.335000
253.037975	140.698538	72.592999	208.887608
254.465345	145.237385	74.010295	212.019255
252.696532	145.296310	73.811163	206.072839
252.776983	145.059601	72.313446	209.857150
256.578407	142.169204	71.604692	213.396747
253.673273	142.478715	75.245675	210.279993
254.394275	142.556786	73.094079	209.618231
251.857847	145.157132	71.630611	213.054721
250.193723	141.031885	71.211976	211.288530
251.185553	141.527335	73.296739	208.164792
251.368588	144.391939	73.035222	213.209135
253.478771	147.635116	70.751172	209.639546
253.858437	143.781941	72.174411	212.535998
255.513683	147.036584	71.200365	205.796979
252.239069	144.209402	72.221159	207.765000
249.691203	132.507250	76.634493	218.960976
254.088571	138.618115	70.922829	210.501175
254.588432	140.275515	72.313005	211.059274
252.472593	139.605193	74.974826	213.354775
254.763576	143.442339	72.303981	207.980743
253.112314	143.211632	73.203101	209.076445
252.886929	143.658884	72.212530	209.589128
253.021057	134.528104	72.287510	210.978225
252.749126	136.277169	72.636535	207.079386
252.625788	137.938031	72.577858	212.912155
251.479285	135.682788	72.209932	209.707893
250.382064	144.939308	72.321608	208.861323
254.956717	145.044602	73.086513	208.419897
253.126526	144.343662	72.294717	203.694150
252.819944	135.766890	74.104101	214.978989
250.412570	139.449176	72.696396	210.712516
250.875097	141.267694	73.830825	208.132945
252.763072	141.834894	74.708649	211.288878
254.868648	142.418920	72.394265	216.699466
254.131227	139.525638	73.864006	211.282018
254.776803	140.950215	73.178755	207.707702
249.089280	135.453516	74.546731	216.718492
250.800139	139.617997	72.717294	210.936430
253.666096	137.844250	72.982182	209.473074
254.767611	139.146407	75.976364	211.024829
252.629593	150.316437	73.402865	209.540884
253.446278	142.394342	73.081336	212.162316
254.535728	140.637380	73.052650	211.623928
253.295310	146.839482	73.609003	206.438383
251.369028	143.764033	73.056071	211.367814
252.936984	142.942677	71.981420	210.217361
252.421779	138.345572	71.501364	209.801570
252.271377	146.634241	72.864569	214.467412
253.365229	147.231314	73.585912	206.188023
251.134538	146.173258	74.173969	208.666982
252.881872	139.981981	73.526939	216.136281
251.554331	140.776782	75.475862	213.234277
253.235631	144.157206	73.679809	207.797624
253.562476	137.901053	73.334080	211.200345
252.462861	144.092588	72.920778	206.750295
251.792797	140.810143	73.486951	207.488428
253.996554	142.315382	73.316652	211.240304
254.979105	142.796205	72.998717	211.958266
251.198475	138.881730	71.135003	212.004479
254.080190	138.090444	72.954322	212.320387
252.751627	139.482341	74.261489	211.074061
253.735714	141.596893	71.372463	210.047767
254.792168	147.809141	72.065331	210.635736
252.067399	145.710294	73.068366	203.804359
251.953750	140.972467	73.950386	215.255779
253.701403	133.571114	73.775261	211.307329
251.748066	138.739198	73.946918	207.025407
254.042293	144.379914	72.992556	211.728518
253.732302	139.714672	72.442922	212.756806
253.334537	142.074269	72.422681	211.955280
252.107810	137.649564	73.949337	208.084918
253.714343	135.586874	71.324664	209.353788
251.520708	143.063926	74.911334	206.953617
252.591536	147.259330	73.473667	205.583622
250.212632	141.828444	74.143129	210.093458
252.961702	147.229230	73.344355	197.846019
260.086548	147.052429	73.139412	219.766679
264.678157	168.295381	73.777743	214.584827
257.514614	160.416736	73.343231	205.928321
252.891299	156.810683	70.799237	203.418217
253.000000	142.000000	73.000000	210.000000
250.895945	144.520030	72.110548	209.760047
250.079576	138.079509	72.964302	213.476717
252.404066	142.456138	73.425651	206.996536
258.633411	132.822407	69.767397	208.465101
255.585359	137.618118	73.465073	205.889024
255.986580	147.815223	72.858207	203.567675
256.504097	142.372572	74.135870	211.618021
254.609108	136.385245	73.165376	211.833157
255.559815	142.902250	74.154706	207.048599
254.242605	136.835625	74.068867	205.935828
253.477824	141.181121	74.224542	214.200056
254.386025	134.462766	72.594737	211.279905
255.847535	140.181778	72.914438	209.484902
257.373949	145.607979	71.782757	201.211452
256.016149	137.708850	72.412934	211.473796
252.356104	143.418952	73.722979	212.522398
251.456610	139.372235	72.656103	210.092741
254.170099	133.047210	72.129888	214.035663
255.688529	140.148075	71.615372	206.462926
253.951480	138.028185	71.025769	205.788372
254.245523	132.188061	73.403573	210.177782
257.020693	140.231010	71.919993	209.844433
253.362092	137.464454	72.380933	207.467615
253.861539	137.116990	72.883211	213.114865
254.569387	147.140944	71.226120	206.887683
253.791447	138.595996	71.932633	212.295065
255.129406	141.889625	71.236020	208.568391
254.009529	141.818566	73.524350	210.502241
252.614649	139.153776	73.160564	207.962105
253.986420	138.117544	72.235493	213.883925
256.224169	138.366363	73.320812	207.904336
255.444070	145.322317	72.639468	205.820692
253.398994	137.247673	73.226010	210.381843
253.537369	132.496559	74.748301	211.416213
253.456334	139.650528	73.110648	207.386987
252.292766	143.039971	73.895269	215.195617
253.475034	137.445662	73.317775	206.451404
253.446160	134.250844	72.974538	212.666433
254.029568	136.480559	72.702749	207.971537
256.324333	139.991122	71.703228	209.723545
252.230514	139.841903	72.896542	211.783160
251.041193	139.360784	72.260634	208.407087
252.993859	138.663231	74.217558	212.933224
262.159610	149.150138	73.925457	202.227204
275.000826	142.381855	74.378679	212.444070
288.153892	139.029655	72.675690	218.995489
301.318909	149.686054	72.085887	209.667916
313.237527	137.896065	73.889064	208.411346
323.587596	136.551917	72.205060	218.282279
335.461419	136.261731	72.654458	210.712619
353.248232	137.141443	74.408340	212.526330
364.531692	142.360040	75.443088	212.613497
376.622289	141.689772	72.832103	207.141522
390.611584	129.029988	71.107881	214.825788
403.687603	131.537645	68.351257	209.116811
415.507955	139.415226	73.515304	208.913228
432.362819	136.775047	74.111221	206.803800
446.178574	129.092161	74.106660	211.695020
463.725227	136.707997	71.472419	204.625291
473.625581	122.758964	76.412907	211.998141
489.058989	132.821112	76.905424	205.312075
507.977468	124.666919	71.886192	198.884200
521.485159	126.375629	72.586109	198.241052
531.953981	137.237432	71.890472	182.983981
540.968097	124.725108	72.016575	203.844226
548.226240	125.055661	75.134282	207.474773
561.252965	116.292616	71.775349	209.480378
570.537855	119.258053	67.974537	205.475126
579.763611	120.557970	59.640397	207.353340
579.535796	118.345577	60.523257	207.388770
583.864897	112.264365	56.217015	215.115672
589.294900	118.714071	50.759488	204.040230
588.582970	115.965874	51.495016	207.443683
584.342415	120.504042	55.706239	207.649668
588.429398	120.966193	51.627719	203.950028
586.643372	110.623800	53.425681	208.908087
580.775088	111.703548	59.083442	209.631988
577.663813	119.095710	62.110256	204.933240
575.542569	116.976722	63.838782	208.673097
575.316374	118.026337	63.268481	207.265399
569.790036	118.987243	67.686069	207.063737
565.489422	116.568692	70.061903	210.539242
566.873060	115.516231	69.395594	208.578139
563.885870	119.512861	70.840444	208.426453
560.046056	119.846214	71.378805	208.498872
561.245367	116.777957	71.819390	206.638572
562.009100	117.386212	70.334086	205.333153
557.143545	116.213467	72.380096	207.571332
556.339679	118.608504	72.493014	209.251053
557.889574	117.122843	74.430835	210.390068
555.203651	119.892239	75.692928	209.267421
556.130733	121.489090	74.121628	211.382141
556.289729	120.236605	71.951276	209.384158
556.056204	121.568626	71.287839	204.569071
554.367162	119.614682	72.379480	210.800603
555.270668	117.347482	72.507677	210.051516
553.922501	112.261154	72.819148	211.465849
557.574836	122.055936	72.359388	205.242007
557.403767	123.830231	71.992725	208.457769
553.337597	126.349291	71.874227	203.847443
551.940615	119.197045	71.910102	210.186200
553.492414	122.407581	73.226160	205.457611
557.111021	124.356558	72.106871	202.132597
557.087316	124.618627	71.338585	204.485663
555.181794	121.807443	70.306066	208.448948
557.066369	127.789287	70.469446	205.762152
555.383612	123.654307	73.590255	205.510055
553.490567	120.071952	74.041860	207.835876
552.612732	122.347932	73.523507	209.174520
556.884439	123.835702	71.107015	209.803342
556.167851	119.949443	72.433552	211.368020
555.054933	122.375337	73.098869	207.129346
555.390098	119.670301	72.298170	209.949618
555.975789	117.052680	70.798231	209.677596
554.067502	115.809646	74.003084	209.014558
553.185825	122.437571	74.296948	208.967062
555.530694	120.654524	72.791669	207.211177
557.600549	121.288011	71.961017	212.035220
555.979666	114.819482	71.992225	211.276656
554.837513	121.225299	73.793140	209.633232
554.091754	118.127187	73.629428	212.779137
555.550323	115.862362	73.758068	207.688077
555.466699	118.122055	70.979433	204.650381
558.032236	122.169112	73.186264	205.493784
556.647837	118.382903	72.894071	212.902392
556.401533	124.829727	73.687204	203.560826
554.455464	121.658298	75.098459	208.551861
554.503755	127.174762	71.948721	207.029261
555.467917	129.320897	70.843504	206.406911
557.539754	123.744429	70.514089	209.516626
555.038923	117.613695	73.990740	210.378763
556.382289	117.197113	72.823104	209.113710
556.407886	124.775709	73.392771	206.182136
553.159313	123.821879	72.879846	206.497856
554.652861	125.573747	72.994493	206.024255
559.232105	130.004062	70.650839	201.407954
555.330386	116.789523	71.378671	209.686543
551.141001	118.768667	72.522222	210.139941
554.400793	122.366581	72.874831	207.042728
555.643000	115.514139	71.999057	213.205038
552.566484	115.465367	73.804286	211.154896
553.814347	114.282871	71.989343	208.742690
554.570678	117.213775	73.652595	209.523999
556.599840	120.449368	71.817466	207.800774
557.036533	106.035764	70.598056	219.354180
557.605765	113.832628	73.315428	210.719324
554.540490	115.040964	70.061223	217.954974
552.745198	120.835339	72.294325	207.443209
554.958771	119.137458	74.535759	205.569043
555.785038	123.581137	72.314585	205.842465
555.743319	116.749549	72.531145	210.834462
553.933361	117.364948	72.405227	214.451148
557.022974	122.584594	71.407620	202.630668
552.838823	118.693092	73.024479	211.823986
554.650098	123.501066	70.870129	207.614019
554.632231	121.313046	73.147386	210.690052
556.396828	116.504774	73.007419	210.372622
557.086791	122.848078	71.859001	204.704703
556.097272	122.507531	73.654042	210.866268
559.126608	124.270373	69.977767	205.343665
556.679138	121.930359	71.826656	208.814121
556.678872	119.946291	72.632841	211.402331
556.838139	125.434662	72.206927	207.252849
558.628008	119.967532	70.712924	209.053020
559.146426	122.441049	73.276625	206.223739
558.086060	122.200381	70.696711	204.644765
556.709617	122.155353	70.908213	205.252881
552.438243	121.663057	74.442149	209.185629
556.090471	119.794408	73.646986	208.842633
557.073986	121.212572	69.878658	208.107260
556.763619	122.153313	71.945683	206.854338
555.778788	123.551441	72.382173	208.764842
557.026441	121.146248	73.053680	211.724849
556.369903	122.935552	74.051530	209.363742
555.657056	122.729124	72.820854	206.781694
556.378355	130.887677	71.230237	201.497165
558.560148	118.393702	72.107392	212.089867
556.690767	121.565404	73.102303	209.116842
557.899901	120.469410	72.991265	205.070433
555.893941	112.360801	73.080422	214.887320
558.448626	111.702415	72.761917	212.989619
556.020549	108.003808	71.837375	215.150323
556.412166	115.577493	73.320374	212.126556
558.455049	118.689587	70.877035	205.984767
557.260648	122.492833	71.646088	208.889231
554.450742	116.976164	73.558627	210.555979
556.558426	113.748532	71.746378	212.497814
557.875989	119.117042	72.994686	213.560889
556.244237	121.715539	74.344419	209.988598
554.695569	124.610406	73.924906	204.995088
555.983527	123.162803	72.115210	209.080551
556.407868	119.557128	71.714100	210.387687
556.550929	122.087053	71.004132	210.295669
558.113977	124.784410	71.165635	205.489942
557.598923	121.122608	69.960050	201.871824
555.862844	124.623927	72.636705	204.335917
555.858202	122.257342	73.032756	208.120545
556.106223	117.537997	74.321116	212.544463
556.743699	120.682464	73.940585	206.901223
553.995274	120.450357	73.694203	210.485003
554.396203	121.630294	72.624660	205.712734
555.969347	127.143394	71.639358	206.163409
553.784522	119.338227	72.023944	213.462556
557.139729	124.635479	71.828162	204.021331
555.075901	123.589338	72.796150	204.986544
553.687821	127.157856	75.854379	207.275279
557.923039	111.987921	72.579648	212.186150
554.412843	118.628896	75.032380	209.781602
553.655096	126.607050	73.146184	205.877101
554.070634	123.850701	73.296803	207.795528
557.388335	126.028980	71.579968	205.537907
557.093855	120.721840	71.672299	211.037124
556.379874	118.648724	74.387882	210.078104
554.719643	121.551694	73.288876	211.185074
553.638684	123.545511	74.067677	203.693995
554.710472	123.890687	72.735719	208.636149
556.102859	114.763659	72.267698	212.260748
554.637736	111.223274	71.919126	215.602620
555.736381	109.240087	72.724366	214.510672
557.626815	113.631450	71.911940	212.349315
555.821019	121.928699	75.276147	207.269819
557.390553	116.469547	70.984717	220.124821
557.413828	121.596023	73.106093	206.354556
554.737798	119.735990	73.241558	206.554941
554.050367	121.817308	72.423239	206.643144
554.785942	123.212632	73.489821	207.407469
555.125848	124.213145	72.560700	206.549129
556.203508	124.731200	73.791719	209.175132
556.356722	122.598911	73.253266	207.024186
555.368647	123.621266	74.072630	209.656837
556.208082	125.674278	72.139715	205.669072
554.824049	123.559170	73.397460	203.583993
554.310606	119.554939	73.168903	209.770311
557.370986	118.643001	72.449580	212.235434
556.527959	117.796138	71.611988	207.742384
558.029945	124.618527	73.493130	205.925051
556.507459	122.908088	73.080536	208.725052
555.087626	119.966770	68.731819	214.299516
556.220673	116.748665	72.292201	212.832926
555.987167	127.301470	72.905582	201.663691
556.037358	120.270338	72.695325	213.331558
554.157140	124.071240	72.053209	207.049141
556.820035	119.173682	71.132235	207.966296
556.180175	118.917745	71.636905	211.308524
555.745895	121.778002	71.126482	212.036683
554.120349	124.327531	73.451023	205.812645
554.482098	125.028502	71.592778	209.227432
556.702327	120.619430	69.996347	209.939612
557.928499	116.586826	71.920594	208.334826
554.007826	115.774691	71.450084	209.875429
555.877466	119.865451	73.352138	204.080602
556.207730	119.383381	73.746654	211.184403
552.179242	123.449568	73.448037	214.661427
554.871593	129.146298	71.941509	206.954676
554.432922	124.677610	71.990479	207.617359
553.102073	116.925356	72.730431	207.129911
556.249783	116.910482	71.555299	213.646102
555.792768	125.587000	71.671108	209.236142
556.266772	128.587552	72.398214	207.302585
555.404904	131.677503	72.147722	204.654431
555.701917	121.611052	71.936331	208.233662
556.138710	111.351446	72.459921	216.543129
556.028710	127.736464	72.561068	205.630964
555.337499	124.325881	73.673097	211.814611
555.812668	122.337368	73.156048	207.154908
554.893282	117.719289	71.547285	213.682723
556.870910	116.350402	72.548968	210.005169
557.003680	118.755313	73.112787	213.023109
557.574087	120.177600	74.275630	203.359247
556.788925	119.086579	73.515706	210.894957
555.113202	121.106977	73.170474	208.682493
555.610292	123.274616	74.312080	204.535402
555.181493	127.700309	72.147334	203.703086
553.550163	118.047254	72.622051	214.119389
548.576918	125.943721	70.645213	199.637720
534.366657	108.586215	72.365432	199.424416
489.082026	149.693015	76.694174	210.925464
479.067176	179.689230	73.139880	214.085016
473.248259	193.470166	73.462061	215.084941
475.286131	188.629476	71.903516	206.974150
477.677362	193.518905	73.246516	210.557191
479.362679	186.447800	72.470813	211.595260
477.186550	188.173156	72.228209	206.866511
475.554043	191.100677	72.628196	208.436277
479.927366	183.603008	72.086609	214.903584
481.270136	189.531748	70.921332	208.988607
475.977048	189.932203	73.119133	214.043770
475.033089	191.473216	73.804589	210.538888
477.807900	193.540222	73.199995	206.223937
480.765298	190.200516	72.949390	208.213650
478.185491	190.031941	73.335335	211.857489
478.368384	192.417795	74.201642	209.105972
477.681518	190.781411	73.254299	208.525132
471.375699	191.327409	72.853860	203.164502
472.344439	194.427297	71.855392	208.587498
477.383412	190.902790	72.016412	209.804387
478.904513	191.205546	74.055548	206.215598
478.981381	188.000193	71.520052	209.874988
476.585870	189.444674	74.106748	209.472831
476.633749	187.915617	71.275962	209.459947
475.773339	189.733688	72.902851	211.400343
478.725794	190.013294	72.411513	207.578179
479.943767	186.371861	72.364557	207.462222
478.892886	187.552128	70.946832	212.125776
475.167419	189.591210	72.942967	210.910016
476.922327	190.325520	72.427780	213.150813
478.382748	190.504367	73.459284	210.128255
481.279022	185.600945	73.458712	212.965722
475.578237	191.039811	73.849829	209.054080
476.688765	190.162102	71.649232	213.268989
476.928571	194.513836	73.228081	210.066625
476.949922	195.592456	72.737794	207.900115
477.392546	182.301208	73.492589	208.556382
480.227893	188.211721	72.248705	206.839679
477.822598	191.340773	73.033192	210.650748
478.595286	189.621647	72.162247	213.354735
479.706615	186.215503	71.354382	214.879495
481.056761	186.074694	72.203191	203.698238
481.253238	190.163255	73.116024	207.007024
478.250043	197.187383	72.440384	208.048010
478.258531	190.206359	72.484096	209.600610
476.897789	193.775519	73.606104	208.479685
477.836441	191.481149	72.691409	203.190799
480.546497	188.061843	72.539248	210.583578
479.160334	189.398896	71.880130	208.576023
476.113341	190.357653	72.998430	210.731608
477.633876	193.826667	72.263813	202.888890
477.868001	185.379686	71.875748	211.565411
476.549429	192.119203	71.277104	209.462519
476.175675	191.132426	72.703258	212.946665
480.404619	193.633362	70.963303	208.240122
478.410290	199.131505	71.941193	207.106121
478.781617	191.162821	72.403233	210.676714
476.837583	185.874314	73.906707	209.382256
478.618528	182.097128	72.507423	215.140071
479.042632	186.041136	70.502467	208.070337
480.024869	191.433511	71.985466	211.112823
480.826634	185.954303	71.498192	209.732045
480.209687	190.112925	73.358127	205.401881
478.135987	194.887292	73.393486	206.100983
476.542175	194.768279	72.213762	206.563770
476.227778	193.747408	74.122399	208.722223
477.521035	191.741315	72.076501	209.890927
477.508119	194.656360	73.742507	203.463343
475.173538	188.745692	73.110799	213.428872
475.511872	191.178978	72.656878	214.873580
477.131646	191.071061	73.930264	210.550853
474.932112	188.701715	74.994554	211.638618
474.040958	196.510128	73.620235	204.176330
477.427183	188.868277	72.535479	210.918114
478.304782	192.428484	72.152010	213.586227
479.379343	192.231680	74.115163	215.175165
480.169102	188.540442	73.686659	214.090753
481.828705	192.563470	73.384883	213.240540
477.321739	191.683339	70.902568	215.587838
465.093370	164.605232	73.638968	205.754132
468.343104	217.496500	73.100099	204.636680
463.787591	210.346821	73.115506	210.179617
454.596785	213.405037	72.045345	205.393481
442.707992	213.057368	73.868997	206.069366
425.485973	223.591383	71.081591	216.547289
398.166246	217.247950	75.112930	215.735707
377.802284	205.927701	71.550000	200.303275
333.053903	184.435864	68.388683	226.480122
298.996137	188.632614	79.049705	202.907258
286.363608	171.556086	74.955560	209.555026
275.888245	154.774671	73.938862	209.223303
266.968124	146.936676	72.647481	204.426248
262.347826	141.629187	72.767476	211.614371
261.824032	137.843661	72.925993	212.323091
263.997720	135.340762	72.414434	207.263070
260.237863	134.483901	72.309001	209.122020
258.947342	135.412248	72.740879	210.248670
255.996385	134.616103	73.389115	211.636282
254.133979	137.789990	71.876330	206.477062
251.739368	130.598991	72.122642	208.585425
253.188740	133.566018	74.385534	211.018546
256.211372	122.518709	72.988686	207.439550
251.340504	122.390128	73.704318	210.004069
248.030458	118.311979	73.065761	211.770447
247.289489	126.403375	74.579309	208.201196
246.019732	128.764650	74.668200	208.273058
248.163051	128.591615	73.143711	210.958531
250.665580	125.579980	71.823873	204.396282
247.568427	128.975577	74.211298	211.150178
248.337863	126.175723	73.536773	208.506348
251.231907	120.493612	71.708782	213.551899
249.371444	126.153236	74.701211	204.134354
248.856145	122.381982	72.011606	209.000999
247.093393	124.491743	72.908797	210.461254
247.777665	128.240484	71.004916	209.426059
246.703764	129.129759	72.066183	213.432999
245.383190	133.041330	74.084030	206.200839
249.121387	123.442349	72.163680	210.688752
245.527264	125.755276	72.740687	200.528734
247.665056	122.817759	71.280440	210.136870
248.867587	122.987886	72.725233	211.222888
246.470462	126.167173	73.169155	205.560358
245.591358	123.263682	74.019584	206.675501
247.275728	121.339451	73.522420	213.449360
248.359962	120.716782	73.544652	216.802831
247.713343	122.924434	72.594994	212.290119
247.046304	130.937967	74.855129	208.624827
247.501847	129.891966	72.229584	203.629921
247.545904	125.433666	73.804827	210.112802
248.588811	123.782133	72.503867	205.647204
248.920884	122.639882	71.783147	211.222122
248.757962	130.983640	72.851436	206.468973
249.566066	126.814460	72.154337	212.309230
249.828659	126.278288	73.376018	209.707898
249.304726	129.925808	73.769748	200.489174
249.972160	120.232792	72.824100	210.842448
250.126283	116.471289	72.445028	211.541114
248.863107	125.299439	71.067684	211.077170
248.000345	120.562799	73.340375	210.434763
249.259113	121.446225	71.384287	208.339572
248.821228	121.301998	73.040010	211.217802
249.133412	125.340789	73.151729	207.719619
249.740024	122.680590	73.304195	210.428984
249.625028	126.166289	73.212223	211.752597
247.165389	129.173551	74.391517	204.295602
249.199483	113.323043	73.002473	213.933412
248.960320	119.544495	72.443804	208.642838
247.407154	124.653651	72.837219	207.946055
247.614736	125.981275	73.404094	210.824996
249.204326	128.890515	72.197730	209.747817
247.090805	130.661072	73.503707	209.723859
250.419307	114.822180	70.771702	213.835492
248.955862	126.830727	74.343078	205.495354
248.419122	130.699599	74.469476	206.404963
248.606711	127.607877	72.583819	202.306509
248.654736	125.851527	73.138425	208.866364
249.209074	128.171085	73.100788	210.567729
248.770496	119.890608	72.888928	216.521545
249.443902	125.097589	73.128120	206.488450
251.529063	128.499863	70.752834	209.326205
248.171175	122.502963	73.478655	210.821137
253.850925	124.787706	70.502393	208.914342
253.168549	124.223564	74.601487	208.127670
249.015128	123.551960	73.289070	219.768306
247.671974	124.374285	72.492251	209.250818
247.580685	123.943767	73.403288	210.741546
249.486806	127.919197	73.588046	205.004545
246.800004	128.807090	75.389425	202.471111
248.501654	121.784683	72.422924	211.678689
248.794369	113.295026	73.078493	213.139168
249.331909	129.175729	72.674756	211.677445
247.506207	128.001717	73.901179	207.348910
248.391542	127.037580	73.081381	210.568094
250.102628	122.955316	72.179242	210.888603
246.988343	123.701526	72.683158	205.417896
246.688477	123.629373	78.082336	191.014480
274.889011	179.030853	66.480704	190.942736
253.291972	172.665142	74.860463	207.983915
246.903097	124.156491	74.874086	212.304883
249.240324	130.260796	73.384826	211.501107
247.546933	126.876813	72.550757	205.649502
247.478552	121.225912	74.537058	206.753786
247.701402	124.318014	71.794519	205.107370
247.790895	123.419817	71.577125	210.503956
246.946688	124.007930	73.632993	205.475347
243.881256	123.098807	75.423393	208.441961
247.843682	117.649951	72.875813	214.792749
247.858142	125.964988	73.206016	206.410602
245.891149	123.884793	74.147197	207.694835
246.180195	125.251768	73.422026	210.496838
248.152414	116.741639	73.780215	214.208329
249.519478	114.628163	73.320675	211.423454
249.136086	117.395213	72.437335	209.163536
244.539181	120.311591	76.216301	209.462753
247.325956	118.046977	73.770075	213.690891
248.803072	121.475235	73.759258	213.220511
249.042590	124.302283	71.064050	207.644899
249.027304	124.676287	72.064800	209.279842
246.846081	121.509297	72.149339	208.547438
247.117224	125.021442	74.081484	206.349754
247.548247	124.481121	74.343044	213.354890
248.400467	121.647228	71.843148	212.148800
247.538050	118.823250	74.210913	210.666094
250.521925	114.296410	72.701129	215.141428
248.921341	124.849758	71.139210	206.429266
248.449192	129.271755	71.839424	206.921803
249.576208	115.955223	74.386524	213.474344
248.590197	116.706558	72.485123	211.781746
246.941664	117.031561	73.334246	213.522471
250.141480	123.944389	73.176800	207.863800
251.315876	121.432840	71.997112	213.500829
249.000905	122.938120	72.902227	211.554116
247.127948	127.225576	73.981265	210.672272
247.330903	121.488557	71.638191	212.330427
248.706299	118.844570	75.617494	205.635563
246.812257	117.132708	75.419255	207.430199
246.178126	121.285073	74.043294	204.237881
247.750053	114.432174	73.675685	212.477389
247.295213	116.965965	74.449117	211.366800
248.757436	120.524277	73.638530	208.195690
248.693426	120.775114	74.636495	208.115939
248.076837	115.344210	71.700562	219.015332
247.532691	122.765882	75.690373	209.435769
246.806244	122.225900	73.844367	209.358585
249.767273	126.831031	72.586514	206.648250
250.308629	127.810349	72.938497	206.717555
251.012066	123.837368	72.952539	205.681182
249.617658	127.974039	72.500176	205.310957
245.965780	127.376661	70.927618	203.881391
245.200295	130.244490	72.403109	196.326597
251.107749	143.329384	73.159215	203.372781
249.880374	124.347499	69.074374	209.516966
245.544687	115.827686	74.186822	214.075917
247.681177	120.016930	72.797284	212.285199
246.098907	124.421895	72.793445	206.737547
249.323665	126.893269	73.158608	207.804997
248.876287	130.404624	73.165053	202.899541
247.735858	121.532799	72.460899	211.270175
248.543523	127.233357	72.428201	210.596320
249.910557	118.754682	71.564766	215.722755
250.173525	121.832663	72.153430	211.239270
249.404043	119.419475	74.239146	211.167622
248.360374	117.219300	72.159965	210.708860
246.688372	121.387436	73.496894	213.095142
248.076769	119.676889	72.756662	213.942381
246.468771	118.864896	74.787897	213.982607
245.660108	122.920279	73.830199	211.892650
248.131710	123.017854	72.145532	208.644656
249.021025	121.292317	72.512648	213.057367
248.137250	122.817843	71.609386	215.639014
247.522687	128.458106	72.715063	209.783850
248.721838	123.837414	73.625397	209.099159
248.291427	115.867148	73.088448	210.511738
249.026268	118.870395	72.511040	212.186064
248.366891	124.701280	71.693597	210.196816
248.656201	123.765999	70.984546	210.018950
247.425190	122.961188	73.242632	205.856681
249.456468	125.880376	72.846477	209.875672
247.657252	123.915820	74.260623	205.291885
248.090938	120.182060	73.309696	211.457560
247.649497	112.831729	71.802935	217.064843
248.468663	123.464672	73.518518	207.938777
246.433334	128.633395	73.743142	205.765576
245.928927	117.169902	74.437339	212.953221
251.542091	121.236038	72.017763	211.776976
248.569333	123.156395	74.379043	213.457596
247.730149	122.059824	71.541451	204.430845
245.531868	125.445767	73.318394	207.942594
246.314834	123.972552	73.437881	208.708965
249.237135	121.963792	72.932709	210.340320
248.458927	120.109047	71.335490	212.952534
248.259424	126.782356	72.006718	207.592005
247.615330	128.554486	75.224176	207.168008
248.408298	122.015407	73.697245	206.807054
246.527366	123.598927	75.446934	208.078600
249.626485	127.608301	73.370279	211.385682
248.175179	122.181783	73.595040	206.843564
247.399893	119.977426	72.401276	206.736983
248.258144	121.031453	72.679635	211.326956
246.866931	124.975433	72.458875	203.767843
249.380879	109.356451	76.309910	206.475518
250.993350	131.769904	71.909881	203.062196
242.531076	132.091100	74.275129	202.147755
247.505706	121.968404	71.175448	213.738886
247.005568	120.014810	73.344493	211.624468
249.210013	118.331962	72.273835	214.205871
247.668788	128.070268	72.780226	204.696441
248.130240	121.736197	72.473872	209.335929
248.155481	118.262075	72.514468	209.027912
246.927719	115.738220	71.882348	214.399227
244.838370	127.569140	71.071800	205.989655
247.092657	122.185174	72.263646	208.060457
249.231603	120.539140	71.857033	207.182647
250.306342	116.303194	70.243101	212.238045
249.997386	121.683446	72.171183	213.085873
247.525245	119.525474	73.168569	215.874737
246.918809	119.727797	73.313410	212.157775
246.581220	111.811636	75.415016	215.633598
246.243596	124.126119	73.675061	202.868871
247.274739	125.517575	73.122498	203.563298
249.574124	118.174265	71.227509	214.560094
248.788885	116.130872	73.593736	214.297018
249.437505	126.769428	71.382236	210.922261
248.000687	121.040157	72.531659	208.798283
247.285345	116.190867	73.018374	208.849518
249.978101	115.539599	70.793195	211.483867
249.070142	120.204255	71.929632	207.008624
246.994114	121.566419	74.258320	210.258677
246.851112	122.529930	73.143588	205.054133
248.584190	124.659144	74.383375	206.233187
248.224128	117.314193	73.091722	212.191745
248.157039	127.442169	73.485826	200.735093
248.907440	130.317166	72.551509	201.260997
248.660263	135.652527	77.034552	210.052818
246.735014	122.649173	74.970157	199.637272
247.496683	120.516626	73.659435	209.240472
248.149802	124.607409	72.594707	212.011930
246.565487	117.637620	74.058189	211.579773
246.339180	120.795811	73.406556	214.254935
249.085876	124.578998	71.304985	203.732488
247.951652	119.868088	71.902895	210.543758
248.534298	117.580509	73.323579	209.554211
250.051194	123.675915	72.425039	211.281559
247.806255	117.609286	71.397742	208.726867
245.465496	121.328151	73.524709	206.075003
248.416401	125.399413	71.718744	211.765242
247.025574	124.082809	72.705756	210.313485
245.972028	120.916773	73.090803	209.687937
246.826056	113.919337	72.047810	212.355663
245.229036	123.941949	73.670314	203.965649
245.919047	119.355708	75.422806	206.883216
248.775608	119.396699	71.929203	209.271510
247.656121	120.071269	71.061376	209.945255
246.528976	122.124029	73.266322	212.396868
248.121821	124.360272	72.919018	212.077892
247.885614	121.052732	71.948644	210.030287
248.596108	123.253735	72.499099	217.417570
249.076750	121.067640	69.738272	213.773224
246.086305	118.214070	71.932565	212.026660
247.538935	124.760942	72.464286	207.719510
247.089662	116.323133	73.163315	215.691788
245.835373	121.602388	72.524641	209.020534
247.576296	120.114628	73.932945	212.866334
249.106564	125.421024	72.071812	210.599131
246.083028	124.300040	73.944840	209.549840
248.941505	121.533663	70.648493	207.661484
247.323064	122.008095	71.494110	195.969732
249.845513	114.638300	77.769367	205.869060
253.357935	149.673605	74.346896	209.919251
246.436449	135.766092	75.149640	198.047105
242.966257	121.212406	75.909735	208.216631
244.857726	119.546211	73.475776	213.659736
249.114340	121.208507	72.716768	204.887252
249.373671	113.876555	73.109165	213.173845
248.464113	116.195256	72.352274	219.379522
248.187771	121.884853	74.317998	207.144620
249.452355	123.524806	70.897105	206.400851
247.057393	118.798795	72.655812	211.833511
247.733462	121.802602	75.321342	203.653720
250.182924	121.634343	72.106921	206.351490
248.942757	119.516668	71.429162	210.627587
245.475611	114.788104	71.901649	213.561550
247.077506	116.894472	72.395032	212.314527
248.932361	121.954709	72.977675	210.791927
252.710038	118.293506	71.169405	212.121224
248.052533	125.278593	73.036576	205.705707
249.256038	132.792246	75.380524	209.849192
247.997605	125.849449	74.364612	205.578214
249.312122	121.169829	72.574644	209.150907
250.028246	121.300593	73.918027	209.891575
249.798552	125.418593	71.174648	207.338171
247.949424	119.377634	74.765340	213.921856
249.077578	126.306945	74.128365	207.729762
249.063718	122.534471	73.792111	209.072069
248.256340	121.639772	73.623485	208.348036
251.263585	116.393628	71.643552	216.318946
251.122304	123.530515	71.973850	202.590790
251.600064	113.231926	72.153566	212.712872
249.483477	121.692911	74.875530	213.374058
251.546590	127.684796	74.895324	205.109932
254.775486	119.485600	74.296028	213.560179
257.797575	127.022158	74.046019	203.847668
260.405126	119.885262	73.940277	210.758965
265.785561	110.909916	73.903312	216.308836
269.900145	105.323818	71.416895	218.689408
276.219185	104.154681	71.931679	209.821463
277.594626	103.857102	72.370362	211.791284
278.682680	97.831688	73.565258	212.394691
282.084980	107.149994	72.394782	209.327842
286.146460	102.384061	73.089231	214.607082
288.623690	103.259443	72.629484	204.943380
287.322894	115.024649	73.456916	200.112788
287.370727	117.819649	75.982489	196.370574
289.833728	113.124119	72.161776	204.213572
283.124151	115.158818	72.507381	210.349200
281.769197	111.370370	74.990963	211.750814
280.095192	119.708414	76.077855	207.142571
279.066247	125.817584	74.019126	199.596844
267.317961	126.950926	80.736888	201.652430
272.421754	119.380942	73.355119	214.009128
275.572347	124.518859	71.024360	208.230280
268.123833	128.164835	73.201993	206.133745
265.841461	126.651007	70.983153	207.447877
262.663484	123.840592	72.325205	208.225601
262.289747	127.492287	73.171396	206.976451
262.656996	129.193750	73.318890	206.663799
264.435449	131.165289	71.910183	206.259467
261.657980	129.370402	74.024669	207.039114
260.096626	123.491096	73.049448	204.491612
261.275817	125.744207	74.088042	206.455887
262.628018	126.546577	75.270580	211.708305
260.133589	125.297156	74.128627	204.594485
263.100901	119.756916	75.554771	211.685426
274.118424	121.330525	70.345808	206.734948
270.186267	119.077092	75.399224	210.441798
268.380183	116.294209	73.164959	212.405653
267.553815	105.731202	72.873332	216.306901
265.613995	114.306890	73.367059	207.599568
262.792756	106.232805	71.636879	210.770133
262.704427	104.455492	71.098856	208.159026
264.612452	103.388788	73.500942	209.793167
272.606692	93.173628	71.713315	212.582093
273.697167	98.765284	72.633356	207.415372
270.467156	89.618835	72.324347	208.870358
266.699641	91.150147	73.076357	211.900026
263.364137	94.335858	72.092193	203.655953
259.809146	91.942193	73.555777	210.357983
260.177970	93.084954	74.766647	205.575125
264.049462	90.213227	72.329264	208.021432
262.794936	95.276074	74.382953	202.240995
264.706018	95.526751	76.062997	203.870853
266.522281	95.976446	75.516723	204.568725
268.822759	96.857056	73.815207	206.699625
270.353709	95.750858	74.200811	209.739279
269.140356	94.248281	72.770322	208.510751
274.062982	88.675609	71.328217	209.223818
281.627121	95.771138	72.304035	206.865045
279.993433	95.806348	73.970405	208.381690
278.026433	85.533086	71.901316	215.884347
280.509720	98.611216	72.704351	205.724124
280.224230	93.335128	71.856700	209.831101
276.834613	98.353299	74.176286	210.377492
275.782417	101.578316	73.151369	210.710417
276.018347	96.471077	72.621605	208.915096
278.223786	101.271085	73.430312	210.852509
273.475220	105.325061	74.347964	206.849950
270.631626	114.728420	74.514255	201.440994
270.233724	113.551498	74.833869	212.674387
274.662780	118.451017	72.753711	208.753988
273.909734	119.600295	73.678495	201.787515
275.564911	117.717693	70.835441	204.653454
274.087095	117.036131	72.538380	210.434573
275.919423	116.869627	76.014195	203.779580
277.957795	112.721291	71.887541	213.868395
276.338442	113.334187	74.231184	207.304017
277.913549	112.429963	73.440379	204.104012
273.884677	106.212266	74.330091	208.553942
270.650292	105.469884	71.587992	210.509817
265.505524	104.533198	72.140588	207.825439
263.536985	103.903125	72.158948	210.329229
263.984613	106.006276	72.225311	206.054592
264.939490	111.197886	72.878635	207.533425
266.729595	112.401523	72.417103	210.148412
271.245188	109.532132	69.333332	213.214062
269.402759	109.516843	72.979667	206.536920
269.012599	108.991842	74.623399	213.359634
271.751422	114.349876	72.268627	209.801279
274.295437	118.343963	71.960054	207.487844
277.087883	112.040187	72.748305	212.650452
282.036330	113.689055	71.436181	215.968831
281.760849	110.286255	73.215185	218.285699
284.630304	113.044322	71.114406	215.853529
284.755844	115.818489	70.066171	212.997517
282.812350	123.588240	71.646472	205.062211
284.601151	115.795443	73.710157	210.679908
287.627129	120.314469	72.281578	206.392987
285.781098	113.935063	73.692276	216.913788
286.164902	113.316605	73.863423	210.684492
285.664457	117.809516	73.450667	212.677564
285.372206	115.461826	73.875333	206.884022
284.672973	113.061763	73.589121	215.634089
282.272808	114.663158	73.368066	210.221837
282.285773	124.449079	73.330186	207.334796
283.899271	122.532843	73.684265	208.914722
285.290877	121.067495	72.753549	212.062998
284.855100	120.624602	72.540691	214.065222
285.661700	119.782581	72.823294	207.885830
285.548156	123.156205	71.683585	207.555559
283.881409	120.829471	74.808378	208.644281
282.628400	120.182050	74.950037	205.017706
283.808196	112.909338	74.285110	218.857874
284.646383	113.265964	73.212160	210.791661
284.084416	113.623851	73.273473	212.691886
284.890182	118.885664	75.276603	209.364466
283.978448	120.105043	73.796629	211.242435
285.481413	114.443911	71.414016	210.851192
285.820021	119.453689	72.450201	213.073365
285.458485	132.601045	76.458670	208.061729
301.828611	132.542559	76.425660	198.893370
282.220718	108.712351	83.177650	228.424005
287.224942	124.603902	73.191028	202.966996
285.965950	120.036833	73.802663	209.155384
284.469530	118.097230	74.309579	210.216071
286.839375	118.465926	69.919681	210.401125
286.373948	127.557885	73.534068	204.471729
285.411597	122.746820	73.277286	208.243331
286.628590	117.610230	73.032163	208.302587
286.596464	125.209580	72.774466	210.130034
285.091771	119.276841	71.960964	209.434398
285.497013	123.277669	72.202016	199.073512
303.039671	131.790403	69.786699	205.516814
286.897467	122.906622	74.301249	222.983869
285.116745	125.259889	70.509431	215.865417
287.058811	122.519577	73.446555	209.615486
286.679974	124.668602	74.141880	206.065244
288.104283	119.416342	72.298774	216.082367
287.556351	120.106469	73.574133	212.813324
286.127273	122.597191	73.152398	210.626452
285.206977	121.270465	75.392362	208.365712
288.498380	123.815543	74.362414	207.396244
287.406100	122.339450	73.925618	210.624909
286.756717	115.451208	74.321571	212.055649
288.026064	125.048629	72.811363	215.634008
286.769800	118.128060	73.786431	209.398516
283.627896	116.489970	74.472058	208.410553
285.662841	116.809758	71.678989	209.178437
288.280285	114.987026	71.231939	211.656740
287.251574	110.093329	71.756985	210.332967
285.249443	113.419216	74.589969	211.020188
288.512904	123.279850	73.184968	207.035275
286.710173	116.918996	72.482070	211.652543
287.893248	119.076503	72.536107	210.173065
285.275979	124.756003	72.828652	208.760471
287.523712	118.069341	73.520436	211.020048
286.276866	117.914629	74.041374	210.336884
287.425284	118.803881	73.269995	214.274201
287.516563	124.027809	72.307303	208.791870
286.773348	119.327534	73.232122	210.237596
288.115643	121.448247	72.916018	209.500294
289.964790	121.815709	72.733897	206.859060
294.264395	123.290261	71.753575	209.361834
300.895512	131.929404	73.394334	195.570849
306.623380	127.702827	74.805592	211.009198
308.578798	137.037567	73.780607	202.551210
312.553838	133.617172	70.254236	205.570156
308.502267	134.135624	71.615252	212.274819
306.035178	140.456672	72.497573	208.341625
299.457890	146.862790	78.225568	220.279737
295.547057	150.737082	75.253024	216.092060
282.507193	155.453645	77.789268	219.866071
270.219659	155.265970	80.483611	216.014621
259.738403	156.101935	75.424131	221.521453
246.384265	161.813642	72.543814	213.790180
232.820474	163.143051	71.502962	208.784808
220.306948	153.319308	73.326148	214.233781
206.625369	147.011079	74.798328	215.130175
198.449834	144.417867	69.090321	210.154318
186.125887	134.695417	72.513673	217.144402
178.000464	131.266684	71.694456	211.905658
172.996513	122.031846	72.253085	211.836273
167.526952	123.556944	71.840308	207.963702
162.086229	115.181081	71.566524	211.754010
156.282287	114.014967	70.963643	206.446241
154.600389	113.983023	73.548008	209.093529
153.270000	114.774228	73.502887	210.278667
150.691656	116.395431	73.063149	208.819795
151.304245	121.476074	72.384924	208.217613
152.928504	124.773446	73.160149	208.038176
152.769240	123.905060	72.405534	215.266735
153.426206	124.681727	72.960279	211.471722
155.632407	127.513333	72.537525	205.817685
157.649564	124.642595	73.345967	207.355036
160.525471	112.562679	72.435213	218.406431
158.259869	125.468955	73.534409	207.374007
157.856435	126.403601	74.074903	202.644552
153.506866	119.208564	71.345037	211.792117
151.740237	131.816022	74.353551	205.620367
155.395364	126.594102	73.137374	205.006987
156.850965	119.466157	73.150440	208.550522
153.420447	115.894727	74.413289	214.350304
153.178225	126.777043	71.256215	209.874491
154.761384	129.455517	73.141412	208.164719
157.452534	125.606237	72.651448	208.729921
156.644426	119.349019	74.250014	208.894257
156.904681	120.383262	70.927493	210.107892
154.647740	126.667593	74.628596	209.800190
156.044036	121.512203	71.948785	208.805991
155.844653	115.557647	72.439129	212.068493
155.959583	125.426536	72.504498	206.111173
156.792210	126.291531	74.440869	206.367344
159.470878	122.420631	72.540534	206.431199
159.702690	121.997197	72.344561	206.673119
157.277080	122.770643	72.689337	208.736848
153.875023	122.928339	74.053881	212.708745
155.903598	122.753660	73.682989	209.961687
155.451983	122.044363	71.550561	210.705753
155.542557	128.088672	73.918656	206.585687
155.612944	125.438390	72.876028	211.160530
155.155892	127.065983	72.208180	207.053080
158.721061	121.823666	71.379007	207.550720
150.517931	123.664465	76.451314	209.877850
161.158653	129.378113	76.187459	198.729050
153.333539	134.836359	74.510813	201.858364
153.251602	124.468629	74.783070	212.285522
155.900231	126.338756	73.690472	207.244400
157.122648	118.529707	72.991472	216.668786
155.929270	124.260158	73.703883	208.468407
156.315935	117.895420	73.501656	213.365607
156.101650	119.312187	73.179732	212.135274
158.877104	120.630628	71.566815	214.080468
157.530739	119.796597	73.835391	210.290883
157.963902	121.746881	72.137209	207.398263
157.626273	120.808308	73.265130	208.318968
158.087879	123.983163	72.430337	208.110121
156.730689	120.259649	74.971565	208.090444
157.239907	122.205863	73.022047	211.853665
156.597255	115.020928	72.276333	206.456371
153.649546	120.184956	72.220504	206.540432
155.123249	122.499187	75.055587	209.758130
158.384572	120.964640	72.535669	211.445765
160.462232	122.300853	72.435042	209.437833
157.344772	125.837391	72.469510	207.666747
158.822777	129.404483	71.480837	209.641815
159.845058	118.586271	72.182379	214.539959
157.421882	120.847246	72.309420	206.310355
157.875035	123.344003	72.935633	209.829277
153.319903	123.823263	72.318654	209.610513
151.083323	117.546001	71.551056	213.758051
150.462348	126.777610	74.553796	209.216329
153.133982	124.870809	71.713096	214.520459
151.808514	127.185111	72.593034	208.758845
148.705393	126.404811	72.864652	207.281085
150.790066	127.054940	72.778440	207.563134
149.071427	123.971261	75.132186	209.619054
153.709650	123.503974	72.649890	209.521272
153.245381	121.423181	74.206303	208.193528
153.173430	118.050848	72.788781	212.851306
151.821559	125.687392	71.956780	207.484552
148.783803	127.973075	73.409769	208.558870
151.811580	124.063041	73.321330	212.030667
152.634612	123.643056	72.517052	212.238159
152.051671	122.816838	73.015663	211.153005
148.262624	124.944243	74.415814	207.708605
148.075531	131.662885	75.765474	205.999321
151.092836	125.252615	74.959902	215.210656
150.369212	122.138301	72.300372	216.920966
153.097214	122.560784	73.223635	212.169432
150.819278	123.618823	73.238171	213.253794
152.456375	128.319002	71.974921	208.473323
149.840174	124.623006	74.332744	212.241270
149.136484	123.053404	74.064396	209.254735
153.790722	124.995557	73.160409	207.144962
153.729395	124.979538	73.121259	211.905734
153.934427	125.654614	70.697386	207.158475
152.251101	118.014782	72.480970	211.216041
153.200823	117.808086	72.862898	213.321443
149.996402	117.238006	73.167574	209.143075
151.676369	122.015417	72.686528	212.734740
152.128647	125.246886	73.238525	210.380851
150.949088	122.557695	72.999747	209.978180
150.333529	131.965901	73.173057	208.126714
149.813766	128.343436	72.223688	210.277611
149.476013	124.487284	73.813569	205.161282
149.271033	120.397142	72.508980	213.837222
150.086535	124.233370	74.051973	210.223081
148.398700	122.601261	72.653365	212.466327
150.814361	128.362692	73.230146	206.848409
151.439819	132.526216	72.399582	204.153247
153.401464	126.542783	72.800501	208.384757
151.381911	123.085908	72.939767	211.202757
149.816722	131.343598	74.290525	208.850054
149.167831	130.597022	72.193741	204.716583
152.911762	121.726235	73.272795	214.347997
153.287780	125.760045	73.391176	208.283823
151.098493	122.161529	73.584100	210.680027
149.429814	125.970931	73.242599	211.416929
151.364223	132.316463	73.657779	207.019356
151.426728	127.866542	71.549272	209.541965
152.528639	124.908621	73.297007	214.953697
150.885484	119.532468	72.050899	212.655527
152.051702	128.381568	71.610272	204.348680
150.544578	124.044052	74.086974	216.837926
152.733468	129.704133	72.477818	207.558300
149.067459	122.128773	73.585550	214.023852
149.763051	124.593706	73.828323	208.117967
153.090427	130.286908	71.863857	201.535614
152.387738	124.788162	73.409476	212.726113
149.307428	123.903267	73.274082	206.979225
149.372820	122.771598	72.773960	214.441101
151.878168	126.084999	73.892247	210.792649
150.361602	119.798973	72.695106	215.109399
150.382405	125.852652	73.811045	209.414879
151.988019	126.399453	73.897095	209.838507
150.653815	121.411352	75.783304	213.749054
152.149577	123.764129	73.070176	214.144776
151.520886	127.053335	72.692814	210.636878
149.419329	128.207679	74.475320	208.792539
150.036026	136.908647	73.140353	201.032898
149.342810	126.370514	71.610327	210.211157
148.281068	125.832053	73.568909	209.003924
150.904136	124.406926	73.768729	213.268924
153.229147	130.280502	72.145412	210.336051
151.004876	122.787099	71.864369	212.641481
153.968639	126.328792	73.740161	211.381365
147.869884	129.313501	74.400322	206.998862
147.138514	126.715099	73.579872	209.524155
149.515147	125.754399	73.829746	209.744868
150.390759	129.759751	74.294288	204.982018
150.815850	124.053126	74.195297	212.245467
151.083190	126.421111	74.287761	208.747701
149.334497	128.685820	74.161023	208.735034
151.103518	126.529548	73.208830	209.566089
151.036561	127.908436	73.736534	206.983766
150.407544	120.710896	72.635785	214.616325
150.837066	131.928296	72.219442	207.186005
149.373259	120.705430	72.603298	215.877844
150.697127	123.229043	72.621151	209.745395
151.568736	121.586879	74.853528	212.257741
153.533504	128.697347	73.251431	206.644316
151.832545	122.870840	73.351927	211.702674
150.179651	127.348077	72.893832	211.243494
148.934858	129.689264	74.162869	207.402263
150.050086	126.524112	72.355362	208.291982
150.373457	128.400074	74.577670	211.015628
151.847851	130.183077	71.950596	213.711568
151.195271	121.927617	73.367681	218.578515
151.002737	126.577653	74.812450	209.860361
148.546571	120.624735	73.780145	211.686496
149.630210	128.336036	71.745383	208.070320
149.762160	134.084129	72.487196	208.371321
149.469177	126.780285	74.122002	213.716370
153.064392	124.947482	72.786933	213.874941
152.699239	128.564701	73.291065	215.827661
153.617495	125.726074	70.716303	208.452515
149.838477	127.918254	72.996378	212.424464
