84.000000	53.000000	62.000000	70.000000
86.591779	54.007136	61.505073	70.532226
86.710986	54.166450	61.692914	69.067156
88.751565	52.844943	64.197201	70.633154
91.053621	53.269826	60.202481	69.550376
89.109798	54.744300	62.701424	69.756564
91.152728	54.368276	62.172357	69.871354
90.883130	51.560807	61.875330	70.860303
91.289846	53.014097	62.708630	69.562561
90.473207	54.710099	60.465767	68.120544
87.407427	52.377125	63.937467	69.986011
86.919640	52.953103	61.985868	68.695099
86.160517	53.718436	62.291149	69.896086
83.498351	54.847212	62.735416	70.720175
80.160963	55.858392	63.151307	68.763400
82.709258	55.993360	61.963808	68.213719
80.718104	54.572203	60.399467	70.282314
78.048936	54.383060	61.294995	71.319249
77.294513	55.541856	62.742898	69.786017
76.147896	55.127600	62.640406	72.314825
72.928416	58.897112	63.058120	70.605712
74.352237	58.811596	62.361552	69.685387
74.611828	58.050512	61.786126	69.230983
76.492373	55.771937	61.648234	71.900722
76.322370	55.724937	62.162737	71.279216
77.619343	59.593375	61.497307	69.942338
78.122974	56.162024	62.781737	70.441853
79.171036	58.488298	62.803997	68.901124
80.977067	58.286536	62.383229	70.128624
81.762024	56.092447	60.877268	68.942042
82.198599	53.756444	61.925967	71.872027
84.760545	53.249179	62.007750	70.047869
84.213874	53.885468	61.025963	69.676314
86.377482	51.625891	62.021034	72.048603
88.257881	52.179044	63.331003	69.467635
89.610573	53.717780	60.241519	69.911803
88.830934	51.830410	61.648356	70.291075
91.531825	53.356325	61.748694	71.497815
91.112487	52.968052	63.264895	69.490627
92.264848	51.702869	62.550309	70.033643
93.811539	53.975416	61.230702	68.627216
94.773750	53.431164	61.641189	69.286037
96.266547	52.349503	62.316794	69.648254
95.396774	53.545563	61.465430	67.894383
95.940002	54.934455	61.876227	69.023521
96.454148	53.149379	61.432598	70.308062
98.624659	52.063441	61.594392	71.718341
97.486650	53.842160	62.357644	71.252821
98.953446	55.438294	60.717488	70.512733
97.230923	55.752489	64.337792	69.442203
97.706427	55.265030	62.011936	70.718597
96.233447	56.402639	62.670970	69.158146
95.016301	55.731303	62.756096	69.035918
96.857727	55.299135	61.344133	70.941747
95.138742	55.884802	63.539745	70.005039
96.890546	56.328743	62.343985	69.361319
99.121005	52.403430	60.812131	71.994447
96.086285	53.445835	61.128676	69.198140
94.501179	54.198601	61.498964	70.304928
94.508084	54.070746	61.496858	69.541068
91.886716	55.267536	61.768935	69.925542
93.832627	54.866907	60.654024	69.958916
90.494360	53.932252	63.146644	69.834051
88.739319	53.524415	62.676187	71.666471
89.088230	53.803203	62.914576	71.109473
89.402347	53.753329	63.164053	69.064743
88.808434	54.273638	62.439996	70.137458
88.224076	54.179563	61.616687	71.143565
86.752714	54.261388	61.437256	70.023624
87.341598	55.697151	62.565456	70.927297
86.052503	54.933689	62.575230	70.174709
84.324934	53.941858	62.472856	70.099926
84.431717	55.078491	61.748850	69.483145
84.456736	54.751668	60.991379	70.285028
82.372421	56.017561	61.140964	69.428253
83.354583	53.747558	60.387263	71.081373
83.574340	55.813795	62.473104	69.371742
82.794530	56.940670	63.625946	70.468507
81.166510	54.841005	62.165005	71.412292
80.744721	54.171085	62.395149	71.687939
80.358951	52.347859	62.620619	69.374041
82.262436	54.997403	64.225806	70.146381
83.121327	53.906193	61.231383	69.325933
81.516988	52.372826	62.090438	69.962318
81.248649	52.395400	62.409713	71.151172
81.909731	56.007987	62.809848	69.507440
79.413527	53.373452	62.570150	70.806871
80.647330	54.114437	60.911914	69.915635
79.636857	54.616991	61.834561	68.478874
79.664589	56.743376	61.357895	68.818046
78.185429	56.680976	61.529758	69.174820
80.705026	56.190680	61.446400	73.876700
82.652230	53.975039	60.416858	69.728702
78.823172	54.872439	63.350771	70.558368
80.176163	52.118268	62.082104	70.576066
79.995291	52.459682	63.234602	69.872773
78.895696	53.292862	62.577575	71.783894
79.652647	55.838262	62.284558	69.068931
79.412904	55.046861	61.537384	69.144709
78.126784	55.171830	60.984308	69.993438
79.990859	54.416734	61.779391	70.759931
79.248173	55.253821	62.068593	68.398798
78.072452	52.888765	62.689047	71.481306
82.146345	53.463916	61.971741	70.710141
82.261874	55.503496	63.171103	69.593912
81.886908	53.255425	62.295334	70.450237
82.250743	56.883685	61.212036	70.019629
82.886721	56.416910	61.604924	69.263550
83.591734	51.950363	62.301461	71.949859
81.508154	55.274369	61.297154	69.592117
80.245354	56.850388	61.809944	69.976072
81.537784	54.932901	61.839622	70.196225
81.751862	55.519862	62.909920	69.168473
82.883800	56.677437	62.590659	67.828418
84.194640	56.115243	61.632182	69.561473
82.346940	55.204259	63.803730	68.379698
83.628431	53.640992	62.671327	68.540955
83.752663	55.096264	61.059974	70.681205
82.790417	54.614919	62.459194	70.633619
84.889050	54.860119	62.295320	70.140520
85.857982	55.105239	62.169977	68.714852
84.261935	54.229089	61.955177	70.645758
83.586764	56.453809	62.126491	69.299502
84.467431	53.888663	61.970137	71.692764
84.235353	52.756208	61.606902	71.812359
85.809559	54.686092	61.318681	68.867320
86.766228	55.080261	59.932039	68.475751
86.022792	54.575348	62.077846	70.060229
87.835390	53.333113	62.206237	70.122311
85.858886	53.546118	61.548905	70.101745
84.467854	52.895984	63.233769	70.750062
85.978849	55.888361	61.101744	70.496145
85.137483	55.346805	61.421967	68.355984
85.062594	55.903126	60.611908	69.545804
83.604413	54.784688	62.169549	70.340922
82.382948	55.000539	61.240787	70.529152
80.911930	55.985868	61.700232	68.494386
80.179040	56.505095	62.199701	69.076669
79.819810	56.442758	63.905043	68.438602
79.656741	55.624623	62.311902	69.641506
80.528998	55.027716	61.904244	70.006995
78.194464	56.038382	62.683761	69.579480
78.452230	55.350821	61.748806	69.101355
80.297947	56.208493	61.440210	69.375943
82.172560	55.044326	61.013085	69.284328
82.073996	56.053917	62.582015	69.272813
83.453921	55.227155	62.821239	70.842814
85.041073	55.995329	62.071780	69.731660
84.580629	53.861401	61.453077	70.009119
86.745065	51.373472	60.840509	72.795623
86.045293	56.346534	62.043307	68.150672
86.458361	52.495203	60.264667	70.091352
85.739492	54.498548	62.023901	68.266326
87.119657	54.216320	61.112221	69.937513
86.871103	55.381000	61.655598	69.400393
84.600150	54.179170	63.909982	68.947822
86.305522	53.357233	62.632490	70.879983
85.200689	50.607398	62.713602	72.063748
85.011686	51.099620	61.290095	71.345834
82.743014	55.513487	62.458229	70.917142
84.479058	53.738733	61.904849	71.160389
82.014260	54.948030	61.846859	69.473964
82.810605	54.584918	62.289445	69.956145
81.512275	52.499450	60.653009	72.115812
78.871187	53.834695	61.983505	69.731161
78.147930	54.256005	62.662004	69.584693
78.556026	54.055349	61.841265	71.766883
77.514276	51.277517	63.802847	70.575815
77.178619	50.801987	62.057266	71.257971
77.557448	52.906062	61.473392	70.358976
75.331467	52.586865	63.577453	70.786528
75.511919	53.595391	62.365940	70.694362
75.456283	54.039150	62.574263	69.850646
76.375575	53.358969	61.568305	69.789972
75.533600	53.027427	61.676719	69.749726
74.251983	52.958803	62.133629	68.234009
74.672034	52.085192	62.273209	69.116008
75.832548	52.840865	60.724150	68.991085
75.992628	52.801870	61.314009	70.517329
76.094247	54.928542	62.114220	70.689321
76.894219	54.182433	61.670083	70.332140
76.844177	52.779908	62.491450	71.863431
77.337033	55.731103	62.142548	68.953670
79.414800	52.514556	60.288743	72.134508
80.628498	52.745984	62.595061	70.373096
80.538643	53.152056	62.319077	70.510070
81.682752	52.091677	61.819473	70.998840
82.080507	52.426711	62.892606	70.128535
84.583985	53.535044	63.041070	71.330716
88.145286	56.168016	61.720832	69.530984
89.078276	52.735036	62.396463	70.519870
88.852516	56.465610	63.856248	68.558196
90.333456	57.030360	62.402230	68.550002
92.290578	53.424260	61.305775	70.184355
93.600083	53.471402	61.660857	68.283435
95.610816	51.586890	62.048166	70.561404
94.375972	53.623470	61.941950	69.942528
96.042411	56.341659	62.470264	68.152431
94.616536	55.807696	63.178133	70.703616
96.693270	56.123484	60.181504	68.694039
95.199070	56.064578	61.574554	68.478310
94.966834	52.477934	63.811821	69.502653
91.476865	52.180439	61.573916	70.693807
91.674021	54.698276	60.774327	69.391454
88.852840	53.663415	62.013227	67.893182
87.311152	51.269521	63.520098	69.890952
87.445941	50.534180	60.579203	70.534335
87.050044	52.759585	61.061585	69.917615
84.389334	55.708152	61.288951	69.528837
82.886656	51.180339	62.757474	70.707221
82.303853	51.092376	61.205044	69.474851
77.481728	52.047838	64.484518	71.274353
77.554297	52.157746	61.964199	69.720796
77.423310	53.165253	61.286297	68.589465
77.191053	53.654974	62.900428	71.168747
76.592234	53.251516	61.450968	70.968628
76.687038	51.085558	61.551975	70.742004
74.847754	51.188672	61.123408	68.814380
74.150205	50.839877	60.921805	69.402451
74.393132	52.179132	61.108698	69.888373
75.639611	52.022790	62.809118	70.076326
75.988184	49.979712	62.779877	70.562944
75.572333	50.079507	61.540504	69.038998
76.717252	48.111760	60.864364	71.598166
77.304226	47.770116	61.756455	70.658263
77.597702	47.942210	62.592702	70.018531
80.583268	47.382418	62.134657	70.645714
83.277534	46.928099	62.171725	69.897711
84.011538	47.973300	63.219249	69.510035
85.137193	48.170025	62.599290	68.929175
89.781687	47.129290	60.922957	70.605685
92.122845	46.466810	60.468257	70.887454
95.364436	47.801292	61.652086	70.097607
100.397876	47.041773	61.738183	69.999777
105.310714	47.408495	62.669703	71.006495
110.040346	48.249339	62.605160	71.009045
115.545603	49.987535	62.061973	71.112263
123.540096	48.407014	60.986556	70.208914
128.096969	46.958087	62.864004	71.343182
133.093367	49.225062	62.928796	70.750251
140.255018	50.353740	62.807172	69.061443
146.021685	45.414259	62.631795	70.445127
148.675105	45.660953	63.505577	71.304534
155.780604	49.217009	61.287950	68.429034
162.066097	46.459431	60.908488	69.769634
164.429234	44.002360	62.410725	72.134005
169.826669	45.708267	60.931187	71.522095
173.676072	46.744350	61.103638	69.383981
176.601806	46.483595	62.109677	69.069897
178.523884	46.113494	63.666095	69.843856
182.473024	47.320898	62.197375	69.987407
182.384336	45.271363	62.605885	71.479308
187.097097	44.809681	61.196845	69.281863
190.252651	47.258635	62.362930	68.827024
190.019319	45.324578	61.936727	69.984000
190.884150	45.481256	63.942701	69.831115
189.467366	45.409796	63.389205	71.499815
192.018712	47.008800	61.514651	68.624951
190.605694	48.971966	63.527307	69.906375
189.654845	49.524207	62.140607	70.042586
190.577200	47.086770	62.265772	68.756252
188.623999	44.553482	61.784519	71.476470
185.839278	47.314043	62.640839	69.765873
186.523151	49.352422	60.723320	69.609565
185.123361	49.869310	60.411903	70.217280
182.201375	50.363109	61.377068	68.839745
180.301152	50.127179	63.038483	70.325072
176.418316	48.863803	64.117181	70.700808
173.839199	48.245288	62.881196	69.246108
173.143977	48.162216	61.938005	70.957767
169.461059	49.748915	61.956603	69.530995
165.437964	47.297966	61.141838	71.301436
161.132678	46.669873	61.570800	69.714804
156.703986	48.958582	60.168693	70.525869
151.116556	50.018029	61.728798	68.620809
147.650191	49.804760	62.851744	71.293601
142.731620	51.618594	62.135574	69.541303
140.605704	49.673956	60.927984	71.266133
133.538068	48.216190	63.605827	71.684467
126.129112	47.292398	62.041322	69.957779
121.719348	47.866573	63.446287	72.362298
117.961854	50.665547	61.946411	69.550844
113.935836	50.757309	61.424702	69.610574
108.981973	51.867112	61.536637	69.679951
103.558882	52.053890	64.446394	69.177088
101.701453	51.114886	62.320075	67.891395
97.629464	50.802515	61.884293	71.585225
96.187832	50.753226	60.580086	68.613807
90.414768	48.920979	62.913400	69.868791
89.774455	52.185305	61.078431	70.415311
87.101947	50.918810	62.020251	70.193147
84.396078	54.935831	63.037431	70.998420
80.948185	53.504775	63.905859	69.422760
82.598455	48.371341	63.480114	71.388877
80.886045	51.768879	62.618201	68.962558
81.580738	53.544519	62.010451	69.595831
80.594446	50.476938	61.343185	70.448299
79.932546	51.825434	61.750346	70.992492
80.323401	51.983369	62.496944	69.751536
79.881520	51.286009	62.036534	70.827323
80.329318	51.608263	61.423918	71.012852
79.505081	54.221307	61.552662	71.651168
80.321398	50.436344	61.764840	72.118987
82.675047	51.663452	60.919468	69.606534
82.816764	49.644557	62.649007	69.938824
88.129241	50.165411	61.000295	71.304462
87.604826	52.374099	60.917155	70.834250
89.526928	51.788803	61.348817	69.969601
91.548235	49.910200	61.657251	73.420104
94.564160	51.854999	61.768577	69.656875
95.483785	52.490548	62.019558	70.685785
99.146634	54.492780	61.429038	68.645753
103.783318	51.771511	62.395152	71.049893
107.182704	56.030903	60.402974	69.085559
109.545576	53.587452	61.304486	70.416127
117.018345	53.797006	63.283624	69.275323
119.166830	52.472953	63.098279	71.222526
124.854633	53.089322	64.996971	70.694203
131.191280	55.886627	62.178546	67.875554
136.349385	51.902410	61.460698	70.895917
140.357909	52.398169	61.787163	72.046302
144.784722	54.451366	62.807289	70.333321
146.780206	54.300499	62.866018	70.917218
152.987213	55.059255	61.462961	70.277399
159.321633	54.249064	60.811633	70.707948
162.398823	52.874417	63.360934	71.090698
166.470592	55.644622	63.764763	68.969868
169.263505	54.152773	62.988598	72.579695
174.229755	57.200997	63.312126	70.221354
178.955072	56.641321	62.249798	68.693628
182.734318	55.505607	60.996948	68.192649
184.956619	53.001049	61.201182	71.117892
184.125977	53.698864	63.146616	72.771756
187.549257	55.538228	63.946031	70.584255
191.344145	55.431546	62.240735	69.654142
194.343919	56.607198	62.670647	68.807067
198.550336	55.412273	61.612152	69.130896
196.559547	57.659429	62.724249	70.565537
198.806331	55.157646	62.611816	70.669656
199.313697	57.251919	61.499367	68.798564
202.623262	55.922980	62.240006	68.821666
203.193540	53.867548	61.163385	71.032363
201.355665	54.192602	61.507790	70.561422
203.138600	55.296608	61.094937	71.288547
202.106690	57.585723	62.029026	69.149406
201.239185	56.194676	62.360155	68.735485
201.714656	55.141567	60.916345	70.355626
199.221102	56.992638	61.472857	69.443823
197.193102	58.018410	62.577410	68.721990
197.198746	56.292540	63.143450	69.845953
197.624293	55.962986	63.832358	69.344323
195.022155	55.647708	60.356854	70.034819
193.480404	54.148735	63.079826	67.693270
192.631797	54.741603	60.928811	69.364068
190.494249	53.511679	61.959762	70.089417
189.614329	54.063905	62.166679	69.690360
186.183268	57.146752	61.925201	69.434350
182.482724	56.216163	62.081392	69.177850
181.509665	54.149141	61.221372	69.349273
179.587213	54.214914	61.048783	69.773231
175.322533	53.008245	63.331202	70.529402
173.114130	54.547928	61.248519	68.616987
170.258669	49.975539	63.650978	68.999966
169.010407	50.833247	61.159290	69.137107
166.278823	52.654009	61.085780	70.916074
163.019739	52.895477	61.051712	69.871106
159.293238	51.832479	61.233354	68.276379
157.870922	53.369078	61.137765	68.022969
152.155629	52.290171	62.463521	67.295123
151.720961	50.576186	60.227675	69.901058
149.137554	50.948836	60.345744	70.231580
146.479549	52.680560	61.667768	69.685747
143.882985	48.616054	62.173750	72.166142
141.895316	51.191070	61.573367	68.463774
138.741780	48.360093	62.557473	69.795243
136.711547	51.376675	62.066334	69.905564
134.645197	51.021265	61.125662	69.329444
134.695848	50.371119	62.308813	70.871516
133.988129	51.011725	61.316454	69.862824
133.002533	49.197159	61.450617	70.111621
131.068230	47.663538	61.918900	72.194882
130.179256	52.324821	61.930874	70.368546
127.989395	51.855196	59.610571	70.588995
129.029163	52.203684	61.738789	70.557400
127.402546	51.587023	61.736538	68.966723
128.587786	50.070833	61.932035	69.368955
128.967623	53.019557	61.462805	67.749280
129.049388	52.838466	61.894035	69.769432
130.162929	51.660535	61.515908	69.910252
129.307264	47.209732	62.196589	70.189345
129.779974	47.661728	62.556922	71.977898
129.775910	50.530609	62.885379	69.990633
132.360096	49.866775	62.401214	71.560727
135.179760	52.114858	61.220714	71.758720
136.911817	52.361667	60.418885	70.111089
134.830154	50.645189	62.280818	68.866272
137.964819	49.985871	62.008363	71.412541
142.711887	49.227604	60.539004	68.381945
143.508954	51.113220	63.008301	70.637337
147.709153	50.609439	61.380858	70.596770
149.823207	48.474612	61.782524	71.485938
154.895278	49.178770	61.579865	68.870281
158.770354	47.961339	62.322370	70.425284
161.005039	48.843168	61.354430	67.634892
164.754742	47.635591	60.672685	67.755724
169.553400	45.261455	61.136401	72.199476
172.812890	46.129479	62.948813	71.086583
175.555117	47.225671	63.913832	68.752597
180.316851	48.708784	62.179683	68.508292
184.857561	46.458542	61.142074	69.863153
188.589543	48.107313	62.227170	69.600388
192.485839	45.540367	62.247945	70.175765
196.530537	44.661717	61.606155	69.639386
201.183644	42.540702	61.678660	71.957835
204.874247	43.474812	62.136025	71.710931
208.665765	44.208359	60.962992	70.743785
209.571406	45.515891	62.518618	71.152304
213.311907	44.521376	61.129370	71.157675
215.451651	43.127617	63.315604	68.678946
217.994895	44.583788	62.854596	69.906867
219.364123	44.458593	63.834780	70.389613
222.476317	44.201099	63.971875	70.201120
223.678874	45.062423	64.159691	70.088569
229.506800	43.775035	62.128916	68.667497
227.893284	44.665657	62.570313	70.954461
227.733966	45.500391	62.339355	70.665586
228.133217	48.512313	62.699395	70.689451
231.975693	48.307660	61.108650	71.583407
230.013046	46.434996	60.719421	69.407562
228.918046	43.980366	61.732757	71.093954
230.435512	43.550336	62.057015	68.863878
228.863368	45.936878	62.368737	68.912367
226.668376	45.606638	63.117217	69.474694
227.404242	45.246782	60.564126	69.995363
224.400164	43.890576	61.778909	69.647212
223.325095	42.282523	62.015812	69.778116
220.633801	44.558297	62.905073	70.308266
219.721375	44.728700	62.716234	69.442692
214.928268	44.317691	61.764597	67.921942
212.347336	41.781055	60.198019	71.233628
208.381614	42.438911	60.749962	69.427412
205.256792	43.285243	62.513673	68.924655
201.272601	41.641516	62.588287	68.208794
197.179361	39.213611	62.061997	70.824583
193.510136	42.858592	61.122576	69.718115
188.706197	42.020372	61.204478	69.447020
185.251520	42.122956	63.086315	70.510876
180.089212	42.567540	62.637866	70.932804
176.508961	41.180459	62.210457	70.415366
173.200205	41.817287	61.865800	69.421924
167.731780	41.264305	61.711427	69.029976
164.377924	41.063891	61.640797	69.929855
159.418277	44.641755	62.037223	68.999492
156.128938	43.985106	62.446614	69.903686
152.926561	42.024408	62.241340	70.347265
150.682613	42.938218	60.981768	70.282884
146.341593	44.148543	62.463176	67.609433
144.598092	41.931385	62.389724	69.503841
140.647140	41.685201	62.208746	70.502843
138.213330	43.897300	61.802319	68.290008
136.840650	44.869022	62.336782	68.450260
135.384945	41.699751	62.148942	70.179431
133.686344	44.761782	62.102002	69.479829
133.753123	42.806336	62.400603	70.781006
130.561187	43.645153	62.011464	68.820635
131.934264	42.954800	61.064293	68.840208
131.811631	45.175136	61.298503	70.407728
130.157023	45.958080	63.582592	69.770361
133.366112	46.173587	61.581558	68.539035
131.395224	43.652657	63.571283	71.045060
133.454028	44.236419	61.072638	69.400906
135.314828	44.093690	61.072048	70.444987
133.858324	45.527056	63.777103	70.565315
135.048695	49.487395	62.109509	69.067811
138.534783	49.780574	61.615685	70.656941
139.044059	49.409906	62.162245	67.748930
141.574973	47.675431	62.681432	70.474529
142.895808	47.487769	61.131890	69.724748
145.808308	46.956862	62.423533	71.468445
147.627328	49.666860	61.435892	70.925877
149.297888	51.012971	61.174271	69.999535
150.054248	50.635692	61.118415	70.503303
148.556744	51.632788	63.534107	69.290746
150.850457	50.592502	62.309262	70.192750
151.231344	51.576804	62.814357	70.782679
152.359296	51.369762	62.494992	70.163286
152.250527	52.505868	61.330144	69.276969
153.197965	51.682664	62.521161	69.403047
153.197222	52.059796	62.053437	71.760593
154.387856	53.339158	62.809635	68.920731
152.181290	54.064418	61.843691	68.625437
152.250733	55.033244	62.168663	71.398747
153.614686	50.447282	60.392285	71.319725
153.137657	51.480286	62.117595	69.646476
150.269113	50.658579	62.105882	69.181380
150.245915	52.428160	63.642402	69.351515
149.300745	55.622463	61.173554	67.244573
148.122422	52.638605	61.233439	70.086033
148.640363	52.727218	61.508237	71.087595
147.096054	54.310732	61.971895	70.637140
146.558710	54.888357	60.890513	71.022631
140.829064	54.195161	62.547208	69.003739
139.477750	51.534926	61.850434	71.283219
137.962394	52.080722	62.149603	71.580157
135.999684	54.252011	60.891509	69.279233
134.013021	54.557794	60.427348	70.401700
129.187542	55.938450	62.525948	69.050476
127.121202	53.137132	61.465676	70.671202
123.489323	53.350543	62.967612	70.066416
119.854227	56.139565	62.672490	69.406425
117.320060	56.777760	61.720738	68.592329
112.040981	53.493748	62.131412	69.982172
109.303789	56.520807	62.237655	68.600269
108.205725	58.493100	61.855823	69.651062
104.568391	59.278337	61.537610	71.326503
100.846657	59.503900	63.488995	69.860457
98.976240	57.209717	61.670284	70.785986
95.443740	58.219318	62.496234	69.670501
94.026933	58.563403	62.106603	70.032482
93.062692	59.505905	61.872886	69.068666
91.579219	61.265446	61.696210	70.095012
88.614746	60.525189	61.751593	70.137237
86.090105	58.632935	63.052459	69.959983
86.591632	57.041337	62.278330	71.240435
86.666415	59.560955	62.076628	70.225339
84.550286	61.028958	62.777054	69.212943
84.243265	59.740746	62.064395	68.754661
81.704366	60.669254	63.115955	68.486207
84.726887	59.253762	62.094559	69.926604
82.666422	59.164628	61.108444	70.402187
84.040390	57.825610	60.308415	69.884955
84.027728	58.059384	60.774954	71.215975
84.742977	59.980554	60.607892	71.531944
83.745663	60.321606	62.080273	68.941387
82.665441	59.274439	61.511132	72.142944
84.987712	59.128697	62.158401	69.691487
85.434901	60.117972	61.544093	69.410711
83.920210	59.314586	62.749237	69.148495
86.367404	58.559810	61.788117	69.785569
87.045499	57.838208	61.718913	70.065050
86.721703	57.178840	63.815448	69.337223
89.766522	58.369241	61.591350	70.676143
91.792316	58.925293	62.439371	70.868193
94.023200	58.096633	63.581152	70.457311
95.180400	57.247037	62.303090	71.948210
95.571032	56.417109	61.820470	71.037906
96.615259	56.716535	61.154557	69.581160
97.284099	57.282924	63.114656	69.151814
99.990394	57.689806	63.691793	70.526663
105.142302	56.542350	61.927010	70.460918
107.669694	57.258996	61.380860	69.395057
109.127155	57.576388	61.273781	68.785512
111.232160	58.391375	62.027121	69.403179
114.384765	59.651383	61.019723	69.771143
114.507462	57.972807	61.469515	70.727371
117.643630	59.017133	61.797557	66.560057
122.096091	57.001373	62.164216	71.356289
125.543239	56.787443	61.422313	71.275578
124.979774	55.533015	61.942620	71.797168
127.950120	58.078394	62.104088	69.792656
132.153838	58.941932	60.060643	71.816197
134.118000	59.004615	61.769022	69.334854
137.837485	59.762443	61.798098	68.039134
137.161866	57.337684	61.260898	70.624772
140.016238	58.498388	62.808413	70.916817
140.931880	58.024856	62.975959	69.477050
142.489917	55.484729	63.010070	71.884073
143.787900	57.079523	62.049816	71.594362
145.989187	58.192457	61.518009	70.731423
146.972302	57.730659	61.464563	69.817145
147.223565	61.153472	62.749150	68.048648
149.069371	58.527978	62.428527	68.961879
149.313792	60.971201	62.640727	69.575464
150.088120	59.751453	61.297541	71.393574
148.934130	60.390910	62.151164	69.526250
149.107450	62.036171	60.944754	68.459641
150.384957	60.324338	61.075659	70.557906
151.579207	57.320126	63.134400	70.891746
150.215818	54.610904	62.061836	71.764988
150.676036	55.871009	60.362493	69.433170
146.421285	55.920523	63.357471	69.673169
144.226250	58.865706	61.566471	69.329835
142.470530	60.541346	62.713802	68.409749
145.807854	58.941642	61.071723	68.372944
143.409876	59.120219	62.057898	69.202898
144.051614	57.136236	60.632007	69.481043
143.042369	57.051970	60.679782	70.517937
140.490810	55.581526	62.750413	69.059424
138.376311	56.888819	61.757836	69.189894
135.384315	54.565755	62.078780	71.136230
136.334593	52.862945	60.617015	69.095104
133.776004	54.168601	62.660640	69.033296
131.847512	54.472400	61.775976	70.282847
128.862536	53.755340	63.409970	69.259006
130.464238	53.616626	62.168039	69.584160
130.231114	55.142425	58.219855	70.589888
127.830143	55.348425	62.187987	67.872604
126.176789	55.180412	61.508771	68.338522
125.928972	53.467307	60.534793	69.799602
124.132732	54.748202	62.797702	68.859627
122.542856	53.791439	61.896131	69.378512
120.524597	52.302288	62.480854	69.089571
121.283691	52.832376	62.646811	68.044961
122.185861	52.761289	61.691622	70.457208
123.010698	53.181636	59.172059	69.489730
122.220411	53.611890	62.125062	68.691603
122.781848	50.252247	61.922178	73.263435
123.365683	53.900674	62.029059	69.127133
123.819740	53.986486	63.568354	68.168243
124.238031	53.732116	61.076628	70.649714
124.122031	53.897741	62.291419	69.192774
127.851861	51.848070	61.616079	70.524328
128.694360	52.490017	62.817085	70.785740
131.807401	52.908841	61.446445	68.931238
133.594054	52.697855	61.028799	69.922619
134.720268	52.593629	62.462630	70.300728
135.095984	53.017093	62.551083	70.015450
138.295379	51.211698	64.371863	71.006907
140.132716	52.975292	63.121001	70.146224
142.960601	51.209029	62.952427	69.750277
146.865150	50.385330	61.005878	69.926715
149.048618	51.551887	62.808939	69.269027
152.913541	51.767534	61.733515	70.720686
157.050099	52.268891	61.479696	69.351894
160.214453	50.338672	61.284029	69.242647
164.551259	47.864603	62.589611	71.139435
165.060627	48.036217	62.574549	71.431635
169.479688	50.420393	61.693079	68.578946
172.136249	46.995223	62.316933	71.027206
177.700014	48.352734	60.762579	69.852847
180.206912	48.064003	61.293877	72.306919
182.823348	49.398245	61.995322	70.109125
185.988366	48.749980	62.812629	68.835034
188.213280	48.035845	62.533508	71.201432
191.324228	49.053445	62.080469	70.668190
193.647200	47.801712	61.727456	70.751171
197.077299	47.050565	62.329461	69.783102
200.345889	47.829026	63.460962	69.903637
203.190120	47.112860	61.887907	71.318067
204.084389	48.264600	61.921039	69.404818
205.689123	52.467920	62.300313	70.261189
207.720151	51.360461	61.907489	70.758316
210.019391	51.115420	61.680689	70.953705
211.063156	50.324867	61.817671	71.619613
213.768886	51.087058	61.074627	70.126623
213.515962	50.602423	62.340814	69.334168
214.867253	47.155726	63.203414	70.976133
215.101934	46.896358	61.733678	69.981935
214.290021	48.872728	62.938269	69.592344
214.294516	48.707359	62.925395	69.511494
215.430320	50.171691	62.700658	68.438868
215.584257	46.793782	63.128449	69.967684
216.625071	49.012269	62.501007	68.016761
215.772552	49.486529	61.039103	69.541102
215.439450	47.974793	60.385003	68.428865
213.554337	47.389364	60.893506	69.606298
212.207515	47.269670	61.423607	71.029260
212.114769	47.331845	62.773947	69.548539
212.293413	47.114859	61.343977	69.955442
210.169923	47.873596	60.236566	69.358584
207.393427	45.551074	62.439896	70.025966
204.158147	46.002042	61.713228	69.203942
205.189567	45.280478	61.646688	69.173508
202.301707	46.060964	61.483683	70.426902
197.955907	44.420378	62.496099	69.379529
194.799936	43.774067	62.402124	70.101963
190.614314	45.728524	62.414565	70.919772
188.208076	45.053112	62.177254	69.454046
183.947973	45.437278	61.910375	69.115460
181.894313	42.754861	62.466029	70.791802
178.163857	42.513940	62.134343	71.326456
173.489535	42.310330	62.910162	70.260760
171.641143	41.925424	61.695098	68.169810
165.932258	40.983406	62.411546	70.568597
162.219380	40.641953	62.921676	70.061673
158.816697	40.930135	61.820639	70.833795
155.686033	40.945391	63.420301	69.864479
154.191553	41.686818	61.269954	70.506969
147.487353	44.405397	62.776324	69.671873
145.121794	42.538486	62.891683	70.220339
143.891629	41.130526	60.387974	70.439697
138.481947	43.140815	62.935640	70.624055
137.818395	42.076509	60.475611	72.234214
133.247748	42.132993	64.137141	70.692900
129.736401	42.232521	62.445572	69.726655
127.883186	41.940961	63.281376	69.015647
125.096976	42.534604	62.398822	71.581559
122.713498	43.577052	62.602996	68.988260
121.423461	41.585482	60.995989	69.651551
119.285035	39.804431	62.328268	70.890548
117.884722	41.927011	60.797765	71.246522
115.988916	43.332830	60.331444	70.416793
114.735659	41.035588	61.859835	70.887848
112.923619	42.909361	61.481026	70.302151
112.578696	40.613119	61.260983	70.532313
110.247450	42.542047	62.146569	70.935458
109.264130	42.868845	62.103100	70.126791
111.039003	42.164091	61.812378	69.284485
111.777338	40.026709	62.003671	69.362815
109.939066	40.868795	61.577413	70.675916
110.079836	41.009287	61.152542	70.915510
109.977168	42.444748	62.647872	70.864048
112.434708	42.079967	63.037727	69.603506
112.766617	41.858712	62.050282	69.820309
113.180366	40.165201	63.366734	69.555126
112.403237	41.439478	62.343576	70.098586
114.437867	42.092517	62.031635	69.571318
116.548694	41.007876	60.542819	68.724016
117.011126	40.839737	61.323801	68.553682
118.725498	43.103624	61.557849	69.352854
119.643226	40.267540	62.500587	69.577897
121.709063	39.509460	63.072829	70.039123
122.678706	42.025614	61.809885	69.738855
125.517392	41.010342	62.227916	70.924695
125.083033	40.872760	63.388919	70.996071
127.827773	43.240175	62.367986	69.786273
128.784109	43.264141	61.440854	70.272643
128.442823	44.788659	62.469492	69.680294
130.763933	44.640079	61.005820	67.903521
132.557580	47.631109	63.254937	69.028549
133.664270	47.628241	59.914235	70.384454
133.466121	47.626295	63.264554	69.530075
134.342060	46.719508	60.708848	69.940192
135.747023	46.026087	61.242757	69.539754
135.209826	48.290939	60.637493	69.729986
133.759976	46.854754	61.665915	72.875449
136.439882	47.728625	60.132885	69.520530
134.969729	47.431546	62.179269	69.696364
133.817480	46.631850	61.521068	71.825594
134.328845	45.663839	60.497444	70.868290
131.664958	45.680750	61.694013	69.807326
130.862032	46.834152	61.524105	72.117970
127.768532	46.607328	61.715953	70.839693
126.175786	46.009324	62.090220	72.067739
125.078448	46.349767	61.240227	70.595075
121.943457	46.531251	61.152858	70.428993
118.541380	47.342773	62.186522	70.919279
116.305242	48.171054	61.143953	69.991732
112.046121	48.616787	62.032399	70.146072
108.632884	47.427881	62.318274	71.751076
102.760910	51.607803	62.845698	69.395335
100.339742	50.422106	61.020921	70.420821
95.939855	47.954471	61.751858	71.151875
90.899081	48.846002	61.657467	69.640988
84.303937	48.902453	64.029662	71.029800
81.067819	49.593809	61.654223	69.941374
78.411475	50.401038	63.028038	67.947237
74.547269	52.467612	62.188675	68.806704
71.224012	51.998424	60.862940	69.946510
65.212339	51.769648	62.929407	71.291939
61.425017	50.418156	62.833990	70.587816
58.006178	52.480871	62.020508	68.956077
55.878430	52.542660	62.464893	70.521953
53.422792	52.785499	62.357792	67.778888
51.175482	51.528711	63.382744	70.936050
51.167577	54.540827	61.266364	68.940800
48.836371	52.275412	62.680876	71.034593
47.963278	53.254790	62.014213	69.271679
46.650790	52.376122	62.013869	69.898940
46.849340	54.843605	62.086037	71.822314
47.507842	53.750207	62.333974	68.998787
47.024764	51.927401	62.624403	69.253576
49.206794	51.824591	60.546338	70.866393
46.312683	51.884761	63.256577	71.890472
49.065407	51.149539	62.116122	72.162449
48.960287	52.142481	62.867612	70.525945
50.238546	53.068644	63.312050	70.425910
52.172796	54.036947	61.350460	68.836551
53.796408	53.805305	61.908579	69.969875
56.835551	53.132227	62.817221	69.249151
56.728276	53.429760	61.200642	69.624409
60.160141	55.560200	61.882546	68.089381
62.888971	53.035748	61.796565	70.867991
66.008144	54.534229	60.612187	71.245111
67.672841	54.578498	62.489586	69.664549
72.393139	53.999635	61.853320	71.168210
75.338190	54.971018	62.307894	69.594596
77.127310	56.732475	62.597288	68.947189
83.005477	56.578956	60.604042	70.010149
84.536842	54.386603	61.577708	70.565018
88.869458	55.438683	60.751451	70.914801
93.381286	53.417247	61.120175	71.107773
92.951088	55.179615	62.782681	68.666569
96.226908	58.432576	63.249506	69.137839
100.996969	56.617794	62.012969	71.882705
104.882166	56.691352	62.172258	69.176542
106.206260	55.753351	63.959536	72.052836
109.198757	58.173130	59.793721	69.470898
111.847319	59.757645	62.394543	69.162671
114.660004	59.440167	62.340941	69.781017
114.869780	58.909105	63.973568	71.536929
115.741238	60.575885	60.812784	68.974654
117.509976	60.587800	62.032967	70.447886
118.414237	60.580689	62.092959	68.401162
119.187423	59.043358	63.216413	72.360139
120.137886	60.864581	63.214156	68.375836
121.103583	61.706455	61.684253	69.539897
121.093072	61.337549	62.962775	67.580608
120.319102	61.754140	62.811780	69.956929
120.797455	61.720374	63.189748	69.849966
120.436284	61.872194	63.779520	69.721852
119.865629	59.716852	61.021653	69.728728
120.920095	61.855700	62.118634	69.577803
119.310981	61.314908	62.011838	72.256807
121.555087	61.862610	61.982456	69.668433
118.913972	63.587946	61.533483	68.531561
116.064365	60.528365	62.001837	71.150910
114.655771	60.670090	63.791221	70.575969
116.242910	61.357912	60.889458	72.131016
115.761129	62.313112	61.706409	69.500083
116.283522	62.417071	61.857101	72.200486
115.498334	64.276641	62.766958	71.308141
115.116561	64.629081	61.794369	68.761569
115.434774	64.487927	62.856775	68.180535
117.176895	64.615293	60.511551	69.120085
117.302427	63.839315	61.731189	71.409882
117.391529	63.011419	61.975385	69.639581
118.644580	62.889609	59.734244	69.626375
117.275492	63.677308	61.704636	69.792158
117.456700	66.533192	63.333102	69.461347
121.639418	63.198029	63.042198	70.746507
123.405764	64.427404	61.651222	71.005338
122.635309	63.872375	62.915034	69.331301
125.498958	63.390411	60.550444	69.625954
127.693180	61.292051	61.069389	70.393412
128.802142	65.716656	61.710481	66.672285
132.087426	65.179083	63.015718	69.607455
134.517682	62.739814	63.367605	69.560125
137.712747	64.106058	61.986629	68.622749
142.287411	63.476540	61.028890	67.879254
145.542742	62.683241	60.494931	70.246099
148.778163	62.033110	62.766046	70.454022
153.399118	63.660639	60.902230	70.233146
156.012170	63.181849	60.638909	69.235679
160.432202	60.209052	61.602860	71.558856
163.860850	62.615540	60.262808	69.086456
167.650427	63.733975	63.682663	67.928438
171.239967	60.573380	62.872720	68.528763
174.990795	61.871527	62.491154	70.234271
177.724792	61.438641	62.762953	69.653271
181.150530	61.265554	61.171332	71.643454
182.314389	60.975843	61.594325	69.170122
184.681338	61.323354	63.749481	69.733886
189.333235	61.785770	62.031006	71.749775
190.865583	62.868732	62.620089	68.784769
192.997971	60.667355	61.475259	71.930630
195.477965	63.427069	61.831927	69.073865
197.782323	59.778959	62.306289	70.542376
199.869448	61.454055	62.240307	72.445214
200.025974	64.984264	61.247457	68.419244
202.001102	65.621946	61.933002	68.274757
201.555732	62.521577	62.590442	71.129553
202.987878	61.416488	62.330347	70.594757
203.922662	66.160286	61.415050	67.524332
204.220886	63.200315	60.947474	69.736019
200.880266	61.909324	62.326384	69.069190
203.264042	63.369793	61.408964	69.259907
202.241034	63.141106	62.261866	68.471314
201.588073	62.990421	61.406568	69.414909
200.190868	63.859048	62.078817	69.893853
196.623476	60.747122	62.071765	69.938736
199.717908	60.323841	61.531844	67.873647
199.614352	61.939528	61.292460	70.063823
197.329125	60.135854	62.555330	70.852727
192.655631	58.664159	62.720937	70.026027
190.954400	59.157563	62.019064	68.390494
188.923577	58.040615	60.394771	71.837946
185.195773	56.897235	60.842756	71.447092
182.756351	60.390963	63.484728	68.266441
181.532445	57.241616	62.898739	70.853934
178.338646	57.292144	62.252409	69.579724
176.613127	54.698176	62.660373	71.334257
173.421564	55.000201	61.595636	69.333758
169.893100	54.016043	60.607446	69.391046
168.855567	52.433866	60.790073	70.815808
165.015241	53.238005	61.013721	69.278342
161.336694	56.107079	62.425383	69.688640
158.399383	53.689071	62.171859	69.941438
155.933791	54.084092	60.910817	71.730753
153.937441	52.650304	60.756440	70.696502
152.962970	51.849513	62.448751	70.401361
151.167240	51.187779	63.617802	70.815238
148.095397	53.561087	62.811695	69.797411
149.695473	53.843258	62.076088	69.588044
145.595980	50.516908	62.922973	70.469380
145.477208	53.004390	62.150939	70.588254
145.069362	54.369776	60.578828	68.772787
143.883534	54.638132	61.562365	70.667940
145.076310	52.791262	62.012938	69.449796
143.209647	52.418753	63.078244	71.719681
140.332155	54.695782	62.531204	68.828171
143.624740	53.711234	61.630856	70.061743
142.763968	55.042811	63.334636	69.548622
142.505849	54.724937	63.324481	70.461081
144.845763	54.011122	61.438325	68.573071
144.332785	54.708845	61.238286	70.051529
145.689860	54.227705	63.541674	70.200789
145.812843	53.182769	63.709866	69.478106
148.884270	54.335413	61.439477	69.270593
148.016414	52.120840	61.164548	70.442997
149.081073	51.682743	62.183672	69.120783
152.563924	50.610124	62.306094	70.914073
153.321532	51.644992	62.982703	69.843220
155.642667	51.226097	61.304139	69.609903
155.521033	51.590704	62.434647	70.899183
158.602433	49.079977	61.754017	69.186852
160.397818	49.362671	63.382800	70.310777
162.084511	47.678177	62.600078	69.902324
164.294442	48.858179	62.621674	68.727595
166.810249	48.379262	61.607699	68.278875
169.359864	46.733301	61.843227	71.452204
170.799868	44.251597	61.230692	72.308338
171.395593	44.911700	62.495474	70.025014
175.971918	44.069837	63.182192	70.898259
175.207078	43.539740	61.926061	69.529017
178.357708	43.277598	59.879398	70.177861
180.241353	43.117835	62.164306	69.634038
180.970147	43.868598	62.307767	69.896329
182.282520	42.189029	61.977705	70.426327
182.271701	43.755105	62.324112	70.718237
184.695909	44.515847	62.157313	69.421970
183.422988	42.347618	62.581999	70.570608
186.257380	40.642585	62.268388	70.522126
189.295203	41.802162	60.997543	70.245443
190.014225	38.887137	62.048911	72.676872
187.137180	41.434712	61.617418	70.642862
187.670042	43.219308	59.852039	70.009144
187.375381	43.519070	62.543433	69.549733
186.306653	42.678474	61.563103	70.243520
183.536925	42.046151	63.052137	69.732696
184.205951	39.645101	62.288070	71.676371
184.445921	41.064182	62.399061	69.941753
181.721813	41.336228	61.530702	70.493426
177.704156	43.820476	61.916864	69.149652
175.770405	43.181714	61.092060	69.212269
172.885298	41.378910	62.040985	70.752594
169.013160	40.655904	62.198400	69.984584
166.291954	41.840642	60.398861	69.161240
161.741675	42.157592	62.592536	69.411312
157.491212	41.295212	60.957647	70.227455
152.965057	38.944837	62.690214	70.163783
151.465754	38.387023	63.330420	71.751541
147.530622	38.620187	62.212416	70.407445
143.051970	37.337400	63.146772	71.151582
138.611786	37.429526	62.530092	71.223359
137.081804	40.297265	61.381352	69.490104
135.171047	37.544954	61.524170	69.302013
130.165019	37.860208	61.649932	70.019902
129.491646	36.998714	62.837638	71.188825
127.846061	37.937512	61.097825	68.088504
124.964615	38.308987	62.807718	69.867357
123.479434	37.289714	62.451299	69.175210
121.689654	35.755684	62.456506	72.685897
120.647886	36.852942	62.417514	68.951351
116.473216	37.182588	62.551716	70.733992
118.282253	40.337308	61.185404	70.616961
117.648016	43.549251	61.684473	67.872257
117.527658	40.460556	62.017788	69.911600
118.476079	42.271879	61.982501	69.554890
118.890264	42.195377	60.468511	70.871048
117.309198	43.861411	62.292908	70.315981
117.811548	44.563036	63.295134	70.868137
120.706555	47.288093	62.630995	68.843513
122.131521	49.346133	62.578373	69.063150
123.470810	48.061489	61.265968	70.435429
123.995171	48.503547	61.401532	70.413405
122.644129	50.354442	62.335037	69.552315
123.497523	49.904981	60.897386	69.541601
125.820674	49.590171	62.071698	68.392793
124.499610	49.029480	63.478523	70.078803
125.355684	49.547284	60.858297	70.632227
122.425334	50.384655	62.771799	69.122484
121.369311	47.685354	62.656900	69.743150
120.598696	48.503826	62.083081	68.751909
121.600346	47.487224	61.581018	70.262183
121.125537	50.532662	62.190891	70.151222
120.985180	49.477995	61.097827	69.813185
117.478113	49.545084	61.237066	70.833373
116.058516	49.269863	63.001216	68.870827
115.603804	48.128204	60.433234	68.666511
113.248248	47.718549	61.672829	71.191300
111.423931	46.849091	62.646348	69.056854
110.944166	46.444135	61.612874	70.275847
106.990184	50.489266	62.845986	71.381878
104.241148	51.975840	63.066232	70.381810
102.944970	51.497714	61.657478	69.739753
99.658815	49.210791	62.575447	69.228512
96.304411	51.085513	62.375756	69.613897
92.658924	53.770817	62.947339	68.235724
93.010071	52.811665	60.159751	70.883157
88.224816	53.248195	62.595222	69.145421
88.200568	52.721489	59.833270	68.858506
85.113873	53.966016	61.807242	71.146339
82.606394	56.350075	62.062927	69.066632
81.938983	55.552867	61.244342	71.091285
76.830462	56.378801	63.686816	68.796597
75.249543	56.514070	62.315852	70.555812
73.457067	55.365994	62.594229	69.892839
72.830508	54.422989	62.022180	70.467530
71.735465	55.778126	61.232310	70.170638
70.552267	55.163071	61.071157	70.637128
68.608043	58.538184	62.174639	68.623618
67.584115	57.217982	61.544564	70.505014
67.979294	57.215279	61.280772	70.619014
66.717296	54.033787	63.181251	71.183661
66.383148	54.304661	61.592766	71.428740
65.552477	55.055059	62.951042	72.474421
66.545417	54.077047	62.956424	69.653327
64.886919	53.739878	62.445169	69.890649
66.955794	53.596497	61.910475	70.198638
69.580130	55.675227	60.801267	70.192456
69.643960	55.910990	63.154526	68.410119
69.069144	55.116918	63.925868	71.630881
72.613475	54.232274	61.843919	70.268286
73.470861	55.903467	62.330476	69.107980
77.795165	52.243285	61.803046	72.064003
80.837752	56.253006	61.498447	70.346982
82.103271	55.014211	61.044555	72.672274
82.826839	57.133033	62.516703	68.913224
87.358757	55.577483	61.947666	69.352040
92.053551	53.332610	63.275349	71.307821
95.922556	56.984081	62.163207	71.160994
100.827871	56.992695	62.414641	70.033791
103.131244	55.753977	62.015003	70.858433
107.715688	58.948101	61.479527	69.881767
112.107723	57.047923	62.694635	70.483963
119.056707	56.674891	61.791138	69.296686
121.403024	57.161943	63.172867	69.937357
128.324620	55.038726	63.941679	70.161116
128.295915	56.871928	61.287823	69.504559
132.734706	57.401602	60.645060	68.788264
134.802322	57.912489	60.734555	70.645487
138.581930	58.697558	62.421729	69.635765
143.292428	60.476257	61.222701	68.539908
145.042580	59.325741	62.166298	69.238409
146.228739	60.163192	62.453505	69.839370
150.231592	60.467541	62.467724	69.493158
154.335536	58.728498	61.132316	69.380255
155.989750	57.521900	61.645862	69.338998
156.461414	58.493777	61.657295	69.075869
157.872330	59.014029	62.773349	71.599012
159.119623	58.189412	62.479382	70.662070
163.620484	59.619267	61.182996	69.361212
166.979169	61.300008	60.779625	70.608606
165.108671	57.821730	62.570353	71.917957
167.201143	58.342361	61.904813	70.634506
168.478148	56.920114	61.974813	69.795393
170.880081	60.248378	60.529708	69.237208
170.994428	61.695231	63.862605	71.725295
171.287780	57.920569	62.734847	70.743560
172.737519	57.994330	61.426241	69.861476
170.978776	59.555096	62.980665	69.958449
173.522254	59.104695	61.513616	70.083721
174.570367	60.741714	61.989466	69.668553
174.794624	59.581557	61.533590	70.079551
174.341799	59.616018	61.854829	70.145274
177.413795	58.646290	60.799639	69.235547
173.589179	58.514182	64.251741	71.201366
175.582841	58.358579	61.123297	70.601524
174.373085	59.062434	62.244398	70.055233
173.200873	57.371007	62.848471	71.306915
173.682108	60.391329	62.968482	70.851228
173.298484	61.273612	62.006234	68.706222
170.553695	60.293241	61.426713	70.663482
172.191932	58.355878	62.326810	69.628712
171.585263	57.665274	61.647637	69.298233
169.571272	57.113763	62.421557	69.470151
167.861675	56.223421	61.843058	70.156589
168.000478	56.979818	62.389963	71.052928
166.366837	55.092302	63.042250	70.606375
164.600466	54.217710	63.603279	69.982760
162.607933	55.455989	61.704844	69.797087
161.800329	56.308425	61.837231	69.284284
162.346787	54.674644	62.139532	68.751596
158.931045	53.342163	61.782964	69.216861
157.337237	54.038126	61.937401	69.386384
156.614755	52.993073	62.219469	69.645538
156.567147	53.125692	62.058253	70.168008
155.221274	52.289251	62.648048	71.195584
153.009057	53.650888	63.826167	69.449074
155.252444	50.062835	60.740500	70.620831
150.666536	51.592503	63.121248	67.470476
151.619332	51.385992	63.513813	70.411798
152.914846	51.212385	61.889467	69.266873
151.338554	48.784330	61.144349	72.190203
151.955157	49.727316	61.207612	70.094759
153.542149	52.314186	61.689753	71.260798
154.368826	54.135494	61.814491	69.249122
153.384879	51.751058	63.108795	70.209917
153.387023	52.045755	61.843439	70.079406
155.049333	51.169468	60.822397	69.295950
156.686175	50.709107	60.190097	69.736358
156.764663	49.532514	61.842473	71.305293
158.652289	49.796307	61.015653	68.183571
160.253974	51.414742	62.344931	69.777736
160.863806	54.059957	61.920930	68.972064
161.824005	49.230748	63.172900	71.330576
163.811232	48.546795	62.071073	70.671450
167.847753	52.035401	60.477523	68.173129
168.701816	48.736280	61.427437	71.408218
168.668195	47.682880	63.627685	70.177215
172.994255	47.591478	61.815297	70.712332
176.359600	48.083564	61.804852	69.722944
179.685906	47.460929	60.685459	70.554210
182.329893	44.923856	61.897936	71.211132
184.635867	46.142835	62.122378	69.334658
187.447344	43.274451	63.347662	70.590612
190.605665	44.035334	60.588974	69.965072
194.465784	44.061287	60.147243	70.547660
196.986741	42.961507	60.872676	70.265020
197.900465	44.898217	62.316751	67.698620
200.403699	41.056889	61.173715	71.494969
204.035045	41.065804	61.779551	68.802129
204.519325	40.409111	62.110925	70.645109
206.956154	43.850820	62.387798	67.612547
210.037554	42.765628	62.173927	69.896190
212.408615	40.823708	61.801698	70.566045
213.496787	41.421790	62.639982	69.621396
215.454858	41.368399	61.022349	69.386402
215.608119	39.952328	61.953378	69.009643
216.475630	39.970777	61.879991	68.665830
215.695995	39.589991	62.670942	68.400230
212.706406	40.105256	63.686809	70.682229
212.808580	39.279933	61.280205	70.859047
212.435247	40.664577	62.296661	68.627364
209.875866	39.730535	62.709357	69.565419
210.920906	40.610721	61.532234	70.351928
209.415758	41.049375	61.970263	68.311953
207.861154	40.373720	61.560258	71.026702
205.492162	41.664226	61.054719	70.584146
201.584759	40.658045	62.300792	70.986463
199.532815	42.696366	61.284151	73.139972
195.422974	42.500672	61.052256	71.925987
192.308684	42.354013	62.215537	71.250113
189.422184	40.921119	60.645784	72.207583
184.791567	42.203433	64.974238	70.903309
181.677004	40.734650	61.944584	71.921291
179.017706	42.805977	62.661371	69.909150
175.752858	44.205978	62.861314	68.810697
169.674522	42.600363	63.861448	70.557419
168.322770	42.151316	61.472908	69.913959
163.452016	44.049221	62.365248	70.483039
159.419349	43.683111	62.370332	69.337342
153.778443	43.073918	61.978494	70.613578
149.381468	43.830635	62.347137	69.950630
143.735046	39.844890	62.409599	72.051027
140.917570	40.164653	60.331388	71.546357
134.282151	41.198296	61.520771	69.759364
131.325424	43.112953	61.462929	70.385730
125.186629	45.550954	61.996924	68.330752
120.012684	43.565758	62.412019	70.459059
118.736097	43.534954	60.706156	69.723228
114.920145	45.543696	62.149612	69.290736
109.619013	48.351870	62.505806	70.348809
108.445680	45.331516	60.813316	74.295341
103.414483	48.236457	62.930942	70.478391
100.310820	48.966855	63.017517	69.857569
98.552111	50.032827	60.046309	71.691471
96.182072	49.602520	62.952012	70.209434
95.003971	52.050548	61.567514	66.832328
91.522714	49.037691	62.130847	71.227610
90.450733	48.495174	60.456372	70.779031
90.112021	49.987604	60.448196	72.013098
86.615128	50.671789	61.504281	69.927865
88.792571	53.316146	59.187519	68.258396
87.114884	51.197560	61.921499	68.613637
87.125112	52.399024	61.201239	68.745677
85.296301	50.989877	62.978073	69.314691
85.908282	53.820042	62.921421	68.105266
86.845549	53.825139	62.563238	69.971373
89.684877	54.162904	62.020391	68.380038
89.668702	51.242248	63.342131	69.332773
90.856186	53.800577	62.630969	70.917391
91.966926	54.009884	62.177210	70.623682
93.042706	54.673085	61.679812	70.315987
93.184555	56.066578	61.377679	71.000421
96.027036	55.776141	61.214928	69.735620
95.497995	56.158811	62.293666	69.828095
97.087242	55.160548	62.267883	70.010446
98.564726	55.327013	61.887945	70.866731
99.048753	56.584861	61.837954	71.411963
98.864901	56.843936	61.862689	70.300285
99.647685	58.970016	62.666217	68.763580
101.038514	56.366660	61.475669	70.382522
99.880491	55.624929	62.951491	70.386985
99.866344	54.650479	61.017074	72.030614
99.840217	55.440951	62.732031	69.757489
97.772598	55.920826	63.718973	68.487574
97.500136	55.198663	62.371316	71.395206
96.557286	55.638104	62.978342	69.555897
97.243484	53.939934	60.226919	68.546414
90.099035	54.172665	63.648240	67.886998
93.337578	53.906789	61.015096	72.062892
91.474588	54.811334	62.942957	70.689914
87.828896	55.914959	63.166552	69.841446
84.611274	55.564489	62.312131	69.619205
82.575013	55.009756	62.165418	69.819771
81.186964	57.522694	61.494197	70.878015
77.406237	56.666885	62.248090	69.210618
73.072288	57.088220	62.489461	70.794224
69.350922	58.687017	63.446019	68.490732
65.172456	56.679870	62.158210	70.208362
62.948304	56.776717	61.857275	69.227080
60.540327	58.867621	60.436506	69.576100
56.275889	60.012342	61.968789	70.399776
55.587052	58.076288	61.292283	70.114459
51.720524	60.080417	61.269467	68.377302
49.168512	61.292855	62.611899	68.324359
48.199957	62.108984	61.364519	68.452304
45.514909	59.823289	60.843508	68.860830
43.430238	60.389859	63.518546	69.393068
42.556517	61.383045	61.023028	68.735254
42.814097	59.850959	62.161195	69.722083
42.125625	58.049121	60.980861	69.909158
41.966240	60.072827	63.511078	69.397209
41.559776	60.460149	61.438525	70.320945
41.708142	61.998014	63.047133	69.252134
42.352259	58.667791	64.139397	70.205332
44.315916	57.524131	62.968424	72.624253
45.525018	59.634672	61.771374	70.337278
47.601648	57.932119	62.274601	69.296174
49.971254	60.801256	62.271993	69.431581
49.580624	59.362249	62.431305	68.627485
52.461109	59.664534	61.870859	68.574174
57.032656	57.525961	59.817769	69.827065
59.618628	60.176975	62.297024	70.452593
63.382217	60.646083	61.569664	69.936903
67.492666	59.224731	60.833607	70.197323
71.142510	59.559870	61.272965	68.417818
74.960698	61.231729	61.429381	67.676506
80.380935	58.483172	61.122855	69.711820
87.171898	59.888221	60.058012	72.422536
90.884818	61.273786	60.190309	71.416454
92.256294	59.223937	62.050410	70.223179
98.251840	60.116277	63.137099	68.544737
104.913635	62.722673	61.891798	68.137864
107.725944	61.600823	63.146885	71.869359
111.152299	61.098121	62.893105	69.952183
115.574817	59.281803	64.471305	70.457426
118.169747	60.187963	63.751574	71.282946
122.504463	59.131744	62.232833	70.007033
123.515335	59.861397	61.640381	70.134981
127.250765	61.978436	61.163622	70.122635
128.248486	61.361707	61.704113	68.382811
131.697044	60.564240	61.824997	69.614162
132.069324	61.003597	62.267022	71.058483
133.274618	63.335289	62.247133	67.737488
135.711697	62.244257	61.171658	70.653599
137.842274	62.713406	60.719855	69.745164
134.933875	59.473511	62.343073	69.846209
137.215423	60.847080	60.521160	68.992155
135.107072	61.388619	62.131653	71.608703
134.055719	60.159006	62.646999	69.012522
133.550142	60.286814	61.764484	68.955880
132.575961	62.814597	61.024842	69.175634
131.873231	59.599165	60.571750	71.276754
128.957912	61.920479	62.460302	69.791134
126.630939	62.572986	62.948229	68.241673
125.000514	62.231103	59.487174	69.637226
119.146698	60.754521	61.308020	69.233935
117.043531	59.387666	60.693274	70.136729
116.210250	57.543358	60.981465	70.019410
110.834626	58.366900	61.035523	68.880992
105.705122	59.403135	61.684310	72.027495
103.867474	58.310607	60.567023	69.167998
100.384119	57.881467	60.762016	68.570131
94.946835	57.437693	62.300049	69.426954
89.931355	57.279848	60.797186	71.361258
85.252304	53.558752	61.666172	69.613211
80.431788	56.189634	62.844006	70.527997
77.327880	56.261408	62.623721	70.130986
72.945326	54.615634	62.027914	70.043754
67.654602	54.215423	64.213002	69.058702
65.981997	54.810165	59.629629	70.561385
61.719678	54.433184	62.137104	70.447757
57.695285	52.717757	62.490338	71.385848
54.116187	51.744384	61.483113	70.537592
52.120316	49.658085	63.540825	70.595345
51.686883	51.209618	60.714583	70.315561
46.728924	52.108160	62.644639	69.796804
47.971917	52.214201	61.308091	69.332171
43.347502	52.640408	64.233366	70.617039
43.353183	53.493651	61.831468	69.013911
43.668896	50.960763	60.463777	70.355103
43.290750	53.333088	60.479574	69.271540
42.199239	53.153989	61.958208	70.525782
43.941565	51.533853	61.210084	69.200428
42.570784	51.482695	63.317065	71.147037
43.068274	54.241937	63.102528	68.222904
43.876830	51.891332	60.718952	69.836375
44.585660	53.474153	63.893109	67.888259
46.327775	53.325960	62.822246	70.254323
45.946312	55.291213	62.733334	67.786217
49.781174	53.043004	61.111497	68.986626
50.580410	50.870105	63.030064	69.981952
53.196337	51.378356	61.278153	69.164462
56.418594	51.710305	60.070255	70.735062
57.517125	49.285088	62.490654	73.089912
59.928587	51.649908	61.567142	68.290786
63.944325	49.518815	61.640824	69.579194
65.982011	49.046628	61.138880	69.075280
66.840875	47.848848	63.425500	69.366353
70.914109	44.455383	61.286687	72.430411
77.011264	47.678038	62.256489	68.236941
78.811343	45.347119	60.682590	69.476485
83.301202	45.609299	61.904101	71.261989
83.923363	43.473780	62.878714	71.786966
89.791563	43.757440	61.302389	71.353735
93.680422	46.263935	61.334363	71.121323
94.402314	45.514802	61.774158	68.295571
100.609501	45.783072	61.714170	71.303496
104.744823	46.742551	60.808196	69.744987
106.691982	47.272075	60.532506	70.623191
109.638005	46.662229	60.737793	70.246871
111.535631	48.194487	62.311309	69.078457
114.695666	45.599414	61.809647	69.605116
116.914651	48.377694	62.307062	70.324599
117.924414	49.968500	61.107179	67.790320
118.886602	49.447010	62.377812	70.150008
122.107274	48.773156	61.719534	71.217054
124.098867	46.871681	61.489185	69.781841
123.228778	47.152863	62.590620	70.480323
124.089294	48.520987	62.836641	69.422237
124.464156	46.748415	61.176115	70.129402
128.514709	46.631331	60.694265	71.100991
126.952623	46.616504	62.419052	70.521701
127.905559	46.878732	62.459769	69.395446
128.563180	46.723742	61.374406	69.036407
126.796757	44.653991	63.331484	71.555408
128.434470	42.872174	61.764092	70.472172
128.512606	43.631118	60.763022	68.256575
126.991641	41.313637	62.728319	69.886729
128.668012	41.659024	59.854756	71.158805
126.786476	41.964353	61.460798	70.181114
127.434951	41.461973	62.137314	72.296160
128.428576	41.557964	60.712703	69.606807
128.024885	41.805419	61.153274	70.133562
128.337625	42.636997	59.731924	71.431036
126.811901	43.142614	62.476058	69.180866
127.081988	41.570066	61.165637	69.263177
126.890505	43.531553	57.340803	71.244461
126.016664	42.014851	60.285725	64.944807
128.730671	42.312528	56.727343	73.025216
126.153633	43.189075	59.348154	69.529948
126.797137	41.227904	59.347946	70.979524
127.316314	41.096637	59.011160	70.968017
127.359176	42.546847	60.269314	67.287867
131.121517	40.807647	56.014455	67.961133
130.018093	40.679677	60.769458	67.412672
134.035880	40.018668	57.966592	70.924995
134.888999	41.938228	58.003779	68.234505
134.245903	40.148565	61.857096	70.432230
134.613057	40.504818	61.524934	67.981175
137.230517	39.747253	60.898093	68.311999
140.001546	39.432517	60.271607	67.592717
143.734028	42.345004	62.396177	69.387836
145.348291	39.132769	63.134390	71.470822
148.395057	41.159036	61.933044	69.409980
152.290774	41.246426	62.027322	70.434023
155.603843	40.458562	62.072428	68.581766
157.893543	40.717413	62.666998	70.950677
160.999653	40.629641	61.291583	68.104981
164.994155	41.748168	61.366045	71.020728
169.963956	42.966816	61.125935	70.206300
172.089322	40.837775	60.630184	70.430032
172.545762	39.564265	61.411625	70.315470
175.696153	38.484623	62.115594	70.728456
177.038050	41.409966	63.257552	69.197292
180.627556	41.426782	62.095859	69.971379
180.718198	41.907211	61.829967	69.358539
180.282433	41.154680	62.943104	68.743173
182.035396	40.356983	61.982327	69.796487
184.802129	41.179480	60.905724	69.634856
183.077931	41.579190	62.334333	69.445038
185.793988	39.672234	57.810814	70.645099
185.204189	40.095430	57.864572	71.420056
184.600787	40.396091	59.321013	68.816499
184.130899	37.153692	58.677590	77.824850
186.064816	41.496834	61.790501	69.713073
188.279904	40.377366	60.964406	70.577087
186.108401	41.367347	61.300243	70.190983
185.872419	41.189012	60.387395	67.447544
181.847364	42.803665	61.546892	68.506685
184.745327	43.393109	61.988266	69.671982
185.053204	45.177514	61.425534	68.656200
187.597184	46.038878	60.470996	67.940840
187.766502	46.924488	60.522493	70.658646
186.853780	48.061911	60.472692	69.645785
185.672607	49.362594	63.141214	70.163820
188.248793	49.564033	61.923773	71.122343
187.856419	48.770873	59.987420	71.022327
187.702788	53.658246	62.997652	69.219255
188.809129	53.855255	60.641707	69.622463
187.559150	53.892428	62.850617	71.242263
188.545133	55.402209	61.883763	68.781332
187.680117	53.915478	60.805172	68.801261
191.657556	50.025583	60.903943	72.208184
191.654158	52.453918	62.598013	70.688239
194.300478	54.058618	61.219219	69.610176
195.584776	53.018031	61.156717	70.267440
193.587715	53.266307	62.280818	70.951646
196.772056	54.180888	61.004419	69.007311
199.824595	54.407418	59.582490	68.300617
200.604380	55.155259	57.911662	69.347793
201.331703	56.305294	60.526767	67.138120
208.792288	51.935646	53.624569	67.644706
205.792220	60.859368	62.970121	64.117133
208.387719	58.745678	59.574510	65.111990
211.318926	53.121628	61.962025	70.682246
212.523984	51.982403	62.035968	70.757832
215.654149	55.225628	62.484643	70.220266
216.455301	54.942917	62.401726	68.432918
219.227819	54.862042	60.893890	69.825094
220.743109	56.601927	60.253178	69.276990
219.251390	57.298622	62.380941	69.184306
220.797591	58.601141	60.392631	69.539771
220.392433	58.254164	61.756531	68.518027
218.512451	59.430638	62.749020	69.346893
219.250791	59.368438	60.583482	69.123150
219.596533	57.166357	61.945850	72.717823
215.977314	59.933434	63.391221	68.470033
215.058740	60.105551	61.972095	68.984615
214.180106	58.325924	60.208777	69.294200
209.751563	60.382374	62.574941	69.771432
206.154567	58.993578	62.023932	71.074595
202.940953	60.921626	62.397432	68.339031
198.690493	59.339682	62.363188	69.654651
194.665198	58.816595	62.289283	71.005804
191.178835	61.633182	62.247293	70.627786
187.103171	62.313245	60.190115	68.237807
181.467471	59.841509	61.034757	69.354394
176.304895	60.998161	62.196366	67.890880
169.195886	59.698540	63.460048	69.387790
165.791238	59.126324	61.157024	70.216864
160.625509	61.075892	61.828010	68.167435
155.546257	60.175295	60.548798	67.543157
150.217441	57.430567	60.509019	70.500198
146.411686	59.571899	60.669086	70.574376
142.758280	55.977540	60.924540	70.334719
134.888018	57.630116	61.874098	69.028639
131.200622	58.148757	62.444356	70.413880
127.972016	57.484021	62.511161	69.971549
126.234622	55.935513	61.105599	71.030502
122.897278	55.998492	62.014819	69.046163
118.459734	58.467808	62.270198	67.992220
116.153308	56.437379	61.260537	71.026575
114.412440	55.565824	59.604458	72.302767
110.907060	57.349150	61.321345	70.103753
108.897444	57.716018	61.105412	70.174382
104.787199	54.021453	62.311731	71.163619
102.083196	54.618178	63.435581	70.628668
100.436655	57.209976	61.879873	69.194930
98.495220	57.662438	61.840578	69.739968
96.975640	56.800150	62.489634	69.314039
94.589156	55.413793	62.501994	70.529458
94.703454	54.961351	60.859909	72.821070
91.114298	53.934998	64.093133	70.784059
91.312648	51.120465	61.691403	70.901185
87.976775	50.548335	61.350182	69.714521
86.101595	49.614788	61.796904	70.960366
85.505363	51.298603	62.307838	71.572182
83.503154	51.220410	61.512459	69.145049
79.557275	50.827947	62.405867	69.852387
79.107812	49.607928	62.420575	70.049126
77.299683	48.261643	62.007827	69.584624
75.154762	46.231919	61.944125	71.091905
73.055185	47.949155	61.235871	67.790049
70.007542	47.829433	61.724274	67.827171
66.241209	44.984033	61.987277	69.736902
63.755146	45.280960	61.880349	70.333706
60.454135	44.828855	61.533844	71.859737
56.152649	44.972958	63.291568	69.494102
56.546685	43.136708	61.164396	70.568532
54.543636	44.339410	61.360168	69.320291
51.356601	42.256545	61.968602	70.853692
49.799272	46.473579	61.189405	69.376180
47.051724	46.633306	61.925477	70.475518
45.071671	43.542401	62.693061	70.648188
41.656082	47.437053	62.627562	70.159374
40.009906	50.736302	61.533789	68.329153
37.729909	50.767082	60.577471	69.799323
34.644815	50.373627	62.182796	70.296109
30.874131	49.460486	62.973458	68.726080
29.366714	49.903576	61.584288	69.679957
28.027466	53.926335	61.072720	69.154104
23.081232	54.191071	62.629805	70.478559
20.901782	56.021438	63.175996	69.663660
19.513200	53.974991	62.321628	71.551103
17.249454	54.139320	62.689787	69.528548
15.720280	55.397325	61.350858	70.005968
