319.000000	185.000000	67.000000	56.000000
317.640115	184.228868	67.849150	56.212503
317.755656	182.118455	65.424123	56.146809
312.470845	182.860523	66.855157	56.700271
309.634908	182.733220	65.307392	54.486520
310.361635	180.963638	66.175823	56.333799
306.142796	177.544677	67.171306	57.036901
303.901627	177.131717	67.675923	56.177873
301.834121	176.074166	68.533456	55.961012
302.585592	176.393446	67.866705	54.737562
300.699950	172.824016	67.319790	55.722577
299.562940	174.491874	64.560847	55.333633
297.706774	171.808978	66.848555	56.206154
295.251088	169.489229	66.730538	57.132970
294.919742	169.519246	66.102989	57.001557
293.987153	167.818313	66.473778	56.753300
292.605329	165.809784	66.867691	56.894372
291.328590	163.844828	66.362147	55.357781
289.455628	164.198271	68.000107	53.411542
291.067046	160.292437	65.210323	57.390108
288.135458	159.870143	68.629299	56.371422
288.027777	158.522875	66.539411	58.825679
284.509301	157.261845	67.101565	55.939817
280.718497	154.370337	70.901567	57.823288
283.766795	153.860071	68.236720	57.104254
283.435297	151.803906	67.257099	57.368344
282.418970	151.046897	66.000790	55.288325
278.510258	149.001966	67.466227	56.291936
277.317361	146.208991	68.630178	58.046466
279.978069	145.153413	65.271871	55.462077
278.977061	141.781853	67.106985	57.300251
278.911907	140.051545	67.836318	56.220296
281.583716	137.276837	68.096386	56.012041
281.166032	134.408726	65.524823	57.654939
277.127466	130.354106	67.366580	57.274578
275.627292	127.985514	70.028018	56.935266
275.382743	126.513157	67.715659	56.234009
277.997437	124.781240	67.480858	56.086573
277.430378	122.801450	66.263145	56.202906
277.472201	122.667184	68.692615	53.858074
277.888598	118.747311	65.914885	57.528480
281.722551	117.100393	63.895180	54.823958
276.450021	116.371113	67.988178	54.685941
278.771072	113.642556	67.221489	55.161268
276.686970	110.623534	68.328508	56.839810
279.162984	109.251662	67.104324	56.880075
281.576634	109.807714	65.387122	54.441243
280.288724	106.089545	66.061459	56.234290
281.834517	104.607991	65.568428	56.129938
278.386167	104.984861	66.240182	57.537352
286.649756	103.795671	62.760390	57.827316
284.092428	102.738966	67.150555	57.744785
283.240606	102.839009	67.455055	56.174671
290.517237	104.732512	61.548489	56.776469
288.029039	101.547644	64.225172	56.844367
284.350904	101.310071	67.442471	54.794793
286.384087	99.061937	68.709773	57.224849
287.365692	98.670757	67.852611	53.538861
287.199763	99.860263	64.932616	54.186636
289.132350	99.350681	65.772125	55.852382
287.021194	96.217869	65.551759	55.834005
285.868904	95.027105	67.308777	58.238094
291.395979	94.791061	64.229844	59.279203
288.346873	96.419696	67.955694	56.379193
289.696863	95.841951	68.617888	59.687377
290.106560	96.451967	66.650909	54.679617
290.397937	96.034108	62.851593	56.184557
291.518617	94.600290	65.569349	56.361075
294.421255	94.888329	64.409026	55.273994
293.611992	94.607984	65.593514	55.205557
293.739810	92.450369	66.420724	55.217759
295.388076	94.313768	65.801607	54.312257
294.680249	93.108764	65.622710	55.601564
295.909237	90.702221	66.763924	55.645474
295.711107	92.237567	67.965344	54.571818
299.049579	89.985054	66.357426	55.105794
299.484365	89.570371	66.949548	56.921147
300.575191	88.182871	66.696180	56.237955
300.917741	87.547915	65.983440	56.636497
301.108629	88.060761	65.965722	56.237982
301.173915	87.615224	66.001757	54.453723
301.276934	85.756775	64.968790	54.794436
301.012302	84.593002	67.315104	56.205913
302.026523	84.863950	66.825772	55.215636
303.054919	83.741727	66.561468	55.257339
305.604431	80.606740	64.896979	57.265000
302.799528	83.219188	68.614196	54.722922
306.973838	82.215364	65.436480	54.145339
303.384123	79.590325	68.419968	56.927044
302.889992	77.694213	69.513840	56.011777
307.027571	78.996569	65.454417	55.349793
307.888141	78.859052	65.085243	55.358976
308.130051	77.850360	66.357895	55.950756
307.498778	78.579266	65.829417	57.252061
306.591918	76.339643	64.742837	56.021771
306.433852	76.796830	66.773925	56.554234
306.493906	77.228144	66.548781	55.818868
308.583276	76.303872	64.062497	57.942930
306.154563	75.746384	66.459699	57.602639
304.268153	77.537013	67.139428	55.124018
306.910277	75.417820	66.851309	56.140816
305.822583	76.405554	65.373464	55.104651
306.481318	75.599332	64.336027	54.848000
305.394526	76.956518	64.701350	55.309325
307.296594	75.120497	64.470217	55.089608
304.877102	76.179906	68.123501	55.753580
305.119424	76.769470	66.220735	53.931941
305.692877	76.982983	66.718522	57.109932
307.175210	76.533489	62.313804	56.276689
304.376465	76.160810	67.288578	56.621882
302.312683	76.539783	68.538865	57.174152
302.488035	75.282475	67.711621	57.081938
306.198168	78.393768	66.072266	56.918129
306.616667	77.492190	63.669786	54.800741
305.619749	78.715322	67.158382	55.161710
306.350097	77.517407	68.034914	57.048814
304.702893	77.711560	68.586041	56.272571
306.300528	77.898126	66.977931	56.051333
305.603199	78.681335	65.844686	57.210151
306.929428	80.353256	66.418758	55.576249
301.764806	80.429285	68.756240	58.345376
309.584395	79.418112	62.906436	56.686407
306.909341	82.587935	65.529748	55.633758
305.343660	81.348959	66.280871	56.653577
302.751631	84.918689	65.578020	55.964219
303.488901	86.993407	65.758981	54.810033
303.272411	86.208918	66.392868	54.157329
304.998627	85.442129	65.434708	55.457991
303.206934	87.414145	67.873323	55.617415
303.620120	89.262797	66.464780	56.099166
303.656583	87.582353	66.240990	57.548558
302.565046	88.517567	67.863220	55.856905
300.961348	88.485420	67.854571	54.439944
300.894009	89.601144	67.853885	55.287131
301.175245	91.340279	66.519374	58.059460
301.013590	92.148314	67.599013	56.792873
300.641784	91.705252	66.643273	56.508126
300.095947	92.789317	68.706675	56.448126
300.374923	93.919008	67.708943	56.243990
299.261230	92.971575	67.131693	56.748462
298.781424	93.089903	64.601518	56.019852
296.562952	93.131707	68.048419	57.154519
298.543913	95.975634	66.940992	55.186711
297.930379	95.427573	64.911627	56.701839
296.416735	92.366011	65.849909	56.317529
296.198963	94.493785	65.799741	56.355626
293.114325	91.509893	67.243799	55.979137
294.078056	91.392249	64.214488	56.798135
295.024111	94.234996	63.046594	55.835976
290.753111	92.621827	67.250360	57.684763
292.565679	90.823580	65.699571	54.702284
292.433574	92.498353	63.892391	54.387654
290.300838	95.474721	68.862194	56.952502
288.465879	97.412636	69.665487	59.124197
288.608965	97.840220	67.360162	56.839235
291.719567	96.131368	65.048400	57.029104
287.627325	98.156531	66.976714	57.211017
288.755853	98.024577	65.320873	59.253012
289.223566	98.918781	65.468506	57.107611
288.136019	99.834824	63.604072	53.993491
290.001146	100.965820	62.567886	58.086118
287.650838	103.067202	63.414599	57.982704
284.407950	105.476157	66.075054	54.035143
283.999854	103.950695	67.023978	57.008840
283.426816	104.785351	66.044671	56.523750
286.348527	107.422228	65.547288	55.948057
285.072077	106.530705	65.576961	58.285623
283.615089	107.933509	65.792295	54.901563
281.668515	107.751940	69.087888	55.652748
283.503633	109.524238	65.061986	57.349483
283.295692	110.357889	63.555708	57.886472
284.203601	112.663185	67.793334	55.811789
281.229264	112.686743	67.062222	56.615891
279.105431	114.826868	69.373205	55.410768
279.860124	115.085741	67.423761	56.636322
280.512241	114.274516	66.843506	57.795087
280.096925	116.949073	67.458160	55.442249
281.979369	113.449009	64.279802	58.338456
280.284942	116.994008	65.296907	57.374496
278.178037	114.129951	67.337603	58.099222
276.880594	118.992219	67.201379	55.409368
274.269194	117.437562	68.744023	56.361970
275.661724	120.692371	65.740568	55.783205
276.544428	123.125142	66.699154	55.780149
278.170089	125.050659	67.425387	54.192631
277.876851	124.741621	67.478367	54.934170
278.448318	125.160505	64.151689	55.669040
275.128291	123.206945	66.804477	57.011029
276.888167	125.100013	65.093123	55.100583
273.690893	128.380310	67.374361	56.125071
273.627870	128.972888	66.349237	56.119581
271.395118	129.141432	67.448313	55.819574
271.115050	130.256926	67.421215	56.310389
267.238311	131.763826	66.435977	55.548373
266.248283	132.754318	65.917519	55.387173
264.384015	134.176539	68.085932	56.997930
265.462803	137.028512	67.000777	59.173582
263.957844	138.809257	67.255346	55.290297
261.607678	140.262988	64.250568	53.898799
261.266430	140.298253	67.646450	55.651947
261.290804	146.657236	66.410333	55.240936
262.525252	155.696934	67.814269	56.575105
261.725917	155.235102	67.317662	57.279260
262.818095	155.245129	67.621139	58.055513
262.044071	156.635220	68.329290	56.527742
262.831244	159.799747	66.934426	55.988822
263.679085	162.360918	66.108990	55.396596
262.806901	162.915640	65.612670	55.976162
262.667337	163.504228	66.085866	56.768311
260.826860	165.570293	67.245180	56.573975
261.531165	167.117202	68.638598	55.792466
262.011988	170.685046	67.106765	55.453645
259.113991	170.259049	67.111914	56.517838
258.190252	168.531932	67.818335	55.755328
256.969721	169.901795	65.494377	55.101721
255.843384	169.787367	65.420335	56.136815
256.449043	170.091127	68.392468	56.587651
253.450979	169.245023	66.801029	56.400313
253.119030	170.490151	65.766952	55.318608
254.474387	172.422421	68.042755	54.906630
254.952673	171.740485	67.813682	55.539867
252.049728	173.139733	67.404432	55.012835
253.065240	174.265694	66.724956	54.798192
253.622344	173.657978	66.834973	56.341689
252.277348	172.533714	65.910972	57.123637
250.778425	171.944947	67.826233	57.467983
250.802457	174.779841	68.009072	56.309499
249.823095	174.259767	65.276691	56.277692
