58.000000	100.000000	28.000000	23.000000
59.191572	100.399990	28.320504	22.921510
60.521467	99.798681	28.204549	22.952502
61.408168	100.152185	27.957073	23.042090
61.689441	99.683440	27.916829	22.771719
62.029471	100.126544	28.147084	22.892290
63.855885	100.829807	26.970116	22.829404
65.114824	101.322926	28.475860	23.486257
68.057937	102.039534	27.449573	23.384684
69.361497	103.434352	28.267700	22.939872
70.417476	103.358393	27.617904	23.689920
70.809193	104.135446	27.964904	22.866047
70.154065	104.300103	28.048390	22.772168
69.626200	103.696637	27.738096	23.302145
68.576889	103.510325	28.020195	23.199426
68.478723	103.971325	28.477233	23.102464
67.304044	105.412049	28.164308	22.515470
66.330707	104.836852	28.249981	23.156285
66.202313	105.577145	28.185171	23.093736
66.578772	106.836189	28.262916	22.915884
67.138669	106.357403	27.366306	22.751718
65.770302	106.608808	28.240050	23.368663
65.561626	108.317619	28.176970	22.905230
67.093013	108.537688	27.919343	22.953007
68.474832	107.862391	28.093279	23.420530
68.779936	108.157569	28.252630	23.209922
71.801851	108.217288	27.875220	23.433481
75.668635	108.103656	28.020276	23.689269
78.740220	106.898419	28.232738	22.970794
81.692656	106.670046	27.318487	22.426691
87.023473	107.013748	27.764804	22.966783
90.001370	108.447564	28.435447	23.250028
92.457617	109.089977	27.767475	22.899127
91.233765	108.665252	28.295685	22.505791
93.276376	108.487715	27.705947	23.244271
94.705951	108.567930	27.955539	23.626118
95.246750	109.170824	27.717766	23.315308
95.838373	109.935417	27.852268	23.155360
96.092727	110.234999	28.649147	23.103878
98.484796	109.915484	27.459419	23.136439
98.844930	109.465549	27.604689	22.890762
98.363839	109.781144	29.051221	23.509524
99.596451	110.000790	27.759270	23.471571
102.204811	109.925497	28.165141	22.867456
104.066004	110.815308	27.733399	22.960012
104.831984	110.334712	27.662985	22.953847
103.616722	110.434772	28.410130	23.558556
105.612035	109.533489	28.313582	23.154090
108.854587	107.272453	28.408304	22.590748
109.268368	106.477338	28.203780	22.903647
109.979358	104.366776	27.749382	22.997135
110.879078	102.276980	27.761157	23.011628
113.031295	100.324108	27.043717	23.570946
114.332711	97.811662	28.102615	22.984942
116.215645	96.794227	27.578468	22.779807
116.407363	96.589843	27.671549	23.094465
118.321936	94.910193	27.677185	23.349148
119.442123	95.352541	28.378537	22.703560
121.445168	96.598655	27.814780	22.703355
122.756710	96.905194	27.614761	23.173861
122.935962	97.438194	28.203649	22.623658
123.363586	96.949112	28.447034	22.796862
124.131293	97.230297	28.387137	22.307179
125.500419	98.385700	27.756727	22.595469
125.730764	98.234760	28.076648	23.423120
126.936424	97.473821	27.781203	22.818102
128.821853	96.876357	27.499274	22.957308
129.700570	98.298944	28.315398	22.750927
131.223760	99.164698	27.727791	23.233783
133.035455	98.592629	27.685401	22.960843
134.886839	98.969111	28.354061	22.563233
134.734379	97.768610	27.493146	22.159779
136.165546	98.387013	27.971627	22.912212
137.183199	99.370627	28.029601	22.757556
139.155532	99.419944	28.194673	23.196849
140.914607	99.283359	28.003439	23.074843
142.351714	99.206481	28.064649	22.597356
142.346359	99.162830	28.499738	23.166366
143.469153	100.359147	28.050781	22.935367
144.329721	100.386778	28.174710	23.074724
146.253135	100.746080	27.670823	22.668150
149.045160	100.980756	27.866106	23.214210
150.126137	101.283873	28.074332	22.525881
150.529477	100.682427	27.636318	22.349993
151.444527	101.395420	28.017861	22.384716
153.168404	101.197039	27.658828	22.732999
154.527165	101.704550	27.962253	23.055016
156.036528	101.557652	27.496179	23.072617
157.168232	101.603920	28.292108	22.489345
159.895237	101.705683	26.938899	22.619324
159.503739	102.107305	28.414913	22.928209
160.963304	101.801432	27.517155	23.125598
161.534834	101.934785	28.399211	22.748421
162.801272	102.869466	28.510704	22.193207
164.519677	103.189662	27.989622	22.920836
164.906336	103.008189	28.012119	22.816743
165.411965	102.690160	27.676795	23.201755
166.537661	103.498678	28.048921	22.778667
168.187033	103.101563	28.024522	22.892032
169.428905	102.106156	28.529828	23.218963
170.736864	103.438020	28.163355	22.546961
171.535439	104.086421	28.068007	23.015051
172.293481	103.630592	28.258253	23.869338
173.939163	104.619667	27.749788	23.394945
174.708094	104.880077	27.252443	23.019645
175.403590	105.505534	27.696555	23.133097
176.107532	105.721825	28.254380	22.883202
175.040605	105.443417	28.611295	23.020437
177.277085	106.822160	27.517557	22.552491
178.311012	107.849996	27.559906	22.733266
177.934173	107.376616	27.634634	23.235013
177.698850	107.042217	28.358348	23.011515
179.794417	107.561827	27.156328	22.942972
179.821534	108.966408	28.299751	22.886846
179.319150	108.940260	27.664415	22.943856
180.295197	108.853056	27.859132	23.405116
180.067104	108.972643	28.051229	22.713647
180.562920	109.660198	28.248386	22.974391
181.440943	110.938624	27.853472	22.810895
181.445661	111.533837	28.165165	23.374376
182.494874	112.326152	27.723705	22.962690
181.801364	113.110502	28.203657	22.970278
182.450415	112.584188	27.642748	23.056902
182.814023	113.111333	27.545332	22.643601
182.114258	112.950219	27.817284	22.880036
182.136637	112.507164	27.732860	22.975166
181.798739	113.442188	27.688714	22.994485
181.327988	114.155077	27.563138	23.542939
181.415327	115.030739	27.113016	22.697633
180.749601	115.225707	27.841634	22.438003
180.113137	114.899582	26.570911	23.533387
179.132735	115.531045	28.381767	23.274879
179.108654	116.141027	26.705872	23.462300
177.589606	115.410898	28.426880	23.210975
176.221300	115.463554	28.921068	22.627237
176.600731	115.722832	27.486213	22.833397
176.253195	115.335072	28.000287	23.820163
178.407558	114.352907	28.935774	23.464855
185.916832	118.425052	26.715998	22.758762
187.618845	120.071497	25.742704	22.536704
186.948486	121.409061	27.806554	22.936203
185.244534	121.428962	28.053258	22.964307
183.556826	122.366900	27.730622	22.707208
182.925474	121.644722	27.231234	23.016065
181.152774	121.872585	28.302280	22.805982
181.036952	121.380074	28.099317	23.150551
179.916227	121.741668	27.330254	23.281820
178.230846	122.427624	28.440458	22.827274
176.986587	123.228985	28.164163	22.516779
177.171838	122.590107	27.412647	22.994689
176.320086	122.393596	27.650162	23.028886
175.894993	122.587245	27.796068	23.206742
174.543613	123.542317	28.030023	22.847900
171.599228	124.696744	28.100866	22.590556
171.018093	124.569371	27.842456	23.095263
169.708679	125.002703	27.878164	23.107071
168.272708	124.696594	28.273985	23.146553
165.827787	125.050908	27.669689	22.976239
164.706870	123.748851	27.562851	22.771851
162.919382	120.970786	27.993910	22.622173
162.017777	121.253690	28.527609	23.576779
160.494906	119.782863	28.455498	23.053198
159.638784	116.719844	27.772039	23.193460
156.998826	113.921321	28.108690	22.941827
155.831908	111.741826	28.844838	22.785047
152.973652	109.764778	27.782368	23.420454
153.677714	110.236981	28.269012	22.965664
151.605075	108.390921	28.459790	23.073349
148.169516	105.700287	28.088742	22.872017
144.334776	104.403032	27.890976	23.006866
143.641033	105.202948	27.657117	22.765161
140.954154	104.106014	27.931486	23.100384
139.410983	102.287050	28.064854	23.077468
137.188634	100.401762	27.810587	23.087143
137.557324	100.152545	28.284690	23.174211
137.977225	98.688904	27.606807	23.336038
135.228728	98.646939	27.983791	23.087643
134.147600	98.356227	27.921726	23.657080
132.837957	98.822156	27.746037	22.621880
134.030977	98.356590	27.408631	22.404207
132.447268	98.802666	28.214366	22.726001
129.986283	98.367100	28.673416	22.943740
127.897397	97.389796	28.527057	23.033971
127.184428	97.029969	27.974287	23.428143
125.587848	97.001012	28.064322	23.321824
124.983367	97.031626	28.094651	22.177681
124.731445	96.816987	28.233786	23.083090
124.307062	95.628523	27.967745	22.971640
122.540859	96.015416	28.377958	22.771107
121.935730	95.529617	28.675491	22.771889
118.604921	94.759952	28.767592	22.695159
119.072046	94.885466	27.394731	22.915340
118.944757	95.192529	27.646008	23.402116
116.817476	94.851529	27.952547	23.108176
112.216800	93.660336	27.999165	22.993215
110.473537	93.841405	28.361857	23.300354
108.325175	93.625660	27.489830	22.279677
106.651643	93.058538	28.158480	23.248570
105.383213	92.912493	28.527119	23.230350
104.480443	93.306345	28.299958	23.115944
103.573507	92.715155	28.128379	22.635321
103.136034	91.747801	27.725179	22.949796
102.257559	90.455744	28.833363	23.303884
100.520294	90.845655	27.558378	23.556298
100.352143	91.078108	27.452071	23.275595
99.581748	90.098741	27.455396	24.021692
97.234016	90.389923	28.448593	22.892328
98.056553	90.541837	29.292254	22.819207
97.079595	89.939721	28.030549	23.598430
95.767682	89.507212	29.420474	22.656909
95.579232	88.369956	28.225732	23.124363
96.297826	88.654425	28.347246	23.138851
95.260398	87.404987	28.188122	23.888244
92.497430	86.883100	28.163809	23.779578
91.149609	86.500894	28.328817	22.747936
89.200082	85.310973	28.188818	22.709615
89.161443	85.438323	27.905356	22.960563
87.804777	85.694808	27.022951	23.164916
85.585250	84.489672	28.590998	23.724837
84.161776	83.967778	27.511245	22.999539
82.752097	83.229452	28.379818	23.366677
82.797071	83.413576	28.462847	22.924546
81.944993	83.152038	28.095171	22.908220
81.491577	83.541834	28.206399	22.770276
80.102959	81.830721	28.337778	23.258667
78.827090	80.932427	27.943993	23.306533
78.935919	80.978475	27.253548	23.445654
77.751309	81.133039	28.318813	23.057344
77.155180	80.691660	28.378145	22.847610
76.973008	79.747078	28.216271	23.119542
76.902187	79.987931	28.041704	23.250426
77.171850	79.323127	27.640868	22.596440
76.524958	78.882264	28.292655	22.909928
75.972479	77.495761	28.627002	23.393649
74.584600	76.930724	28.689861	23.334913
73.736563	77.099044	27.854879	22.645907
72.932418	75.688904	28.845707	23.171307
73.572517	75.719894	27.686515	23.519616
71.767370	74.629697	28.166329	23.249730
70.481627	75.925961	28.269961	23.169258
69.667700	75.042361	27.774838	22.688327
69.105599	73.503263	27.771410	23.013247
68.408991	72.916711	28.683382	23.406364
67.814073	72.602655	28.649507	23.000205
65.836158	71.681394	27.839894	23.088795
65.156613	70.857071	28.217628	22.889037
64.688229	70.312322	28.144959	23.202741
64.342230	70.219289	27.835448	22.827316
63.130711	69.630055	28.051371	23.088526
62.201670	69.660871	28.146186	22.760125
62.741657	68.970737	27.555974	23.075490
62.770187	68.936127	27.472343	22.699284
61.999576	68.908479	28.095478	23.441035
60.727853	67.701790	28.334865	23.685998
61.029326	67.892914	28.092470	22.899509
61.756880	67.322136	28.296279	22.761262
62.729160	66.856768	27.101005	22.792942
62.380911	65.813651	27.893741	23.420124
61.843668	65.565955	28.062942	22.952113
62.500236	64.585475	27.651841	23.212257
61.870938	63.960949	28.058596	22.948081
61.485261	63.213500	27.043712	22.652166
60.660679	62.358271	27.581929	23.688193
60.337498	63.010180	28.315201	22.875843
58.977366	63.211813	27.840766	22.691333
59.708235	62.814152	27.661232	22.524987
59.957984	61.673895	27.232036	22.887812
58.477014	60.846420	27.643306	22.781906
58.094118	59.806236	27.253117	22.785882
56.826331	59.616548	27.385086	22.882127
57.956958	59.586157	27.748667	22.402663
57.173600	59.670000	26.242482	22.057915
56.696500	59.189878	27.776602	22.882042
57.669076	58.977427	27.101406	23.194673
58.217996	58.584036	27.226474	22.594571
57.531410	56.781790	27.721640	23.995103
58.952787	56.074443	26.539259	23.981005
59.031199	55.465157	25.855008	23.438447
58.514947	55.586023	24.749250	23.434407
58.129687	55.301216	26.765339	23.657874
57.656926	55.399260	26.409029	22.484971
57.295827	54.595417	27.078812	23.138558
57.820088	53.559512	26.143980	23.152574
57.708157	53.775125	26.732301	22.632623
58.734111	54.064202	25.856848	22.408572
57.148804	52.851744	27.623099	22.758456
57.664650	51.954954	25.501248	22.467026
56.893782	52.123462	27.535912	22.508372
56.000201	50.343098	27.681538	22.907259
56.415166	50.972403	26.428812	22.465881
56.948322	50.183990	25.674089	22.366183
55.401723	50.502190	26.838495	22.376765
56.807391	49.857849	25.688875	20.711692
55.822031	49.291381	26.346370	22.312883
54.506256	48.481137	27.227707	22.420876
54.564170	48.479991	27.025492	22.090418
53.910284	47.746302	27.809563	23.070067
54.348143	47.179018	28.249815	22.998758
54.497815	47.466303	27.987902	22.804713
54.516500	47.332400	28.155757	22.695452
55.070973	46.099877	28.122891	23.179081
55.699922	45.604659	27.177287	22.716228
55.337433	45.025324	27.773110	22.856380
54.661608	43.909500	27.930189	22.968594
54.403718	43.503811	27.812200	23.006796
55.629339	43.134253	27.538862	23.595129
55.042505	42.227335	27.959890	23.309733
54.017267	42.338246	28.149335	22.650071
54.084872	41.580498	27.844346	23.000525
53.867317	42.142083	27.857014	22.880078
53.090175	41.614206	28.154646	22.795507
52.763812	41.385348	27.775980	23.037177
52.366620	41.283085	28.252444	23.030425
50.587135	40.471901	28.121263	23.176483
49.374809	39.577041	27.833539	22.957992
49.329341	38.427594	28.206668	22.408599
49.999013	37.325447	27.668060	23.454946
49.857273	37.382084	27.371546	22.914757
48.512724	38.780969	27.803667	22.689930
48.048032	38.696828	27.669679	22.847378
48.409285	38.270772	28.188152	22.860852
48.467312	37.474518	27.737173	23.018557
48.354271	37.913907	27.858528	22.796177
48.247746	37.538873	27.899126	23.073615
47.909333	36.986443	27.730796	22.759946
46.754438	36.464116	27.756949	22.451802
46.767384	35.829446	27.794969	22.757863
46.572264	34.800470	28.147295	23.511567
47.098922	34.328736	27.043193	23.134382
45.996959	33.752581	27.366922	22.847864
44.584650	33.665771	27.118864	23.013545
43.208842	34.041413	28.779512	23.046871
42.694391	34.981308	28.434534	22.977198
41.329651	33.793787	28.429696	23.649611
40.092686	33.469922	27.350551	23.183741
39.233266	33.404108	27.807707	23.069928
39.020527	33.078123	27.669338	23.023466
37.880482	33.331319	27.723344	22.760657
37.036361	33.614793	28.874010	22.549821
36.661673	33.409936	27.333192	22.636799
36.705123	34.326757	27.809234	23.048090
36.530862	34.094069	26.988023	22.733988
35.648771	33.030835	27.778773	23.014970
35.298349	33.358284	27.224461	22.709471
34.383005	33.249739	28.031586	22.602880
33.105705	32.912147	28.180638	22.641178
32.771439	33.154380	28.220610	22.374410
31.759223	33.167368	28.156879	22.495089
31.180837	33.641708	28.015195	22.535413
31.483158	33.503743	28.604437	22.909869
32.301060	33.639658	27.614712	21.991559
30.182160	33.388086	27.885322	21.966475
27.612375	33.684718	27.480698	22.709083
23.316803	33.115491	28.431142	22.722434
20.987494	33.832466	28.432919	22.421591
19.323251	33.814583	27.938713	22.606606
17.358790	33.700921	28.838749	23.246349
15.801536	35.931401	28.510888	22.378437
16.435001	35.717736	27.646486	22.997825
16.609208	36.073491	27.401537	22.418179
16.299339	36.080816	27.939065	22.510465
17.029398	36.040331	28.049479	22.424468
17.424057	36.734896	28.480581	22.738709
17.185325	36.831231	28.010982	22.054785
17.375353	35.529760	28.592337	23.368498
17.084742	37.219430	27.673929	22.747323
15.998280	37.068568	28.675451	22.914531
16.048108	37.984063	27.977694	23.241726
16.333236	39.108311	28.444364	22.502527
16.171104	38.904903	28.397215	22.420737
15.923479	39.248760	27.534838	22.109388
15.905959	39.413179	27.141902	23.398896
15.504203	39.968916	27.740167	23.202438
14.633389	39.893248	28.371830	22.930967
14.562906	40.647594	28.021286	22.652464
14.044978	41.297564	27.611158	23.040623
13.844885	42.409868	27.677505	23.009256
13.903453	43.437286	27.711837	22.877977
14.197335	43.239357	27.592166	23.175156
14.009830	42.858597	27.207697	23.001483
13.318804	43.284796	27.745595	23.451529
12.804792	45.137678	27.729421	23.101051
12.912851	45.227821	28.026061	22.843045
13.238137	46.577799	27.647857	22.884533
13.289101	46.710777	27.389565	22.759508
12.694501	47.411522	28.265852	22.817169
13.728945	46.926699	27.393387	22.911274
13.453818	46.637882	27.839773	22.672463
12.792373	47.133106	27.793181	22.635135
11.585229	47.889835	28.282244	23.292050
11.826966	48.150184	27.418851	23.468971
11.757774	48.367742	27.707161	23.064192
11.498802	49.385346	27.691524	23.185310
11.127367	49.725238	28.432484	23.063267
11.871468	50.816708	27.581729	22.670560
12.000382	50.901905	27.709281	22.924433
11.996459	50.436519	28.054726	22.949494
12.116027	50.804116	27.566506	23.488145
11.096087	51.689895	27.372807	22.800189
11.273071	52.716073	27.148608	22.903550
11.133361	53.065690	27.744155	22.634077
11.845349	52.839918	28.421136	22.614995
12.270567	53.229940	28.212365	22.904739
12.871761	54.948673	28.009062	22.657284
13.408621	55.661844	27.540239	22.499947
13.050107	55.839235	28.065416	23.104947
13.505975	55.425710	28.230247	23.369605
14.849673	55.469687	27.867828	23.137057
15.532552	56.576019	27.879256	22.919376
15.658658	57.405657	27.329639	22.954178
15.874510	57.466671	28.149767	22.506266
16.863612	57.734568	27.942205	23.400131
16.171442	57.681341	28.666146	23.405306
16.990440	58.476081	27.670707	22.565297
16.877700	58.461196	28.551500	23.353549
17.518390	59.635356	27.524406	23.187117
16.225506	60.764491	28.384696	22.523311
17.428634	60.384883	27.608692	23.792498
18.019851	61.035512	27.845428	23.219520
18.300857	61.245181	27.206456	22.637733
17.975073	61.272475	27.648192	22.844708
19.262689	61.381324	27.915955	22.688279
19.973381	62.066317	27.917063	23.112901
19.485650	62.082547	27.954765	23.129455
20.451133	62.376065	28.171087	22.776198
21.945502	62.232037	27.976353	23.076575
21.225447	63.127866	28.442029	22.752506
21.913762	63.221827	28.075713	22.739928
23.169283	63.611133	27.903579	22.994158
24.325522	64.076693	27.644557	23.405137
25.232904	66.251780	27.593432	22.590935
24.996233	66.432091	28.154600	23.085576
25.016295	65.833496	27.749421	23.163596
25.201689	65.387738	27.897576	22.887734
25.818532	65.362085	28.025248	22.647670
26.221506	65.646253	27.788964	23.013543
26.772610	66.509360	28.429204	23.213552
27.990456	67.480927	27.839909	22.985079
28.499427	68.079972	27.781476	23.098074
29.199418	69.204729	27.904539	22.819340
28.667258	69.822455	27.910075	22.884855
28.892880	69.972395	27.897003	23.327673
28.740400	70.260418	28.032794	22.911201
30.509813	71.641781	27.728917	22.682331
32.109518	72.328708	27.570536	23.168965
32.103602	72.722217	27.957842	22.966348
31.000339	71.874003	27.575341	23.228874
31.106138	72.046951	27.963123	23.110316
32.051946	72.320569	28.186064	23.160511
33.338406	72.040513	27.764790	22.745620
33.354410	72.271175	27.545071	23.065293
33.958081	72.515297	27.481841	23.564101
34.894924	73.282915	28.051972	23.007921
37.159701	73.848509	28.030623	23.512036
38.679854	74.473271	27.753056	23.206519
40.491101	74.746809	28.237690	22.748577
41.570794	75.416330	28.080718	23.314682
42.862781	75.936779	28.436952	23.034171
43.518986	76.513313	27.856684	22.691364
43.735712	76.353822	27.552567	23.028829
43.474896	76.612148	27.931476	23.161893
44.785873	76.912248	27.872653	22.939716
44.920636	76.574343	27.653383	22.791471
44.136729	76.569351	28.135390	23.285565
43.275341	76.990755	28.298069	22.886990
43.609303	77.399935	28.040694	23.288232
43.703068	77.132096	27.934329	22.899132
43.550623	76.989183	27.569178	23.023049
44.302328	78.066492	28.390131	22.795170
45.409635	78.908320	28.479316	23.120923
47.293679	79.941290	27.536955	22.721636
47.753773	80.298253	28.383215	23.042625
49.995552	80.375962	27.982014	23.086230
49.746685	80.709915	28.396676	23.070035
51.242691	80.956363	27.888402	22.552572
54.991869	81.858845	28.454874	23.361926
57.477132	82.781704	27.975978	23.093456
57.111825	83.440972	28.184510	22.519674
56.836511	82.843157	28.073063	22.886346
56.972574	83.086390	28.421198	23.231165
57.350223	83.021668	28.007194	23.263893
57.597003	83.473140	28.177734	22.672173
59.916891	84.531588	27.571707	22.401024
59.773392	83.772791	27.831801	23.360695
60.855427	83.678015	28.154374	22.997855
62.635676	84.747902	27.792722	22.625810
64.678098	85.518869	27.736458	23.249539
65.911750	86.713842	28.038784	22.949075
67.321350	86.963538	28.076209	23.059866
69.414186	87.533151	27.711486	23.140511
71.665053	87.678365	27.905138	22.922152
73.894375	88.021032	28.120359	23.417768
74.997178	89.554562	27.977977	23.283537
75.397463	90.147081	27.809566	22.762876
74.725985	90.623154	27.695582	23.044167
74.803942	90.892341	27.607371	23.057979
74.437528	90.184441	27.841024	23.302810
74.380972	90.377636	27.835119	22.832082
74.533113	89.945593	28.002756	23.131148
74.166578	89.975033	28.019053	23.008283
74.125794	89.569265	27.519419	22.556640
74.378412	89.855777	27.960705	23.112634
77.571706	90.295784	27.974594	23.107113
79.705564	90.934633	27.868018	23.067078
81.894066	91.912810	27.566957	22.492553
82.894665	92.517725	28.045640	22.596825
82.444678	91.860713	28.131793	23.134785
83.586983	91.755433	28.069010	23.145653
85.643859	91.856875	27.643706	23.544824
85.956531	91.831092	28.372942	23.275280
89.003250	92.572857	27.513154	22.847304
91.896367	93.039760	27.955784	22.943430
93.208948	93.698559	27.603571	23.192533
94.120941	94.134027	28.262761	22.599993
95.581808	94.296271	27.943731	23.116496
95.731739	95.703082	28.531234	22.447316
94.941421	95.265726	28.256071	23.426995
94.519506	95.722301	28.029274	23.194532
95.943851	96.242262	28.281418	22.981024
97.421101	96.876756	28.314457	23.176965
101.790019	96.668872	28.685149	22.766754
105.462252	96.760208	27.965100	22.865385
108.595268	96.383340	27.776738	23.276452
109.421984	96.826219	28.350106	23.103774
111.187696	97.498094	28.492675	23.035209
113.078670	97.759862	27.927744	22.640507
115.650366	97.571727	28.244765	23.174600
120.237805	97.709930	27.626885	22.846039
122.805839	98.167847	28.207196	22.512953
122.210885	97.783370	28.522796	23.092925
120.868190	97.648521	28.646771	23.383149
119.609000	98.266466	28.371242	23.106657
118.230738	97.716958	28.333923	23.033799
119.776050	97.537336	27.886949	22.803025
120.201687	97.028911	28.349658	23.427984
122.689685	97.462477	27.395351	23.525888
124.928614	98.595133	27.664250	22.839569
126.978347	98.448824	27.751479	23.150675
127.882094	98.603945	28.377392	22.648062
128.352443	98.284269	27.696044	23.195630
129.864603	98.793165	27.830955	22.873084
132.030113	98.311386	27.462864	23.013845
133.487728	97.764527	28.188856	23.087848
134.122301	97.579695	28.018341	22.707733
134.448923	96.791729	28.018649	22.758297
135.553136	97.033411	28.566817	23.011456
138.464108	97.383816	28.309836	22.400533
140.734663	97.001026	28.534229	22.577506
142.146274	96.599787	28.348060	22.673578
143.205619	95.958477	28.164799	22.949893
144.439186	95.592261	27.721966	22.922357
145.936582	95.320052	28.111687	23.313026
149.060948	94.104862	28.529787	22.831607
152.977090	92.644527	27.793740	23.214901
156.305919	91.947932	27.434969	23.188059
155.862536	92.271193	28.095428	23.248431
155.632090	92.293436	28.022091	22.816921
158.509478	92.061626	28.353488	22.931141
160.506102	91.702213	28.586171	22.931517
163.239637	91.873190	27.808646	22.762753
164.334008	91.274683	27.490247	23.321706
163.818181	92.472066	28.324646	22.572557
163.763689	92.387450	28.208010	22.978235
164.263972	91.898753	28.055065	23.083546
166.187034	91.393983	27.693027	22.728495
167.163601	90.108710	27.775030	23.335948
167.982440	90.280563	27.684077	22.778941
170.447194	89.447013	28.105584	23.304524
171.955471	89.487784	27.946395	22.603624
173.333106	88.464170	27.941773	23.437958
173.304829	89.118086	28.023470	22.415189
173.888928	87.940950	27.326309	22.765371
173.667822	88.026583	27.913573	22.968265
173.355462	87.602828	27.810557	23.106324
173.220077	87.023244	28.456887	23.261085
174.822315	86.740449	27.399467	22.778031
175.962531	85.853142	27.262766	22.833318
174.339447	85.450160	28.082145	22.973392
174.041052	85.069662	27.778452	23.282166
174.187871	85.498211	28.315723	22.859662
175.007424	85.036481	27.588101	22.646215
175.303183	83.454473	27.771635	23.464268
175.986596	82.557416	27.168141	22.912433
176.210225	82.639285	28.395316	23.057159
175.759602	82.163999	28.074980	23.147740
175.150525	81.175004	27.384466	23.879958
174.992941	80.669752	28.086016	22.958392
174.722325	79.687410	28.122248	22.421622
174.588959	78.661405	27.737096	23.036829
173.769501	78.305118	28.356304	23.108618
173.574955	77.168248	27.621284	23.195074
171.610033	76.164314	28.493563	23.385313
171.320249	76.654535	27.477011	23.009968
169.827752	76.321607	28.142875	22.559870
169.401919	75.748424	28.112324	23.303618
167.397101	76.049302	27.994391	22.867110
167.788912	76.672402	28.148699	22.850723
166.675986	75.929365	28.072764	22.932840
166.235121	75.558347	27.807798	22.549928
164.364441	74.828703	28.032618	22.706518
160.893444	74.321120	27.545157	22.336559
160.933580	74.057583	27.851798	23.098873
159.931944	73.917045	27.775547	22.333895
156.639967	73.564029	29.617964	22.831375
158.113173	74.180446	28.192511	23.045826
158.937751	73.037437	28.366400	22.287173
158.478157	73.150152	28.698574	22.809768
157.615356	73.147848	28.398158	22.300093
155.569801	72.550602	27.655883	22.751999
152.906685	70.681313	27.798058	23.290653
146.027639	68.972207	27.758550	22.471969
143.868817	67.353408	27.201017	23.006695
143.093757	66.602845	28.002549	22.879640
142.397583	67.649026	28.083121	22.774221
140.876070	68.437918	28.507676	23.061841
139.607272	69.293600	28.043123	22.837759
137.342041	69.386516	27.972820	23.221283
137.188949	68.589518	27.948749	22.784207
137.707495	68.550915	27.799268	22.905147
136.094739	69.184731	28.541251	23.288743
134.607827	69.098567	28.123762	23.248318
133.391459	68.601283	28.128496	23.120587
131.415317	68.006775	28.125965	23.197072
131.799029	67.613872	27.648113	22.743096
129.768379	68.201566	27.761563	22.868491
127.670492	68.037936	28.078448	23.035681
127.019432	66.967843	28.622327	23.460292
125.741623	66.494539	28.153142	23.583581
125.925906	67.001655	27.913597	22.965719
124.760749	67.406721	28.096905	23.126397
123.419998	66.178977	27.639252	22.864094
122.688081	65.817949	28.508439	22.756061
121.801716	65.189492	28.106041	23.222342
118.884292	64.939518	28.409183	23.195492
118.553120	65.667411	28.408243	22.675489
117.672876	64.653544	27.838450	22.978421
116.347679	64.713195	28.072993	22.689293
114.689582	64.217402	28.090218	23.039170
111.069507	63.977647	27.906292	22.579106
108.997190	63.390987	27.721625	22.566172
108.988082	63.819787	28.786943	22.859898
108.017037	63.534093	28.042405	23.108345
104.333020	62.534980	28.606197	23.174549
101.208304	61.259986	27.626318	22.948814
100.721101	60.771088	27.648618	22.829819
100.677976	61.027344	28.368601	22.679364
101.608444	61.251174	28.694273	22.979221
101.462044	60.701942	28.202879	23.096868
100.619332	61.321737	28.035099	22.664387
99.605380	60.640672	27.692818	23.224775
98.324244	60.349752	28.307203	23.008679
97.411384	60.467620	27.585076	22.445510
95.603542	59.492459	27.898198	22.708494
95.458838	59.544122	28.074522	22.683031
95.149258	59.232696	28.055256	22.899611
94.856027	58.680935	27.839581	22.920916
94.821646	58.094789	28.123088	22.827223
93.856061	56.956306	27.847189	23.655408
91.707121	57.369796	28.395109	23.115092
90.334764	57.142775	28.252328	23.139102
90.071123	56.289701	28.021935	23.013441
89.407423	56.932724	27.904048	22.836542
88.144391	56.942615	27.899323	22.994163
86.281200	56.289042	28.304987	22.780683
85.275433	55.878870	27.924535	22.789788
84.882936	55.859707	28.179688	22.782804
83.808814	55.708263	28.091570	22.548226
82.806387	55.650656	28.148734	22.879275
80.935860	53.972272	27.526145	23.433756
80.336598	54.450629	28.587743	22.876393
79.978484	54.763352	27.688178	22.901809
79.649543	54.646274	28.116876	22.893128
79.769132	53.919982	27.452085	22.843262
78.771105	53.854931	28.287594	23.121177
78.076759	53.209229	28.065986	22.895995
76.606528	52.443571	28.154052	22.994578
76.086831	51.878195	27.980486	22.621138
75.103815	51.621470	27.638560	22.919363
74.288475	51.177457	27.816055	22.753016
73.486131	50.723089	28.104858	23.177049
73.333354	49.725984	27.646551	23.035498
72.862849	48.615449	27.617590	22.898440
73.376122	49.055269	28.070590	23.102316
72.730984	48.801388	28.302074	22.925741
70.710352	48.525447	28.284767	23.499790
69.291921	49.036442	27.868889	23.057648
67.611173	48.687805	28.464545	23.187946
65.681708	47.214323	28.304584	23.085221
66.800503	46.852686	28.456781	22.952291
66.363191	47.242852	28.216632	22.822322
65.952168	47.536520	28.370452	22.889143
65.590272	47.121776	27.877884	23.182901
64.369309	47.618198	28.057562	22.719553
63.343582	46.437138	28.399568	22.736690
63.926255	45.666785	28.108923	23.355468
62.506895	46.045230	27.884949	22.523652
61.033623	44.296481	28.299379	22.806693
61.315491	44.138058	27.623761	23.062799
61.562583	44.407190	28.159590	22.920873
61.864890	44.682724	28.294795	22.774962
61.514192	43.299468	27.955066	23.370123
61.141367	42.739341	27.493842	22.959629
59.270244	42.370164	28.109358	23.226750
58.642909	41.928683	28.069675	23.034777
58.679910	41.249737	27.472590	22.856569
57.368598	41.566278	28.689778	22.788465
57.630300	40.925514	28.313648	23.261412
56.675856	40.401140	27.925810	23.081280
55.978381	41.087768	28.524250	22.685598
54.680117	40.399425	28.227188	23.057742
54.131958	39.799773	27.996839	23.142116
52.465810	39.114448	28.524625	22.896533
51.621169	39.248455	27.996125	23.249148
51.900584	39.746384	28.165526	22.609071
52.525752	39.723158	27.911324	23.145143
52.392691	39.405754	27.618863	23.253783
51.212017	39.152575	28.164722	22.960272
49.857294	38.727726	27.785498	23.052918
48.398180	36.979782	28.181524	22.954548
49.056365	36.913075	28.150588	23.129193
49.482481	37.465507	28.037875	22.921081
48.952133	37.271675	28.168270	22.530555
48.624990	36.741180	27.778810	23.153766
47.889082	35.963088	28.273592	22.876384
47.238711	36.106975	27.966286	23.135214
46.146358	35.667670	28.261883	23.045505
44.655021	34.619972	28.233727	23.107039
43.731707	34.497027	28.054151	22.773052
43.572532	34.302387	27.881016	23.073999
43.678210	35.201149	27.926639	22.988741
42.831487	34.545829	28.342182	23.253105
42.550937	34.942702	27.652651	22.867662
41.519258	34.739819	27.823435	23.183227
40.878729	34.421659	27.974408	22.773264
40.455478	34.151763	28.480946	22.800204
39.274900	33.793294	27.647525	23.209715
38.056584	33.817152	27.513922	23.531014
36.995030	33.299042	27.402165	23.369546
36.110569	33.781435	28.097119	22.743402
35.780293	33.855416	28.291443	22.954228
35.700392	33.563225	28.136472	23.096456
35.471801	33.097652	28.015170	22.899616
34.346726	32.455825	28.442732	22.368794
34.422351	32.797539	27.876230	22.741238
34.138227	33.177973	28.262747	22.923293
33.270966	32.913461	27.258065	23.001298
31.132136	31.896955	27.570088	22.354310
30.652754	31.375918	28.539604	23.048403
30.610282	31.507927	27.988529	23.074506
27.797261	32.242550	28.316933	22.353846
25.805212	31.743093	27.703081	22.295206
24.702752	30.553729	28.516583	22.424404
25.630916	30.708192	27.775031	22.514110
26.262460	31.586183	28.243692	22.646737
24.556417	32.067661	28.374743	22.815743
23.338937	32.122962	27.548642	22.441057
23.314591	31.766902	27.728049	22.651174
23.215609	32.192074	28.456040	22.696814
21.700895	31.799698	28.629004	22.575416
20.126355	31.640995	27.634780	22.434295
19.162524	31.427553	28.181739	22.703212
19.560592	31.825883	27.653527	22.471917
19.763143	31.717641	27.392392	22.952283
18.338469	31.704978	27.634952	22.760358
16.137312	31.209324	28.254655	22.657505
14.442225	30.600541	27.844962	22.616072
15.561213	29.610172	27.553563	23.105316
15.612264	29.691934	27.898960	22.938760
16.028936	29.437726	27.748852	22.814681
15.625274	30.233183	27.600805	22.673676
15.475347	30.774896	27.736675	22.693539
15.053882	30.552153	27.869610	23.179456
14.525135	31.091690	27.264178	22.949876
15.828689	32.463802	27.835431	22.906502
16.143636	31.577188	27.736714	22.678732
16.186374	31.949451	27.338364	23.064253
16.693151	32.612694	27.686254	23.168783
15.276906	34.863452	28.367979	22.474683
15.290152	36.052421	28.065810	23.072650
15.271535	36.758521	27.774426	22.920237
15.577924	37.280513	27.366733	22.342429
13.800304	37.841195	28.322063	22.430759
13.990802	38.272550	27.765163	22.823058
13.493975	39.401937	27.627338	22.413553
13.159973	39.484701	27.057247	23.112087
13.344909	40.444008	27.284087	22.536414
12.821863	40.491805	27.420346	23.725791
13.547403	41.804557	27.085501	22.087549
13.797398	41.265525	27.344936	22.823550
12.759979	41.825648	27.450568	23.240456
13.594916	42.195931	27.501164	22.955354
12.932835	43.213882	27.877681	22.629894
13.076970	44.060400	28.230473	22.842175
13.357444	44.562652	27.132027	22.321825
13.758322	45.371554	27.556345	23.413417
14.326512	45.797495	28.182589	23.165908
13.916738	45.757910	27.469313	22.965334
13.620816	46.748276	27.945212	23.084851
13.982903	47.205481	28.825897	23.201864
14.016750	47.183997	28.207501	22.500146
14.222327	48.246067	28.239599	22.844883
13.498353	48.448733	27.898415	22.831015
13.451429	48.639072	28.050053	23.199777
13.379762	49.213578	28.516165	22.911583
13.761463	49.414507	27.911677	23.271104
13.731790	51.059482	27.939219	22.671415
13.958758	51.759049	27.649150	23.096596
14.275732	50.927959	28.021655	23.037223
14.269157	52.326780	27.598923	22.752586
14.194125	52.879997	27.878179	22.836629
15.017678	52.584276	27.754962	22.764667
15.661379	51.926708	28.549904	23.108614
16.261458	52.887392	27.757014	23.138724
15.359734	52.973778	27.726461	23.352263
16.355736	53.975772	27.967652	23.114829
17.001011	54.898155	28.494615	23.248739
17.217969	55.020275	27.800943	22.767256
16.337839	54.590773	27.666839	23.259582
16.719363	56.078032	27.841366	22.782787
18.130979	56.928400	27.439639	23.162956
18.593981	57.940241	28.024876	22.878317
17.511425	58.114608	27.753555	23.410403
17.557754	59.296135	28.027287	23.094386
18.117524	59.901899	27.403420	23.031235
17.597561	61.179181	27.779354	22.459139
17.876184	60.965777	27.948864	23.115878
17.844392	61.662863	27.688615	22.606268
18.766338	61.272796	27.855886	23.134718
18.989094	61.388679	27.326085	23.416647
19.185483	63.004949	27.974931	22.421259
18.611886	63.308898	28.702773	22.639223
19.151422	63.283967	27.787513	23.257386
19.723722	63.696621	27.909534	22.902402
19.684875	65.239633	27.638212	22.711028
19.688373	65.881823	28.373182	22.521383
20.835985	66.346384	27.735970	23.026100
21.662104	67.853336	27.100904	22.935917
21.160004	67.565861	28.229682	22.744547
20.591218	66.870591	27.713909	22.945891
22.081691	68.501394	27.598986	23.188351
23.157232	69.306455	27.530101	22.843728
23.197179	69.819240	28.148997	23.564806
22.418756	70.148661	28.239578	23.174695
22.043644	69.845839	28.048247	23.225641
21.603585	71.364772	28.168335	23.060368
22.045602	72.545277	28.087358	23.380695
22.198722	72.317647	27.633351	22.948272
22.348547	73.144272	27.813258	23.057598
22.594794	73.590576	28.532274	22.728922
22.999504	74.673471	27.830197	23.417977
23.306519	76.365328	27.043744	23.457603
22.833773	78.130149	27.542646	23.599835
23.193556	78.948498	27.848522	22.951834
23.780784	78.326153	27.899431	23.307584
24.016270	78.547398	27.975871	23.486798
24.686790	80.367443	28.086507	22.990789
26.198289	81.658602	27.793881	22.906274
26.342434	82.302636	27.785289	23.270069
25.961772	82.439973	28.044494	23.152266
25.582219	82.855566	27.636631	22.796571
26.656581	84.188278	28.088590	22.913153
27.463234	85.680426	27.967732	22.594141
27.746406	84.879166	27.440971	23.365630
27.682381	84.762452	28.110022	23.236013
27.275745	85.523287	28.214640	23.185819
27.083029	85.236267	28.520077	23.261493
27.395900	85.587788	27.816741	22.566432
27.618515	85.119873	27.529717	22.662038
27.815309	86.899628	27.707456	23.082440
27.447811	88.202509	28.431936	22.924763
27.907753	88.975794	28.562656	23.390433
28.704028	90.351374	27.978645	22.830405
28.714061	91.017445	28.048855	22.951562
28.959366	91.560238	28.270446	22.862916
29.406314	92.446098	28.268093	23.129119
30.262640	93.459952	27.883757	23.050604
30.624438	93.735393	27.696999	22.779073
30.881569	92.818950	28.047719	23.307228
30.472791	92.557401	27.990826	23.129504
31.737955	93.566333	27.688562	22.860066
32.244987	95.462951	28.328984	23.521689
33.020182	98.485224	27.963185	23.007677
34.539617	100.269155	28.234172	22.509405
35.275125	100.235148	28.048560	23.024100
36.148229	100.395975	28.037182	23.229497
36.153722	100.183401	27.641130	23.057856
36.281204	100.478098	27.805092	22.964163
36.698088	100.694502	28.179199	23.239035
37.035988	101.989547	27.642596	23.413410
36.323023	102.658047	27.826876	22.704460
37.025346	103.701862	27.446903	23.038874
38.248662	105.750282	28.076683	22.823569
39.160240	107.701720	27.690371	22.856790
39.144059	107.717583	28.136138	23.029377
40.361191	108.595608	28.346452	23.007600
41.411719	109.813852	27.782511	23.144904
41.052027	110.423509	28.381139	23.078938
41.848629	110.969269	27.715894	22.833601
42.402031	111.093503	28.230520	23.048215
41.972328	110.530111	28.199186	22.773747
43.113115	110.846223	27.677980	22.619351
44.005409	112.304813	28.017765	22.885702
46.120303	114.760399	28.041674	22.907503
47.644523	115.739112	27.731651	22.569773
47.321237	116.103875	27.554314	23.106367
48.186913	117.211640	27.697626	22.768305
48.258085	117.735615	28.203133	22.818821
49.136679	117.774473	27.893737	23.003711
51.392265	118.289224	27.406720	23.158667
51.576404	119.724391	27.730182	23.310229
51.515503	120.502158	28.291311	22.935766
51.600172	121.417096	27.919803	22.676681
51.114092	121.727199	28.157808	23.246492
51.115557	123.030577	27.962500	23.139832
52.539607	125.308495	27.882838	23.596635
54.419539	128.738318	27.742346	22.634663
56.474243	130.980194	27.913278	22.503471
57.164761	131.023550	28.156812	23.062257
56.920636	131.157559	27.850223	23.190248
57.491877	131.806114	27.789148	23.461153
58.345115	132.040917	28.110403	22.794282
58.653140	132.915695	27.808725	22.732175
59.893755	133.116725	27.738382	23.276116
60.813212	134.349869	28.118966	22.866215
62.193830	136.016243	28.034810	23.028976
62.869954	136.700464	27.939632	23.388800
63.527187	138.869492	28.287615	23.256560
65.567659	140.136314	27.729361	23.416573
65.563324	142.234471	28.101774	23.154718
65.841926	143.671603	27.624910	23.091425
66.401484	144.424912	28.376600	22.687114
67.997658	144.061963	27.868809	22.863494
68.317323	145.322616	27.990250	22.542706
69.115871	145.135311	27.728429	23.404405
68.071614	145.611185	28.145450	22.801770
68.182445	145.653087	27.963021	23.021113
69.707130	144.701142	27.954360	23.424475
71.106400	144.703717	27.868758	23.380164
71.504724	147.423084	27.939665	22.777165
72.376863	149.471868	28.050333	23.573030
74.756561	153.033832	28.116271	23.050981
76.999297	155.439705	27.745873	23.163703
78.347323	155.771587	27.895669	23.033926
79.434823	157.144472	27.863016	23.315758
80.282084	157.741732	28.610472	22.732209
80.360410	157.596661	28.593068	23.178820
80.866722	157.826777	28.115674	22.920849
83.617179	158.592449	27.673380	23.148360
85.959330	160.018895	27.845734	22.901324
86.362662	161.708896	27.820395	22.879149
88.444536	162.316606	28.763438	22.912928
91.280222	163.401189	27.924795	22.782862
92.344284	164.192187	27.955016	23.205636
93.251048	163.737810	27.736156	23.273472
94.418469	164.491915	27.778585	23.094003
95.784601	165.525666	27.423423	23.113559
96.926872	166.864211	28.624712	22.874072
99.761741	169.207880	28.067102	22.998879
101.091590	171.350932	27.629449	22.521643
103.223103	172.865838	27.525217	22.907644
105.137953	173.895005	27.611909	22.728220
106.739800	174.744224	28.064715	23.451300
109.459101	175.131255	27.999522	23.126533
109.857777	176.637920	27.946421	23.115561
111.359668	179.124817	27.919192	22.904796
113.156008	181.450909	27.952535	23.137802
115.270141	182.722238	28.082961	23.362967
116.871758	182.642587	28.205374	23.055241
118.207604	183.093192	28.352693	23.294067
120.358848	183.905036	28.335540	23.169033
121.838646	185.552107	27.913801	22.976361
123.570882	187.395469	27.852320	22.822247
125.721823	188.105984	28.017375	23.038779
125.849259	187.592127	27.924250	23.038572
128.077547	187.865889	28.214322	23.237631
131.048277	188.300436	28.020533	23.656192
133.720974	188.523633	28.060127	22.782834
135.731269	187.828904	28.205358	23.034875
138.926958	189.068117	28.123515	22.321378
139.436915	190.120927	28.109206	23.247163
140.958783	191.550281	27.624872	22.660904
142.761925	192.407043	27.967205	23.154338
146.641931	193.071387	28.650173	23.141344
147.864132	192.767254	28.463026	23.313613
149.176314	195.614222	29.019846	22.910990
154.634365	198.742132	28.363313	23.128646
158.363092	202.561383	28.464661	23.070088
162.824727	205.869933	28.107210	22.874401
163.759277	206.399695	27.804282	22.794489
166.577554	207.679504	27.725566	22.275110
169.998527	208.192347	28.269627	22.295457
172.661971	207.655490	28.431643	22.584274
174.004112	207.992455	27.921824	22.473181
175.288502	209.080462	28.214718	21.973133
177.448300	208.878439	28.231459	22.177186
179.745509	207.832189	28.393442	22.491169
183.282935	207.282289	27.683557	22.519641
186.554031	206.546785	28.384904	22.630122
186.114855	207.001907	28.835788	22.825878
187.721519	207.099065	28.047353	22.448916
