197.000000	87.000000	38.000000	18.000000
196.746938	87.319835	37.834010	17.755347
196.654873	86.991191	37.890606	18.075700
197.003003	87.603267	38.097219	17.472760
196.590115	87.335426	37.981848	17.812766
196.021566	86.941457	37.977902	18.129776
197.193290	86.527390	38.203969	18.037825
198.111536	86.293239	37.875919	18.142906
198.061583	86.607853	38.074849	18.286873
197.436294	86.591077	38.985162	17.861204
198.099852	87.077464	37.940031	17.993001
197.249564	87.068643	38.365800	18.127940
196.775394	86.751290	37.486505	18.149304
196.751991	86.661227	37.826244	18.182114
196.938966	86.019805	38.397037	18.290463
197.360526	85.259139	37.526809	18.185612
195.583655	85.796072	38.299623	17.976764
195.221456	86.495789	37.856829	17.747200
194.935262	87.228404	38.351892	18.113115
195.064616	87.149357	37.709234	17.766225
193.829680	87.032830	38.542542	17.646318
192.602997	86.211715	37.010240	17.861707
191.932642	85.805366	38.178367	17.543284
192.142624	85.861111	38.207399	18.126776
192.324690	86.659978	37.833241	18.362943
191.507494	87.336270	37.676830	18.047906
190.371308	87.345551	38.433467	17.878477
189.852516	87.318610	38.974609	18.025023
189.882641	86.945521	38.941033	18.062737
190.495052	86.984083	37.665913	18.017509
190.866411	86.866228	37.481272	18.234573
191.248703	87.382159	38.232750	17.966309
191.878264	87.416844	37.525066	17.578467
192.027589	86.869273	38.520692	18.118362
193.272865	86.178758	37.315109	17.898059
192.386565	85.770238	38.268562	17.833188
192.329397	85.164128	38.770486	18.357528
191.955584	85.269158	37.404955	17.880812
191.573717	85.529957	38.075163	17.806446
191.669312	85.224418	38.605527	18.370042
191.304388	85.869517	38.719819	17.939254
191.565104	85.922334	38.123654	17.907322
190.881606	85.667123	38.582501	18.038097
190.632396	86.073160	38.057937	17.861297
189.771151	85.591664	37.871573	18.407111
189.119580	85.628166	38.449317	17.971560
189.673605	86.036326	37.681746	17.858916
189.931440	86.670474	37.928528	17.801295
189.702888	86.386932	38.196820	18.225812
188.786865	87.159118	39.013326	17.820655
188.493881	87.466623	37.612564	18.225860
187.342723	87.756222	37.782192	18.108916
186.085333	88.045367	37.871809	18.013524
186.993719	87.836978	38.386839	18.196310
185.929576	87.942216	38.492547	18.122848
186.104489	88.582028	37.918498	17.744272
185.686168	88.732081	37.643186	17.982137
184.207048	88.034350	37.953126	18.063893
184.040404	87.950464	38.092008	18.060668
184.438594	87.816233	37.576111	18.165641
185.019996	88.305259	38.034632	18.038899
184.135378	89.014299	38.476206	18.137382
182.208670	88.592692	38.715404	18.171616
183.715387	88.457173	38.156234	17.940302
184.149914	88.400234	36.927452	18.045290
183.689394	88.902363	38.440842	18.032465
182.257945	89.707152	38.206119	17.919402
181.220867	90.145990	38.169131	18.022618
181.372842	89.629788	38.188517	17.841085
182.210893	89.302872	37.584643	18.106359
184.457276	89.975792	38.102491	17.976389
183.525743	90.658662	38.362128	17.872992
181.984894	90.252534	38.739857	17.905243
181.965100	89.928450	37.808435	17.914222
183.725584	89.114899	38.279975	18.141227
182.755776	89.161048	38.101116	18.190011
182.177686	89.757382	38.539337	18.242998
182.738011	90.206506	38.272834	17.707338
183.879717	89.670031	37.890720	17.945971
183.749414	89.850616	37.538683	17.899432
182.937182	90.292581	38.602197	18.195486
184.062591	91.055520	38.478723	18.319871
184.318154	91.585415	37.506500	17.413691
183.056155	92.693031	38.026533	18.075689
183.292467	93.941876	38.227364	17.745832
182.628546	94.282368	38.234398	17.996051
182.229995	94.780075	37.901515	18.286737
181.926975	95.204253	38.046536	18.000348
183.400800	94.206088	37.956372	18.277946
182.769599	94.344892	38.239404	17.816335
183.836914	94.858526	37.967010	17.811414
184.708726	94.558520	37.496362	18.039284
185.023073	94.259301	38.187352	18.113593
185.952681	93.996196	37.664750	17.622517
185.705919	93.258732	38.024746	17.710869
184.604145	92.916695	37.277479	17.935822
185.005014	93.363331	38.059933	18.014490
184.978409	93.280444	38.372495	17.973244
185.580791	93.830642	38.657187	17.800405
186.367234	94.464999	38.168919	18.138252
185.438715	94.682829	38.105461	18.082059
185.101624	94.454649	38.307642	18.162410
185.422290	95.232359	38.291765	17.798945
186.211254	93.908123	37.683663	18.352239
184.567501	92.818072	38.122331	18.135188
185.724612	92.276585	37.499648	18.160369
185.972798	91.619786	38.381421	18.169286
185.484656	91.066339	38.092830	18.375181
185.511035	90.738517	37.957229	18.378133
184.459489	91.003230	38.434567	18.014888
185.563396	91.034959	37.707378	18.018587
185.086857	91.612635	38.645065	17.771526
185.307053	90.915423	37.863766	18.098708
184.729962	91.235613	38.867843	18.008837
185.243505	90.717218	37.801351	17.917975
186.139628	90.772452	37.840218	17.739430
186.434346	89.829641	38.149607	18.186016
185.420506	89.874183	37.605561	18.087035
184.783947	90.163341	38.568828	18.253849
184.948544	88.876600	37.868587	17.790201
185.556984	88.025505	37.585760	18.409251
186.104377	89.066595	37.929288	18.234860
185.724925	88.386742	37.458402	18.453799
184.732957	89.266766	37.616953	17.998319
183.110382	90.344292	38.258916	17.822790
182.954787	89.897959	38.026282	18.415384
183.818713	90.098213	38.131345	18.014636
183.458141	90.819588	37.288510	18.003888
182.257647	91.412727	37.985215	17.835197
182.415074	91.599203	38.035168	18.123764
183.445588	91.829947	37.919557	17.968462
184.488149	92.369010	37.859086	18.100398
183.195957	92.942731	38.024771	18.120268
183.771931	92.818682	38.499445	18.070987
182.876227	92.221808	37.801125	17.420236
181.813536	91.757451	38.498976	18.231468
181.953173	91.234627	37.872174	18.185937
182.847976	91.328319	38.225377	17.813903
184.054792	89.998648	37.654358	18.377085
183.934243	89.854457	38.084750	18.246398
183.555253	89.081904	38.570065	18.300641
182.067799	88.705788	38.650038	18.071403
182.995343	89.740270	38.215788	18.435953
182.215291	90.206893	37.605534	17.638447
183.619214	90.360078	37.688155	17.937710
184.123320	90.060621	37.910680	18.157203
183.073329	90.260042	38.169306	18.150369
183.005172	88.639229	37.758053	18.126843
182.666005	87.884491	38.115878	17.837045
181.702337	87.677717	37.620509	17.864623
182.963365	88.137212	37.801913	18.101175
183.341537	88.746939	37.752437	17.946757
183.223752	89.691071	38.089076	17.892134
182.841959	89.158675	38.110654	18.160204
181.698803	89.977042	37.861619	17.857236
181.247606	89.502235	38.392551	18.046797
180.829958	88.883663	38.357600	17.920279
182.567031	87.891884	37.618463	18.261183
182.570500	88.238142	37.532418	18.062308
181.335939	88.650450	38.176021	17.888303
181.572627	87.570613	38.142351	18.108675
182.269572	88.392043	38.306217	17.870758
183.832258	88.461693	37.559643	17.887766
182.771163	87.912584	37.612348	18.189255
180.852093	87.404204	38.011566	18.069577
182.831026	87.184721	36.986289	18.036243
182.455270	86.972156	38.299920	17.863813
181.606359	87.492133	38.091934	18.155491
181.107809	87.241683	38.494499	18.393490
181.917034	88.541931	38.214506	17.897739
183.690665	88.183919	38.189851	18.219729
184.316524	87.618830	38.264572	18.137254
183.876095	87.829122	38.580027	17.869112
185.707131	87.841177	37.636711	17.822163
185.111574	87.029259	38.365169	17.731139
187.009356	86.772179	37.359735	18.035424
185.971300	86.158248	37.893502	18.165061
186.796066	86.217720	38.143533	18.148367
186.486093	86.699729	37.075524	18.069053
186.985043	86.224083	37.263139	17.969172
187.735206	86.321068	38.166731	18.161221
186.696999	86.438229	38.207325	17.599537
185.961057	86.283188	38.412809	18.040691
187.029945	86.143782	37.852101	18.255734
187.569617	86.740457	38.621320	17.818788
187.960322	86.220229	38.129548	18.103844
188.916752	86.043410	38.059389	18.046816
189.753850	86.513881	37.639137	18.200608
187.786415	86.502715	38.291654	17.974137
187.352569	86.585682	38.404947	18.204182
190.115262	86.848614	36.475173	17.790014
188.802443	86.576274	38.088435	17.726209
188.454801	85.977172	38.273700	17.782296
189.054715	85.990884	38.123033	18.192387
188.154072	86.025660	38.358635	18.109585
188.612286	85.813529	38.569259	18.343570
189.376352	85.838873	37.625228	18.119655
189.338610	84.886007	37.310467	18.100944
189.900456	85.061123	38.645386	18.065809
192.268606	85.325441	37.011999	17.819352
190.511514	85.740868	38.271159	17.832340
189.841941	85.658112	38.011397	18.054126
189.804489	85.044133	37.932278	17.810061
190.416782	85.232096	37.466966	18.110909
189.875476	85.089433	37.398013	17.832053
188.105184	85.564751	38.638459	17.932334
187.271384	85.855056	37.788081	17.580334
186.027709	85.527813	37.585482	18.258741
187.017527	85.275600	38.608617	18.416620
187.741551	86.214817	37.328468	18.241613
186.922546	86.263515	38.003801	18.068067
187.225823	85.552828	39.298537	17.953824
188.594515	85.285739	37.892863	17.851580
188.986059	84.921256	37.799212	17.673300
188.298597	84.916105	37.697464	17.723620
187.195279	84.421044	37.676963	17.967144
184.719898	84.541715	38.887705	17.930013
184.984882	84.090530	37.432183	18.066938
185.975232	84.093657	37.112937	17.878396
186.435445	83.572599	37.456422	18.024376
185.102277	84.143273	38.496466	17.847183
187.350813	84.430858	37.846914	18.090141
187.448448	84.279979	38.256183	17.835937
188.033485	83.225486	38.274231	17.746892
188.751849	83.235885	38.438367	17.962194
189.361812	82.558377	38.014895	18.078606
189.011992	81.911866	37.829671	17.908490
188.534834	81.574845	37.616795	18.020919
188.008396	81.763752	38.322047	17.967493
189.208489	82.463868	37.528200	17.943938
188.717971	83.254803	38.346847	17.652523
187.887974	83.934251	38.058544	17.951340
188.484732	85.070049	38.462211	18.009141
190.487357	84.931037	37.559815	17.991548
190.465202	85.062594	37.840823	18.025094
189.420617	84.422807	38.522101	18.026267
190.557516	84.064885	37.546369	18.263136
190.590756	83.910225	37.473279	17.965041
193.108646	82.853761	37.601074	18.269013
193.340509	81.588234	38.182254	18.134201
192.531493	81.371205	38.222983	17.900022
193.340645	81.296542	38.307117	18.198293
194.227291	81.875767	38.078188	17.916014
195.285109	81.891268	38.342657	18.025163
197.270253	82.220489	37.549450	17.836232
195.604529	82.547259	37.485312	17.764670
194.207085	81.972896	38.565789	17.807493
194.022960	82.691146	39.189322	17.980651
193.364396	83.186413	39.108568	18.047394
192.094987	84.464807	38.542447	17.414602
192.770480	83.922922	38.078394	18.186205
192.484023	83.987173	38.719300	18.141188
193.464094	84.502722	38.492967	17.940542
191.605838	84.925244	38.848589	17.827727
190.048619	85.208261	38.382855	18.000963
191.191083	84.118832	38.236096	17.989349
192.753535	83.805432	37.841069	17.995886
194.444973	85.202035	37.012786	18.103345
193.599845	85.390237	38.023312	18.160134
195.856583	85.961144	37.553316	17.802351
197.970625	85.328198	37.579194	17.841799
199.200049	84.950130	37.186326	17.890144
198.126957	84.598863	37.853640	18.108947
198.869525	84.301643	37.987136	18.125484
201.513958	83.357426	37.172030	17.668584
201.909375	82.173411	38.508262	17.772400
202.976358	81.990379	38.695962	17.673239
203.945140	81.170686	38.172934	17.706331
204.696249	80.763902	38.525747	18.062744
206.029817	79.943389	38.487218	18.215351
209.751800	78.757332	37.791342	18.036406
210.989320	78.287721	38.233268	18.594236
210.293558	78.818924	38.689369	17.825001
211.150095	78.381925	38.186455	17.669030
213.521188	78.352829	37.850147	17.884912
213.619207	77.968496	38.574352	17.894163
214.442849	78.856773	37.992320	17.867284
212.191809	78.627677	38.105464	17.970196
211.398551	79.916764	38.429623	18.169867
211.967651	79.654378	37.680010	18.166621
211.083122	80.370450	39.072840	18.019024
212.456415	80.397486	37.388905	18.028238
212.469569	80.343952	38.436333	18.090945
212.154520	80.027854	37.799556	17.964861
211.602192	79.909767	37.817110	18.521265
214.586533	80.136019	38.248997	18.248597
212.888610	80.692513	38.685004	17.874457
211.315931	79.943088	38.313612	17.923618
210.092906	78.840049	38.379469	17.626431
209.927256	78.114598	38.215163	18.061191
209.464466	78.135374	38.734833	17.970812
211.866864	78.236258	38.200277	18.486686
210.081754	78.769312	39.085804	17.853690
209.208120	78.858884	38.940387	17.989253
209.793446	78.611262	38.125078	18.257636
207.848894	79.639322	38.020107	17.679712
207.809678	79.359786	38.338424	18.151597
207.594135	79.620805	38.645808	17.790315
208.438733	79.874103	37.954241	17.889779
206.303099	79.783102	38.970258	18.025348
205.225497	80.145380	38.216907	18.063776
204.663402	80.481414	37.981963	17.774535
203.872325	79.453885	38.269833	18.074796
204.862878	79.360773	38.828047	18.056561
207.379988	78.860917	38.121620	17.833712
206.016936	78.081838	38.253128	18.510388
204.474065	77.917345	37.657240	18.216215
206.490617	77.276073	37.569895	18.508407
204.527398	77.771982	38.676185	17.655141
205.797972	78.430836	37.449294	18.177366
205.623706	78.553923	38.098650	18.347791
207.328208	78.452255	37.808697	17.700473
206.468995	78.279570	38.612251	17.553122
207.922117	78.228492	37.670201	18.091750
206.175184	78.099489	38.426366	17.950566
206.716519	77.174798	38.195436	18.812386
208.010709	76.589009	37.968989	18.319042
207.425127	76.319779	38.418867	18.016741
205.384456	76.217876	38.923799	18.216847
206.293867	76.033675	38.163181	18.352875
208.636150	75.805486	38.035148	18.236732
208.149417	74.700793	38.065114	17.850596
208.311186	75.385955	37.608837	18.136650
207.968500	76.316336	38.104655	18.224448
208.230826	77.135970	37.964314	17.922185
209.078632	77.831156	38.132841	17.845114
209.603469	77.368632	38.607052	18.342025
209.825655	78.016665	37.987481	18.353282
208.804035	79.003879	38.323859	18.040559
208.351990	78.831920	37.767678	18.227398
207.829173	78.775040	38.599720	17.875342
207.162874	77.987212	38.780195	18.249180
207.067189	78.384414	38.540341	17.963389
206.799985	78.883765	38.490733	17.992537
206.875742	78.079884	38.105906	18.388581
206.808178	78.241754	38.080517	18.051864
207.526604	77.743075	38.096320	18.154185
209.654098	78.142231	38.070623	18.020285
212.601936	78.697699	39.003657	18.014763
206.898334	79.726898	38.949325	17.592543
205.279375	79.953440	38.277904	18.037205
204.951947	80.153523	37.981070	18.149973
207.511852	80.145543	39.006829	17.812179
208.206770	79.573414	38.978979	17.972261
208.080966	79.847451	38.416023	17.730976
207.125470	80.675884	37.962690	17.933640
207.226111	81.042225	38.410348	18.307673
205.421302	80.519208	39.042618	18.180879
203.969217	79.817168	39.003618	18.259188
203.561967	79.171258	38.004947	18.464359
203.510907	80.012546	38.644537	17.975062
205.125876	78.511277	38.483670	18.425942
204.694122	77.894406	38.713597	18.090453
204.195754	78.279418	37.544815	17.981100
201.654038	78.679167	37.970199	17.554596
200.011218	78.883926	38.531277	18.082050
198.968566	79.238973	37.930292	18.057407
197.592302	79.519731	37.633039	18.129890
199.998635	78.771193	38.739978	18.254687
201.947048	79.307599	37.841525	18.261372
199.577735	79.532013	38.567875	18.239667
197.080779	79.975054	38.065949	18.239944
196.059949	80.475500	37.692886	17.987687
195.839521	80.609076	38.233991	17.957039
196.776674	80.589327	38.346908	18.208334
197.457502	81.386273	38.783718	18.074694
196.442228	81.416535	38.275340	18.074535
195.648604	81.635025	38.555341	18.419232
196.294826	82.474588	37.954755	18.060120
194.644596	83.622320	38.620433	17.987058
193.185243	83.756609	38.165838	18.262827
193.545384	85.159389	38.288919	18.352716
194.823145	85.081977	38.156926	17.827634
196.084669	85.203145	38.329471	18.105746
196.288150	86.513642	38.198516	18.215913
195.376096	86.889552	39.086278	18.519472
194.846316	86.150093	39.069338	18.449085
196.520416	85.763647	38.893163	17.844213
196.457266	86.284307	38.715482	18.113822
194.548897	86.808095	39.165104	17.876646
193.458242	87.849387	38.820724	18.968852
190.553595	89.034976	38.783131	17.735705
189.301925	89.667660	38.701146	18.270088
192.319994	89.921261	39.124540	18.274725
191.145844	90.243265	39.002289	18.912013
188.034238	91.262611	38.873686	18.555343
186.957789	91.261593	39.794722	18.313520
186.328497	91.332603	37.539313	18.292785
186.248724	91.694778	38.468513	18.125740
185.671389	92.139587	37.918542	18.237757
186.294525	92.100193	37.899681	18.170672
186.171377	91.580161	38.405414	18.275942
186.372890	91.789369	39.251241	18.180806
188.273226	92.051095	38.817643	18.443899
190.511219	92.580007	37.016997	18.033159
190.967932	92.871751	37.043192	18.702398
188.616768	93.168250	39.114083	18.312240
189.961645	93.066736	37.557370	18.410793
190.282162	93.833132	37.929677	18.444318
192.855734	94.288503	37.637803	18.134517
190.621442	94.313020	38.377755	18.543957
191.076411	93.952119	38.263888	18.187617
193.772523	92.780434	39.161342	18.323312
196.237323	92.603427	39.240513	18.144476
195.749241	91.304987	38.268443	18.017464
196.002058	90.528117	38.010222	18.114274
194.304552	90.933750	38.188301	18.056146
193.903343	90.160144	37.420770	18.310534
194.169009	90.252862	38.627077	18.147530
194.881987	89.974122	38.265863	18.048016
194.113171	90.039142	39.153842	18.512866
194.765969	90.542802	37.849249	17.932746
195.273272	90.788294	38.371138	18.588488
193.186122	89.876626	38.837156	19.232263
193.800105	90.508351	37.219780	17.896873
194.037085	90.082655	38.479263	18.202459
195.402387	90.417052	38.004997	17.739711
194.493272	90.785861	38.297673	18.086120
194.497962	90.417886	37.746435	18.260113
195.456410	89.737406	37.954734	17.915308
196.476580	87.886744	38.441241	18.457466
196.664738	87.093251	38.270634	18.582334
195.797782	87.235009	36.718693	18.279353
196.403487	87.080498	39.447451	18.626564
194.078648	87.830580	39.371716	18.153061
194.068902	89.188859	37.391313	18.283610
194.735056	89.821338	38.985926	18.270438
195.672968	91.038795	38.537273	18.377317
194.248171	91.922189	38.322943	18.317381
195.924956	92.504159	38.242126	18.134733
193.202631	93.653831	37.115366	17.226275
191.889254	93.545168	37.997384	17.945765
190.343270	92.949580	38.303225	18.122057
195.175461	92.464216	37.885492	18.022135
190.927848	91.679454	35.879992	19.450091
192.559361	94.185642	36.698772	18.071626
191.374233	94.324580	38.273934	18.181848
189.532130	92.746861	38.170821	18.284796
190.148565	92.296012	37.845796	17.997568
189.422268	91.533330	37.820153	18.319777
185.975502	91.495836	39.872775	18.365868
185.595848	91.066900	37.959856	18.281470
186.531799	92.291999	40.672240	18.424407
188.263094	92.610075	37.735679	17.808182
186.057773	92.090849	37.837001	18.418987
183.380438	90.880992	37.193573	17.951583
185.154510	90.791936	38.174963	18.436154
185.072132	90.544381	37.730051	18.486152
186.476985	91.053950	37.904829	17.705781
186.547173	90.430111	38.185020	18.553646
187.466433	90.426423	40.152493	18.140464
186.339032	90.364827	37.100812	17.905771
186.822089	90.127508	37.542467	18.001300
189.158316	91.307048	39.015772	18.063782
189.743359	92.844201	39.516301	17.725980
192.105283	92.574908	38.662459	18.420195
191.598757	92.553582	38.636513	18.423373
189.703912	91.632213	38.604869	17.976775
191.835612	93.072913	37.634620	18.503140
192.481991	94.278707	37.624483	17.557798
193.226737	94.062082	38.646039	18.419356
191.970547	91.325860	39.383788	18.945006
192.584156	90.707012	36.034502	19.120268
191.132069	89.552443	37.653459	18.204321
192.668710	89.640883	38.825834	19.409833
193.818705	90.208677	38.037515	19.016897
194.114100	91.413870	37.425623	18.664383
192.891498	91.642731	37.254001	18.182717
187.406250	90.289398	37.788486	17.929568
186.768678	89.226312	37.835896	18.799672
189.376052	88.916019	38.290732	18.781110
186.639458	88.104774	37.679312	18.713821
184.842130	87.808230	38.296496	18.297360
186.510792	88.022390	37.018279	18.307263
186.930592	88.398279	37.901238	18.150797
186.700644	89.538664	38.535945	17.986019
188.798396	89.958946	37.509428	18.779399
188.894759	91.389496	37.655676	18.191878
188.181321	91.219468	37.568291	17.974648
186.195871	90.786077	37.808875	18.153380
183.815283	90.151208	38.407290	18.653040
184.265834	90.751216	39.039057	18.520813
183.412981	90.635368	39.272608	18.014989
183.139683	90.008005	37.998057	18.509159
182.751470	88.417936	39.871489	19.568614
195.005239	90.761495	38.048856	18.969566
194.336363	91.571308	36.287271	18.098574
186.868647	89.525051	38.859698	18.636326
182.530719	88.491875	37.709351	18.028443
182.077970	88.077613	38.105963	18.105528
181.599782	87.489840	38.898507	17.906513
183.824841	86.740662	38.201116	18.091196
185.462600	86.872161	37.846761	17.966164
185.421094	87.408975	37.971135	17.655555
187.550623	86.384738	37.993918	18.361540
188.020491	86.664012	38.684155	18.011950
188.551183	86.967960	38.059038	18.020736
190.282774	86.322107	37.977573	18.227245
191.500849	85.618072	38.170450	18.480302
191.831718	85.698367	37.553340	18.152257
191.016507	85.854961	38.096150	17.665544
189.079420	85.580501	38.493813	18.308565
187.213514	84.927147	38.628446	18.059999
187.331996	84.674324	37.987322	18.001792
184.707956	84.635114	37.796382	17.820871
186.084783	86.208626	38.150859	17.945277
185.063872	87.462792	37.313681	17.904533
183.199408	87.714389	37.560181	17.940539
182.463791	87.400473	38.262341	17.960921
182.971498	87.132460	37.909604	17.555326
181.729085	85.564589	37.477627	17.990841
180.758076	85.596463	38.478399	17.672760
180.844791	84.545716	38.077400	18.143633
181.467788	83.941125	39.163523	18.062215
182.223572	83.959194	37.985061	18.237381
181.635914	84.782616	37.579023	17.903496
181.667888	85.055572	37.941541	17.850656
182.083140	85.260772	37.437647	17.905989
182.868448	85.237681	38.019589	18.234355
180.980160	85.008556	37.979762	17.864687
183.186742	85.104480	38.056018	18.015304
182.203280	85.312339	37.707561	17.831453
181.879115	85.448976	37.923115	18.194762
182.566276	85.012088	37.525837	18.039568
181.808361	85.073331	37.595481	18.263131
184.540939	84.880290	38.387814	18.548098
184.909858	84.868826	38.503706	17.887665
182.721767	82.480849	37.658611	18.038369
183.362397	81.782663	37.967941	17.761107
184.039994	81.811556	38.109468	17.728031
183.810664	81.989864	37.820317	18.026851
184.609114	81.802958	37.636077	18.267201
185.146921	80.978616	37.270225	17.936412
183.434209	79.922387	38.286006	18.231308
182.791948	80.519320	37.826779	17.870303
183.344808	80.704612	37.529784	17.930731
183.090940	79.509703	39.073321	18.099131
187.164750	79.006878	37.437550	18.182411
186.110816	78.607897	38.341153	17.940991
186.774564	78.403823	37.417768	18.120475
187.501057	77.555286	37.404875	18.116018
187.079054	76.259408	37.903318	17.970384
187.828880	74.382073	38.926380	18.027330
188.249471	73.921543	37.767618	18.031437
188.763387	74.308545	37.458769	18.483455
190.200279	75.224776	37.728305	18.282082
189.716625	75.278906	37.237195	18.186981
189.224754	76.023008	37.371300	18.222606
190.211561	77.224096	37.906046	17.732367
192.067616	75.455615	37.337450	18.329282
189.913368	74.695894	38.018765	18.074169
190.923420	74.974193	38.181405	17.754055
190.432838	74.541300	38.609651	17.960474
192.876932	75.222065	38.142327	18.135170
194.566297	75.718060	38.571958	18.265104
194.481271	75.207544	37.750540	17.960147
194.081654	73.966154	38.759710	18.215640
195.082084	75.142571	38.405141	17.942743
196.058058	76.037351	37.592389	18.116312
193.502922	76.569555	38.287400	17.778080
194.535318	76.336941	37.307208	18.305133
194.803703	78.473395	38.027992	17.655058
196.782104	80.140849	38.107476	17.828356
197.454723	81.074199	37.821568	18.429944
196.864301	80.899439	38.537090	17.831327
197.240255	79.820459	38.208165	18.237211
196.001795	79.981614	38.611197	18.133341
196.357524	80.037938	37.436623	17.824743
195.111136	78.804768	37.776599	18.158233
195.017114	78.802256	37.673963	18.005902
192.880433	79.309870	38.056856	17.955328
192.596412	79.115405	38.047279	17.838212
191.749985	78.988976	37.628937	18.216283
191.299331	80.254120	38.826266	17.980579
192.912170	80.154401	38.172157	18.258522
192.499559	80.266225	37.943926	17.956484
194.341472	80.856239	37.903325	18.146862
193.112781	82.570853	37.670836	17.842582
191.451562	82.881294	38.352622	17.901197
190.884531	83.251903	38.096248	17.985641
189.868525	83.886339	37.609926	18.016008
189.835927	83.756100	37.449211	17.846255
190.406987	81.641420	37.340768	18.098603
188.211351	80.702930	38.322996	18.075887
187.912792	80.745527	38.831433	17.891616
185.191888	82.282238	38.261993	17.798261
184.741812	83.258118	37.607142	18.127879
182.940383	83.966194	38.636552	17.962493
181.227525	83.104379	38.208434	18.560391
178.119340	82.907630	38.284832	17.898888
175.584518	82.220909	38.617917	18.324077
174.617197	82.244716	37.710572	18.070553
173.418445	82.654712	37.985834	18.081335
174.700528	82.118320	38.571024	18.150969
177.007864	82.850993	37.860978	17.816888
177.488234	83.560758	37.974435	18.042247
179.386059	82.475210	37.878306	18.108461
178.556739	81.273201	37.974021	17.729944
178.856216	80.200405	37.978657	18.117183
180.252610	79.620685	38.267677	18.086342
179.602705	79.725789	38.204304	17.963599
177.937806	80.734541	38.393647	17.706233
177.778101	80.576167	37.988963	18.079233
177.138235	80.950403	37.228408	18.148116
178.146496	80.462483	38.276816	18.217380
177.039642	80.170285	38.562526	18.078611
179.627706	80.755660	38.162207	18.170290
181.487172	79.785632	37.350943	18.131545
182.986790	80.187831	37.950288	18.287430
181.482464	81.578051	38.489709	18.223541
181.735571	82.379261	38.637052	17.939363
183.149784	80.716582	38.065992	18.321964
182.510460	79.702202	38.700770	17.853845
182.168108	78.198350	37.910988	18.275064
180.798774	77.052645	37.857120	17.926334
180.192368	76.016156	37.635626	17.931063
179.355125	76.494223	37.791148	18.249321
180.588642	77.574713	37.388020	18.132343
180.492487	78.447464	37.720322	17.780750
179.334445	79.845598	38.429541	17.999655
178.680226	80.817571	38.317431	17.948238
180.246210	81.612522	37.845563	18.036123
181.131366	81.327722	37.773830	17.851013
179.495667	82.016367	37.357887	18.236974
177.753272	82.153807	38.511683	18.361519
177.090353	82.724902	38.011796	18.038439
177.079383	83.167452	38.143956	17.667993
176.708070	84.925354	38.499027	17.958543
174.281523	85.051831	38.255887	18.068060
174.188254	84.344134	38.525094	18.413163
175.439740	84.726911	38.194489	18.105904
173.617834	85.535324	38.664731	17.734624
172.800144	85.697681	38.512005	17.823546
174.156926	86.493836	37.734457	18.282717
175.940988	87.187842	37.844592	18.408610
174.388451	88.431496	37.725861	18.266481
172.714153	88.791855	37.747704	17.953188
170.640087	90.119439	37.440659	18.034984
169.208832	90.248099	37.776346	17.941514
168.990355	90.106001	37.995269	18.245886
169.318577	90.308210	37.939082	17.934940
169.784835	90.416740	37.439220	17.977219
170.260927	92.140904	38.264032	18.167194
172.337627	93.701563	38.630636	18.243647
171.470842	94.863861	38.791344	17.873371
170.649737	95.868551	37.593617	18.062327
169.671961	95.780248	38.229381	18.068875
168.845618	95.887230	38.173120	17.953178
169.356804	96.894668	38.224661	18.108712
168.591920	98.811726	37.306484	17.644437
167.326023	100.199639	38.466117	18.146633
167.499569	101.413222	38.190308	18.054630
166.666819	101.998310	37.670652	17.947707
165.406594	103.360799	38.708297	17.715915
164.147334	104.029133	38.488379	17.910339
164.662988	105.367259	37.630130	17.972278
164.045602	105.454107	37.893941	18.419691
163.443693	105.932038	37.484990	18.265189
163.157822	107.033493	37.831704	17.835028
164.538654	107.324131	37.566686	17.776152
165.008837	107.568971	39.187883	18.290434
166.045914	109.141942	37.559692	17.899751
166.091411	109.397826	37.198116	18.517909
165.756487	109.916627	38.114437	17.718786
165.798384	110.665323	37.899652	18.125109
166.466588	111.292154	38.293185	18.086734
167.197731	111.793129	37.759850	17.831808
166.321421	112.560509	37.677486	18.246322
165.754169	113.312802	37.668722	18.420549
163.805863	114.359556	38.410792	17.836991
164.570270	115.158990	38.329347	18.308509
164.190065	116.253331	38.370573	18.055474
164.263471	117.426358	37.626434	17.978879
162.212956	118.336811	38.605855	17.958980
162.405170	119.420973	37.632431	18.097753
161.863871	119.873391	38.852062	18.125123
161.122123	119.983954	37.883734	17.730551
161.545222	119.447824	37.257402	17.977318
159.967529	119.448661	37.715010	18.277441
159.887209	120.902601	37.676221	17.737514
161.260651	121.293118	37.411841	18.034574
163.736513	121.626065	37.599506	18.068795
160.446966	122.606331	37.639909	17.841647
160.693093	122.760858	37.795363	18.223863
162.370313	123.445165	37.476583	17.974616
161.788100	124.252661	37.682394	17.727601
160.825206	124.489889	37.911431	17.944399
160.519595	124.987796	37.671915	17.794915
160.706816	126.413506	37.868578	17.807054
162.378848	126.864454	38.243803	17.859185
163.037927	126.928184	37.994663	18.275298
164.475959	127.093337	37.400913	17.847200
163.739943	127.136353	38.084979	18.036610
163.852049	126.611813	38.130618	17.999741
164.044539	127.213584	38.251828	18.068730
164.870184	127.514161	39.052000	17.836213
165.308164	126.330336	37.840744	17.650261
164.625971	126.024032	37.910263	17.734581
165.183311	126.105617	38.915610	17.994173
166.194662	126.540262	37.387033	17.940583
165.573709	127.127047	38.004165	17.932943
167.594428	127.384633	38.383331	18.336850
165.265800	128.219650	38.891590	18.270524
166.552914	129.573592	39.034344	18.072016
167.340308	130.199849	37.982987	18.211603
167.187962	131.519938	38.407226	17.699029
168.092579	133.235756	38.032586	17.972689
168.323410	134.677651	38.233034	18.010017
166.266778	135.166661	37.987742	18.068037
165.440842	135.042939	38.018333	18.204788
165.278875	135.422413	37.800008	17.755336
165.442913	135.225180	37.382955	17.730399
165.779036	135.082845	38.270951	17.571786
165.915167	134.970245	37.997456	17.987015
163.876097	134.693298	38.090664	17.726415
164.779470	135.119148	38.016704	18.051374
165.279151	134.902052	38.753765	18.016340
165.024991	135.415832	37.567904	17.916910
165.073830	135.299988	38.281067	18.202647
163.877816	135.885903	38.860906	17.975761
163.577039	135.536514	38.456678	17.951972
163.075269	135.773802	38.352918	18.073415
162.993505	135.383690	37.846408	18.484065
164.149590	135.098493	37.993850	18.230385
163.790719	136.152345	38.770601	17.781584
164.404533	136.015576	38.051990	18.238500
165.603077	136.751942	37.601539	18.089782
165.476519	136.076541	37.543807	17.978889
166.533870	135.517049	38.442297	18.033039
167.076534	134.652811	37.987835	18.132337
167.564872	134.966105	37.795957	17.981117
166.695255	134.710906	37.895039	17.991786
166.824452	135.744349	37.061657	17.890376
167.698141	135.575947	37.938600	18.206040
169.518817	135.498920	37.878198	17.634699
169.643858	135.706645	38.522532	18.023492
169.913525	137.103897	38.458723	17.446947
170.407242	136.803538	37.613806	18.109485
171.029354	136.837914	37.118575	18.147355
171.203972	136.389138	38.492807	17.748060
172.656395	136.279045	37.447793	17.993631
171.716476	136.136081	38.125985	17.903757
172.243816	135.879697	38.435763	18.050113
172.962919	135.784759	37.534204	18.246442
173.384250	135.932381	37.765924	18.033747
175.906997	136.383853	36.729405	18.332153
175.270507	135.928645	38.436893	18.412167
177.531091	136.786679	38.291845	18.032849
177.213482	136.512813	38.951453	17.760453
178.446484	136.589789	38.286516	18.080836
179.382459	136.587487	37.476249	18.404073
179.177846	137.536566	37.412738	17.518472
179.043328	136.769803	37.231035	18.031343
179.196312	137.491181	37.594875	18.173354
180.192415	136.626369	38.345120	18.087298
179.836194	136.126497	37.801303	18.085777
181.810914	136.117940	37.184299	17.765853
179.818598	135.907860	37.097156	17.797507
181.474469	136.400426	38.147881	17.903090
181.803295	136.866401	37.423685	18.032136
182.656127	136.638152	37.378506	17.964114
184.167321	135.475034	37.864205	18.012202
184.879353	135.406647	38.529014	17.923674
185.247991	135.209611	38.331257	17.909664
184.430573	134.924459	38.811232	18.156395
185.757089	134.317040	37.871166	17.959189
187.639680	132.930091	37.311602	18.094393
186.911104	132.875159	38.351484	17.893885
187.729650	132.745088	38.195716	18.544911
187.835304	133.459496	38.333838	17.359037
189.256211	132.379339	38.302942	18.228074
190.870614	132.084258	36.680933	18.676004
191.010496	132.858578	37.842083	17.848920
192.395381	132.991885	37.198112	17.828540
192.113120	133.166651	37.603463	18.014844
193.005437	134.208122	37.256264	17.683386
192.601145	133.347095	37.306826	17.799194
191.788228	133.422610	37.656487	17.695353
192.697542	134.496229	37.672875	17.621928
192.944793	134.027585	38.453121	17.694418
194.153255	133.577646	37.371366	18.310319
195.722939	134.176800	37.409106	17.928562
195.923484	135.128802	38.250685	18.285255
197.634036	135.795652	37.360320	17.928410
197.415375	136.030817	37.769383	17.638417
198.488301	136.908800	37.148934	18.008651
197.058459	137.349831	38.595661	17.788465
196.821707	136.971990	38.639288	18.226051
198.154031	137.614269	37.340602	18.102678
197.774977	138.464980	38.362635	18.300080
196.810146	138.742019	37.524901	17.837100
197.030059	138.913385	37.925025	18.291265
197.679212	140.622742	37.606754	18.357993
197.465098	141.007998	37.647802	18.152937
198.577168	140.876299	37.869543	18.282561
197.650454	140.412972	38.343857	18.411738
198.808995	141.354564	38.670134	18.060632
202.574891	141.884630	37.556490	17.745032
202.633377	141.724916	37.491442	17.917163
202.823104	141.396277	37.372850	18.252612
204.253139	141.603331	37.227501	17.408083
204.420049	141.257095	38.658370	18.321273
206.997805	142.158673	37.298280	18.266370
207.094152	142.167778	36.669217	18.431249
206.629410	141.971191	38.065749	18.046276
207.747505	142.651423	37.567687	17.989000
208.742287	143.261075	38.848737	18.125206
209.859918	143.687411	37.765880	17.703859
208.731148	145.220835	38.510030	17.876765
209.638622	146.103797	37.682347	17.773496
209.804266	147.007615	37.183689	17.724235
210.489218	147.450619	37.137652	17.881010
210.583562	147.700213	38.107410	17.907825
210.640696	148.237569	38.425544	17.674954
212.417338	147.831004	36.249208	17.965117
210.746597	148.225379	37.709966	18.181204
209.272259	148.748453	38.093481	17.910252
211.813647	148.502682	37.382654	17.912856
210.770051	147.479850	37.888955	17.980804
211.480155	146.916433	37.880038	17.958401
212.040653	146.838789	37.751230	18.121542
213.167451	146.972111	38.133543	17.951233
213.893884	147.054189	38.007913	17.922583
214.165690	146.223340	36.684454	18.102511
212.802918	145.481104	38.174946	17.659671
213.503847	144.546563	37.089989	18.161708
216.031135	144.752348	37.845401	18.167681
215.082490	144.094226	38.218222	17.863253
215.705525	144.445108	37.776009	18.036255
216.149555	144.394445	38.009028	17.919545
217.635538	144.197313	37.501399	18.185643
217.392198	144.263225	38.083471	17.949910
217.119615	143.495732	37.390034	17.833212
216.964302	143.610280	37.594401	18.364361
216.515844	143.738522	38.187315	17.913925
216.953769	142.855074	37.950014	18.220181
218.774385	142.356204	38.347305	17.795731
218.702508	141.539067	37.699582	17.891862
219.316862	141.572983	38.080770	17.924298
221.398936	142.160808	38.491377	17.881153
221.673707	141.641058	38.888703	18.180812
222.792977	141.297233	37.026286	17.956655
222.953442	141.044506	37.353887	17.615209
224.332321	140.538480	38.052375	17.945654
224.796589	140.108755	37.901324	18.298056
226.356277	139.962767	37.397227	17.945607
226.809144	139.223778	37.538921	18.109831
227.933396	139.952807	37.027320	17.611130
227.521946	139.709520	38.513268	18.144906
228.625452	139.504143	37.815709	17.887766
228.579238	139.175625	37.776285	18.161153
229.995357	139.067233	38.276680	18.193116
230.254988	138.344542	37.789092	18.214104
231.180640	138.273286	38.419192	17.895047
232.307024	137.977259	37.774443	18.175716
232.924846	137.130606	37.302027	17.692293
233.792825	136.667620	37.978792	18.036548
234.576207	136.665858	37.550658	17.524928
235.180790	136.309306	37.221578	17.849918
238.569480	136.048910	37.602282	17.934037
238.829825	136.376662	38.064500	17.514175
239.150421	135.955104	36.885343	17.936740
239.857816	135.711317	37.495212	17.554996
240.132664	134.923039	37.815354	18.143316
239.769476	133.946490	37.318817	17.647412
239.380290	133.042572	38.216702	17.976284
239.674794	132.738193	37.162391	18.072654
239.823897	132.797134	37.735128	17.826041
241.817619	133.164801	37.235174	17.793461
242.355351	132.998202	37.349146	17.850641
242.549031	132.783658	38.593972	17.577950
242.401412	132.357671	38.535640	18.073142
242.203095	132.248745	38.335427	18.035770
243.846277	131.743238	37.908018	17.798877
242.675386	132.029461	38.474599	17.629678
242.515798	131.280740	38.631710	17.711878
242.782416	131.332812	38.101029	17.846588
243.363525	132.057575	38.148757	17.654640
244.461635	132.287859	36.929069	17.894105
245.398267	131.751769	37.638721	17.473879
245.758960	131.637667	38.371441	17.757289
244.988288	130.802452	38.224820	18.256518
244.136374	131.000937	37.405733	18.123323
243.151654	131.028149	38.772096	18.007532
244.456754	130.958200	37.909322	18.163197
243.405009	130.395778	38.139766	17.692282
242.249928	130.281398	38.564235	18.094772
242.349052	130.797933	37.836151	17.737975
242.235966	131.076630	38.001121	17.864083
242.345599	131.446255	38.536212	17.763841
242.970366	131.314025	37.942357	18.122783
242.766604	131.134137	36.888963	17.841416
242.283844	131.193114	37.993721	18.233701
242.736072	131.630604	37.784538	17.969479
242.276021	131.109442	37.603494	18.071675
241.551595	131.310185	36.888153	17.961871
240.245159	131.725585	38.268263	17.617248
240.433822	131.623897	37.979255	17.843931
241.203070	132.164866	37.109337	17.422998
241.083024	131.614362	37.298848	18.264749
241.298784	132.122584	36.976288	17.938000
240.836384	132.095212	37.807204	18.090822
240.213202	132.074976	37.427098	18.123488
239.566571	131.838849	38.143649	17.928766
240.505241	131.862222	37.776672	17.896373
239.809812	131.529296	38.024046	18.031968
238.855128	131.056631	37.542358	18.015855
236.103695	130.728814	37.960345	17.483687
237.607692	129.998264	36.947725	17.267478
237.147967	128.563058	36.791287	17.931923
236.528486	128.371318	37.135310	17.844719
236.506499	127.765945	37.233042	17.896885
236.060669	127.512081	36.882167	18.297706
234.771687	127.346530	38.016696	18.070961
237.384463	127.170394	37.886113	18.257046
236.169827	127.633510	38.791523	17.627756
235.931348	127.211193	38.373935	18.019717
236.765050	127.431728	37.285230	18.008722
236.238726	128.455974	38.088273	17.404660
236.574744	128.165782	37.525697	17.820216
237.210974	127.923392	37.743652	18.005862
237.730127	128.401988	37.473473	17.558960
235.391089	128.870371	37.474862	17.499074
235.366054	128.339618	37.659560	17.831024
234.432112	128.234812	36.990061	17.998691
233.434392	128.561632	38.130400	18.011968
233.990049	128.884007	37.502332	17.962590
233.565092	128.285216	37.397624	18.086925
233.004654	128.087593	37.308207	18.539890
231.832808	128.456505	37.299317	17.918191
232.864154	129.474108	36.748781	17.931169
231.639801	130.714543	37.483805	17.779948
230.960559	130.834816	36.318829	17.739092
228.949077	131.098493	37.954657	17.582648
229.960336	131.724822	37.783981	17.987637
228.212846	131.413668	38.248968	17.894653
228.590798	131.136264	37.798060	18.451234
228.520406	131.714620	37.392020	17.975166
227.052778	131.144041	37.088157	17.778372
226.124416	131.180341	37.907265	18.114334
225.915259	130.789381	37.468328	18.115623
226.207820	131.187336	37.614557	18.348834
227.690096	131.508402	36.024240	17.860418
225.965462	131.246815	37.022279	17.624462
225.449010	131.124624	37.443333	17.740315
225.205582	130.980927	37.332413	18.178790
224.993403	131.221171	38.019315	17.559287
224.264148	131.103724	38.631527	17.906886
223.834398	131.042376	35.606166	17.510547
221.301483	129.815967	37.508913	17.909235
221.607567	130.613594	37.799900	17.684019
221.149423	131.181061	37.953192	17.599336
222.159764	130.718420	37.116075	18.288449
224.078006	130.991137	36.969657	17.911928
222.846250	130.953778	37.226088	17.491371
221.606537	130.412687	38.028696	17.533040
221.425676	129.960736	38.450752	17.947921
221.942425	129.642295	38.130041	18.157560
222.690496	128.924122	38.412662	18.163148
222.961245	129.114071	37.415573	18.476343
222.869244	129.031104	37.362413	18.016075
224.453681	129.161272	38.642185	18.168769
225.440628	129.518731	37.631538	17.804449
225.854152	129.101759	36.835208	18.105263
224.411628	130.937124	36.793427	17.616393
225.407258	130.203111	38.235610	18.129757
226.153447	129.818223	37.185239	18.060674
224.071535	130.282891	37.823727	17.639453
225.247105	130.446202	37.591745	18.185662
227.590784	130.833303	37.487805	17.688523
225.556237	131.568408	38.249644	18.006866
225.791830	131.725736	37.238540	17.877301
225.281128	132.383286	39.117904	17.308962
224.937399	132.429753	38.273805	18.121764
225.423564	133.101589	38.312728	17.985391
225.260494	133.132018	37.811953	17.881452
226.486999	133.837171	37.410821	18.298075
228.047538	135.182902	36.480651	18.058877
228.003894	136.397326	37.411981	17.532222
226.680837	136.470151	38.249269	18.210797
226.092491	137.069796	37.608726	17.972713
225.779770	137.643987	38.325190	18.353864
225.594071	138.307522	38.444435	18.199701
227.246634	139.921345	37.234965	17.410483
226.624714	139.596486	37.497950	17.686734
224.869648	139.126801	38.952851	17.738893
224.967277	139.327431	38.275185	17.545470
225.955624	139.627331	38.477663	17.784846
225.780230	140.185976	37.900091	18.018804
223.364115	139.670706	38.054269	18.044085
225.406434	140.244793	37.731134	18.104817
226.634332	140.569177	35.135508	18.021655
227.196916	140.265116	36.063664	17.686481
226.783166	139.978928	37.640066	17.823171
226.515933	140.040724	37.620470	17.973147
226.607389	139.849455	37.566174	18.145313
226.820195	140.264860	38.672344	18.095389
226.882737	140.153310	37.821482	18.100992
225.530993	140.091122	37.499902	18.073280
226.559459	139.903072	37.951697	17.906166
226.281339	140.103619	38.437346	18.009274
226.831473	140.919315	37.668379	17.633249
225.508982	140.777643	38.082817	17.744218
227.397950	141.172145	38.685581	17.665309
228.968454	141.507603	37.548990	17.905271
228.577957	140.991504	38.112653	18.039491
230.044584	141.284229	36.484757	18.233162
229.970746	141.890844	37.101068	17.413813
229.274156	142.475999	37.899762	17.673186
229.127434	141.645698	36.581954	17.934324
231.248676	141.587751	37.392548	18.273283
232.232847	142.663894	36.903802	17.367096
231.492944	142.498256	37.370572	18.366775
231.603603	142.964872	37.666588	18.138045
232.686824	142.394898	37.582986	18.034929
234.778784	143.585515	36.755525	17.927664
232.381867	144.017839	37.874833	17.718723
233.424454	144.129413	37.877899	18.052791
232.275683	144.268039	37.678777	18.356353
231.830926	144.702046	38.288815	17.905275
231.502868	144.701189	38.130392	18.163844
231.200710	144.592870	37.927401	17.717301
230.039862	144.614034	37.624275	18.070405
230.025080	144.671850	37.971882	17.981417
231.162288	144.612698	38.006279	18.445514
233.144416	146.186081	37.758675	17.896492
232.228361	145.689625	37.314585	18.382739
232.946866	145.474681	37.432831	17.637041
230.414180	144.592424	38.225473	18.114981
230.390559	144.139530	37.944420	18.201113
233.007745	144.692653	36.442382	18.080935
231.826375	145.438723	37.660947	18.017915
232.330869	145.367977	37.059021	17.519573
232.210526	144.612320	37.781961	18.213695
232.498608	145.173631	35.823765	17.549594
231.402425	144.494354	37.625406	18.247849
229.362706	144.940237	37.736960	17.998838
229.470151	144.185662	38.201915	18.119992
231.613155	143.808153	37.632400	17.958010
231.727604	144.424930	37.220397	17.932423
230.992511	144.329126	38.051349	18.224698
231.403286	144.852319	37.685423	17.468006
231.394529	144.204955	37.125237	17.901291
231.080557	145.449308	37.662513	17.389482
231.836015	145.800307	37.155313	18.086679
231.222882	146.488521	37.581375	17.603273
231.699216	146.921644	37.112326	17.661532
232.257773	147.326101	37.408803	18.121563
231.256965	147.583386	36.641179	18.213424
231.789281	148.041632	38.582730	17.790260
232.161568	147.820816	36.512247	18.420128
231.472806	148.444735	36.338019	17.818110
231.019197	148.123532	36.828065	17.875537
230.936351	148.814735	37.831657	17.348255
230.865062	147.761053	37.775691	18.028603
231.661379	148.801326	36.948038	17.721777
231.711581	148.417050	36.734982	17.937007
231.513604	149.014434	38.262790	17.489306
231.870007	148.892317	37.333655	17.579168
230.961491	147.936127	37.452592	17.944245
230.365669	148.560537	37.213785	17.948473
231.819918	148.314217	38.406449	17.703272
231.813125	148.787106	36.801000	18.076116
231.186302	148.805603	38.208684	17.862104
232.528042	148.473350	36.500062	18.065350
232.087036	148.384947	37.683014	17.924088
232.826711	148.384690	38.013393	18.048166
233.118110	147.869276	36.738663	18.349291
232.306952	148.805472	36.984619	17.499639
233.149270	148.074468	37.558714	18.387833
232.513136	148.436244	37.635516	17.786591
232.284460	148.343786	38.185359	17.991743
232.417352	148.015713	38.587050	18.181307
234.067962	149.186522	37.679608	17.051419
233.712237	149.314931	37.632303	17.898000
233.936329	149.087888	37.569494	17.826659
235.058395	149.397789	37.722495	17.808474
235.441188	148.209354	36.675501	17.569748
234.586381	147.626115	37.606035	18.300931
234.708472	147.828791	37.394297	17.527318
235.247698	147.517798	37.595560	18.013271
236.164377	148.883441	37.200383	17.850914
236.156826	148.352487	37.994750	17.877371
238.365832	147.980020	37.361245	18.013275
236.930982	148.834715	37.973419	18.068052
236.679873	148.734892	36.940421	17.973399
237.739978	148.849721	37.302129	17.892828
237.993130	149.436463	38.117438	17.706242
238.027978	150.374866	38.135935	18.109517
237.882454	150.555778	38.821811	18.058377
239.938020	150.794951	38.265091	18.175579
238.267498	151.029160	39.017931	18.377395
239.984283	152.429473	37.678038	17.995977
239.182095	151.125638	37.428860	18.329184
240.065946	150.849053	37.904907	17.986334
238.375151	150.603837	38.712406	18.299973
239.044925	151.301614	38.975841	18.194542
240.696557	151.262919	38.058490	18.445565
241.564369	151.264758	37.948606	17.856563
241.921753	151.661321	38.111731	17.838050
242.886255	151.653461	37.263628	18.154780
241.890556	151.475231	37.915117	18.078269
241.570462	151.941615	38.805043	17.569850
243.040760	151.875587	38.766811	18.106840
243.545714	151.784743	37.917920	17.640588
243.573168	152.341179	38.354211	17.772126
244.941225	153.175998	37.482393	17.884250
245.131960	152.821001	37.593200	17.702877
245.416148	152.857246	38.066203	18.236978
245.593513	153.218673	37.911576	17.639204
245.886798	153.823881	37.093196	17.574450
246.908908	154.555218	37.582199	17.969917
248.423393	155.457486	37.439638	17.719293
245.521985	156.017804	36.791363	17.874905
247.560394	156.721747	38.091797	18.386115
249.530755	156.606221	37.862686	17.827159
248.518307	156.843946	38.292774	18.067494
248.839744	157.215592	38.923721	17.759860
250.382786	156.420414	37.598141	17.830989
249.797917	156.829167	37.485042	18.121233
249.903530	157.290990	37.631837	18.205329
251.430550	157.752223	37.768381	17.714551
252.921175	158.900679	37.502168	17.425474
251.938452	159.158098	37.330872	17.652304
251.570359	158.665469	36.804461	17.529930
252.299406	159.158886	37.850364	17.488912
252.626883	159.001998	37.849933	18.067415
252.181729	159.065302	38.120742	17.940258
253.893279	159.594351	36.805477	17.639570
254.779015	158.933946	37.131934	17.915206
254.833989	159.264925	38.296145	17.385822
256.185873	159.294990	37.630586	18.024055
257.155104	158.920806	38.294815	17.749881
257.529729	159.538138	37.714003	17.485580
256.475125	158.726295	38.101335	18.662985
257.821490	159.610536	38.376614	17.933335
258.411501	160.352866	35.501751	17.789009
259.646179	160.376623	37.268713	17.487606
260.185284	160.778452	37.112530	17.767970
260.191097	160.723129	38.700978	18.061163
261.997953	160.366324	37.970040	18.274466
259.792591	160.706294	37.968525	18.269446
259.470464	160.152845	37.495668	18.483509
260.633725	160.988501	36.932822	17.746521
259.537212	160.881288	38.060772	17.882704
260.561018	161.671949	37.965199	17.725367
263.372450	162.283208	37.741925	17.815220
264.465296	161.932095	37.749821	18.371388
263.919865	161.429783	37.024570	18.584273
265.219929	162.263018	37.346152	18.142825
266.853558	163.160888	36.829454	17.668227
266.382484	163.139093	37.355830	17.564477
265.008576	163.114194	37.734975	18.165096
264.135986	163.630043	37.434319	17.861609
266.457410	163.923204	37.493026	18.214413
266.182896	164.668622	37.641505	17.290828
268.665724	164.252115	36.808457	18.214151
268.429511	163.933616	37.146951	18.222467
267.638565	163.793490	37.795246	18.120166
269.481449	163.581056	37.364688	18.088889
268.070463	163.256193	37.956310	18.045728
269.242797	163.748396	37.847543	17.925859
269.501627	163.428695	38.698114	18.339828
270.341019	163.612184	37.989658	18.159415
269.560488	163.907149	38.181026	17.837757
271.033677	164.150503	37.096004	18.282672
273.329392	164.919440	37.877579	18.037829
273.517441	164.607684	37.321031	17.378021
271.650313	163.801080	38.727356	18.281844
273.060703	164.319692	36.767469	17.842273
273.165798	164.999957	38.206679	18.045525
275.778082	164.774879	37.182443	17.776162
274.887476	165.396577	37.835468	17.767170
276.278397	164.962873	38.473089	18.124253
277.075596	164.636838	38.356571	17.751333
278.544939	164.607637	38.080323	17.749939
279.387376	164.907709	37.410802	18.062535
280.585449	164.566284	36.532338	18.362663
278.843954	163.851297	37.788582	17.905491
280.080699	163.663118	37.475731	17.982394
280.495423	163.620387	37.139127	17.843908
281.801633	164.345797	37.869175	17.486184
281.391655	163.821815	38.681922	18.326263
282.501848	164.349250	37.803628	17.900438
283.064112	164.383928	37.742757	17.323452
284.870865	164.794730	36.955079	17.838933
286.514921	164.366783	37.642155	17.823788
286.066498	164.352770	37.497411	17.870261
286.754646	163.883122	37.410314	17.596195
286.672660	164.640620	38.149293	17.697088
287.914103	164.972765	37.872429	17.910049
288.722756	164.527234	38.300515	18.266881
289.054798	164.484096	37.657342	17.874952
289.626009	164.577708	37.549904	17.921157
290.845734	164.667200	37.190239	18.677742
291.331430	165.263563	37.628038	17.985588
292.507549	165.834681	37.395667	17.836235
292.471330	164.737509	37.583457	18.382351
291.301203	165.180999	37.428820	17.824683
292.542721	165.251008	37.236764	18.340323
292.368700	165.137731	37.926049	17.331709
292.350777	165.243043	36.768477	18.015168
292.875609	164.797538	36.616616	17.376931
292.615917	164.490207	36.865221	18.053126
292.079164	165.163957	37.361425	17.192408
291.412339	164.870588	37.814547	18.163719
291.789341	164.965920	37.449806	18.075129
292.496980	164.591792	37.516001	18.177168
292.572872	164.429945	38.050517	17.547286
292.238978	163.148402	36.570531	17.606759
293.132734	163.317614	37.569234	17.762262
292.854805	163.310461	37.903837	17.552868
293.733268	162.965786	36.752300	17.686043
294.267106	161.834725	36.937751	18.541699
292.229923	160.957653	38.368615	17.865448
291.868036	160.634856	37.971743	17.885469
291.831566	159.654552	38.590113	18.325354
292.756762	160.332291	38.541295	17.880102
293.252371	160.373924	36.620466	17.745268
291.249982	159.659994	37.554278	18.076346
292.153244	158.308804	36.949138	18.164237
291.772856	157.956601	38.690866	17.850254
291.302010	157.781956	37.146895	18.078152
291.935931	157.623606	37.677751	17.590426
292.075430	156.529507	36.348208	18.499381
291.857774	156.535433	36.619427	17.800940
290.354206	156.237888	37.906617	17.815360
290.104021	155.843178	37.702764	17.558969
289.440346	155.544191	38.388428	17.994997
288.494424	154.868328	37.989591	18.101343
288.069595	153.365469	36.684843	17.928749
287.317580	153.314867	37.204748	17.794889
286.936300	152.759653	36.769556	18.003108
285.741534	152.600895	37.477334	17.365796
283.944347	151.580688	37.325143	18.007154
283.129795	150.795364	37.264285	17.954529
282.943472	151.898399	37.431170	17.130940
280.520073	150.478544	38.064097	17.861246
280.604224	150.236051	37.321228	18.289929
278.634252	150.347069	37.578362	17.846080
278.173626	150.124780	37.709756	17.963573
278.632157	149.791836	37.980122	18.214352
276.780214	149.496310	37.576563	17.812264
274.949171	148.833688	37.699610	18.343383
273.492138	148.186852	38.945279	18.251105
272.962836	147.567741	37.717240	17.654005
271.176107	146.933662	38.330362	18.393895
270.493214	147.170905	37.342478	17.976458
270.460089	147.939062	37.843445	17.686281
270.945638	148.474025	37.830543	17.803545
268.818246	147.643448	36.936054	17.744485
267.449815	147.671291	37.566448	17.358922
267.769342	147.010801	38.218748	17.901925
267.227781	146.274881	36.844086	18.067732
266.215887	144.731756	37.908701	17.848442
263.113467	144.515423	38.212581	17.525286
263.190302	144.176242	35.711681	18.005035
259.520255	145.543358	38.903182	17.219944
259.322256	145.025240	37.459739	17.568723
258.953251	144.634889	36.201457	17.827529
258.190854	145.326160	36.051392	16.916398
255.368094	144.076577	37.335649	16.680512
252.157605	143.075341	37.206549	18.098528
250.482732	143.281687	38.439551	17.977024
249.351513	144.622273	38.746044	17.094663
247.980537	143.639857	37.307827	17.675734
248.095672	142.494503	37.042913	17.733885
245.176135	142.791749	34.730351	17.276798
243.129618	141.922866	36.301514	17.960932
240.351608	141.146411	36.494849	17.636540
240.768102	140.170246	35.881359	17.571101
238.370091	140.439381	37.614230	17.901311
237.470087	140.251761	37.916567	17.641193
235.321210	140.176606	37.847029	17.555760
232.888830	139.652586	38.456066	17.928537
231.178779	139.812064	37.559716	17.974277
229.405742	139.651043	38.137410	17.864653
230.263330	137.689081	36.810203	18.346821
228.873570	137.282434	37.279352	17.930911
226.731239	137.409973	38.585688	17.822628
226.679911	137.156133	37.252844	17.813130
226.560140	136.114752	36.812181	16.737584
225.526499	135.655516	36.478379	17.720109
222.292995	135.512252	37.718870	17.644839
221.982511	135.466008	38.174701	17.612663
221.082065	135.220717	38.104609	18.162540
221.984756	135.841870	36.078924	17.802246
221.087935	136.562855	36.378330	17.489498
219.123143	135.909103	37.461786	17.422430
218.342982	136.904585	37.015955	17.916699
219.035468	137.302327	35.965031	17.382125
214.981591	135.881939	38.827610	18.063578
215.907263	136.626571	36.860683	17.785559
216.501029	137.452357	36.619767	18.070127
216.036511	137.170060	36.327501	17.790034
213.515992	139.830014	36.697473	17.065701
211.947922	139.866622	36.823346	17.101917
211.581036	139.173849	38.066064	17.735699
211.621430	139.614283	36.116981	17.544219
210.243274	138.605203	36.778747	17.838302
210.936382	140.164517	36.740219	17.920434
211.065631	137.551757	35.983815	18.120359
211.153287	138.199519	35.814610	16.700555
208.446318	136.853283	37.119089	17.720600
206.669086	136.978008	37.061310	17.530226
206.894810	137.277879	36.837551	18.295133
206.315286	137.273961	37.292204	17.887474
205.737590	136.063165	37.791376	17.916670
206.297227	134.893136	36.442248	17.851645
204.797381	134.734537	37.104901	17.737697
204.070792	134.879325	38.325205	17.811881
206.561138	133.322573	35.370098	18.709880
203.272762	133.054210	37.297608	18.411243
204.236253	132.728862	36.360193	17.622511
203.760691	131.849060	37.784963	17.647810
202.246695	131.816107	37.159212	17.419678
202.704800	130.577244	36.355905	18.547290
203.466205	128.960845	34.788855	17.472332
202.456360	129.286310	35.880314	18.325879
201.392962	129.789653	37.374798	17.708925
199.716461	128.683647	37.278311	18.158230
199.134237	128.557223	37.367594	17.667303
199.829737	128.062767	37.191076	17.610593
202.767761	128.699342	36.458397	17.060878
202.476666	128.806188	33.483605	16.689208
199.818230	128.237228	35.354615	17.333029
199.883496	127.669974	36.805072	16.726038
201.165021	127.675003	36.165775	16.723278
199.053259	127.585226	37.172605	18.106692
199.205004	127.798044	37.312162	17.740749
197.390643	127.979937	37.224585	17.671081
196.078792	128.270908	37.583291	18.154946
194.452012	127.931941	37.632954	17.931634
194.681324	126.857731	37.781003	17.908199
194.452216	126.024227	38.328484	17.923023
193.042826	126.077942	37.995145	18.094169
194.322540	125.825240	38.200147	17.858937
195.378699	125.798710	37.650005	18.293894
193.790772	126.080754	37.419533	17.895916
194.693496	126.133998	38.077038	17.814861
194.416437	126.006571	37.303138	18.124362
195.460896	125.877886	37.905790	17.852103
195.714286	125.153966	37.095580	17.992487
195.744450	125.245768	37.851017	17.560733
195.949927	125.075105	37.917409	17.682921
194.943385	125.265620	37.671143	18.062091
193.697693	125.614764	38.768991	18.132248
194.146874	125.967182	37.289526	17.992577
195.023806	124.970758	37.259448	18.291943
195.616863	124.414932	38.522352	18.260687
195.197736	123.792844	37.747696	18.107039
194.352805	123.907484	37.407462	17.702655
193.751466	124.399737	37.752214	17.979486
192.645771	124.502450	38.468466	18.202388
192.662259	124.591034	37.660210	17.926807
191.914722	123.868518	38.693538	18.087756
193.900877	122.425182	38.219469	18.308360
195.436792	123.126506	37.703744	17.870706
194.651523	122.364594	38.612423	18.092933
196.919787	121.200557	37.016040	18.066924
197.065210	121.321390	37.143959	18.396997
197.300060	122.242396	37.064706	18.278081
196.788468	122.712496	37.849165	17.888780
195.744049	122.689521	37.651288	17.910241
195.991063	122.885396	38.724430	17.675665
197.734885	121.170110	37.885970	18.198648
198.053852	120.343729	36.523841	17.931417
199.108834	119.557071	37.674485	17.844623
198.580037	118.681005	37.448261	17.952559
198.953220	119.203592	38.033002	17.694344
200.444958	118.572207	37.614802	18.039775
199.189619	117.033805	37.992761	18.297425
199.408985	117.563284	37.799391	17.919450
200.353864	118.058997	37.111884	18.278291
200.345626	118.332102	37.573591	17.983923
200.195920	117.830585	37.245217	18.188568
200.452376	117.462001	37.797307	17.741657
200.041260	116.323043	37.947903	18.000307
201.392574	115.204163	38.069228	18.220908
201.160068	113.760976	37.900819	17.748719
201.485638	113.044348	37.426930	17.926699
202.443820	112.340906	37.234964	17.962122
203.182974	111.148194	37.844667	18.212145
203.363914	111.797514	38.423653	17.622389
202.253815	110.187371	38.862032	17.829769
205.506800	109.128219	37.948316	17.961965
204.426003	106.912504	37.574023	18.326551
207.053110	106.797897	37.440289	18.054913
207.975521	106.322804	37.763623	17.967444
208.183015	106.028379	37.890209	18.115871
209.450040	105.685239	38.245975	18.024960
210.424403	104.709664	38.137772	18.109933
212.588602	103.355129	37.623137	17.820291
211.707899	103.599787	38.530207	17.808778
213.084625	104.114077	38.318754	17.796166
212.695779	104.952446	38.217931	17.751580
212.460740	105.132086	37.441983	17.718261
213.322954	105.774879	38.039293	18.020386
214.604653	105.801113	37.356939	17.794798
213.917101	105.069406	37.967439	18.108110
212.525201	104.554687	37.858940	17.942878
213.927371	104.442132	38.676950	17.624496
213.765225	104.154625	37.264655	18.342685
213.474431	104.293579	38.489810	18.438094
212.712338	104.393337	37.997938	18.067494
211.289619	103.699804	38.550972	18.422202
210.949360	104.010123	38.026911	17.779227
211.291205	104.084344	37.566119	17.764978
211.798922	102.707925	38.267874	18.679888
209.719468	101.676439	37.504855	18.299628
208.395212	100.994475	37.855121	18.231969
208.088862	101.287220	38.244984	18.492424
208.193042	102.627295	38.160602	18.283155
208.683921	101.936987	38.012357	18.325569
209.541284	101.137729	37.452237	18.071215
209.097499	102.122272	37.998742	18.089501
208.131788	103.484343	38.240660	17.895003
208.133362	103.999244	37.970008	18.068685
208.318547	104.451137	38.365068	18.095283
208.011618	104.164309	38.435607	18.115178
207.193983	103.779212	38.014840	18.475223
207.593364	104.717323	38.297384	17.950685
207.062240	105.219552	37.255789	18.084689
205.207980	105.793933	37.873857	18.531041
204.807329	107.204748	37.696671	18.466046
203.688484	108.380798	38.093004	18.188312
202.738165	109.566084	38.452693	17.699217
202.714118	110.182159	38.048331	18.393198
201.969996	111.100521	37.963252	18.093149
201.873851	111.701702	38.158405	17.809106
201.257386	111.709428	38.421253	18.021121
201.215757	111.481569	38.272903	17.833843
201.868272	111.624285	37.924667	17.599776
202.106699	111.578663	37.641676	18.115970
200.947583	112.243217	38.004809	17.899491
201.170557	112.620376	38.693104	18.054258
201.443584	111.565451	37.546615	17.952496
201.074522	111.506081	38.102834	18.049658
201.526254	111.903275	38.196382	18.055284
202.486923	111.572070	37.881256	18.045195
201.636511	110.903837	38.175853	18.023703
202.422728	110.224712	36.843111	17.805572
201.179076	110.154919	38.364555	18.194701
201.106711	111.554464	38.050218	17.847686
201.994408	112.055601	37.563463	17.802913
202.136288	110.631205	37.213448	18.243323
201.287641	109.773540	37.920466	17.831603
202.241791	108.698577	36.962334	18.009582
201.814622	108.767521	37.333687	17.992387
201.956907	108.971259	37.762263	18.070194
202.018177	109.153011	38.354119	18.066554
201.160790	109.568537	38.203130	18.114855
200.927916	109.711678	38.289618	17.916571
199.980630	109.818150	37.923562	18.094428
200.296333	109.232712	37.529092	18.246770
198.873305	109.808073	38.509898	17.814247
199.905214	109.675631	38.577308	18.157940
198.781644	110.340594	38.122531	17.844639
198.519507	110.739000	38.172691	17.874907
198.267510	109.656360	38.943169	18.345809
198.680554	108.867297	37.803145	18.221162
198.686529	108.971766	38.077278	17.994476
198.300693	108.290375	38.962307	18.209688
199.514023	108.093403	37.603706	18.296449
199.602503	107.427725	38.022253	17.946291
199.568179	107.024313	38.716426	17.989955
199.278451	106.186756	38.136985	18.175956
199.549296	106.581241	38.379230	18.060038
199.750761	106.711819	38.147572	18.265051
199.400758	105.670322	38.084370	18.341689
200.453659	105.991491	37.314406	18.304029
200.635054	106.859947	37.377532	17.876484
199.923488	106.888563	37.300241	17.998554
198.749517	106.615113	38.136864	18.035827
198.237831	105.602540	38.657668	18.286114
198.855433	104.931095	38.571856	18.166881
200.462586	104.017241	38.548453	18.157089
200.135954	103.809497	38.616885	17.917844
198.994036	103.947612	38.357093	18.088239
199.361713	103.783050	38.641294	17.998395
199.851508	103.595294	38.645734	18.152765
199.698621	104.328903	37.389976	17.890167
200.329336	104.691646	37.653445	17.871319
199.905346	104.559974	37.449638	17.997049
197.423451	104.541746	38.060929	17.785085
197.514216	104.612944	38.299613	18.208295
197.231754	106.195541	38.790255	18.014693
196.887237	106.909841	38.158591	17.682356
197.757519	106.978908	37.707676	18.075163
197.205826	107.072459	38.215933	18.046648
197.612788	107.895648	37.649429	18.227252
197.237297	109.023427	38.035433	18.099182
195.979299	109.895807	37.980112	18.224977
195.098113	110.336023	37.240519	18.178509
194.490736	110.727212	39.007074	17.657721
195.675577	110.912370	37.607859	17.846478
195.049996	111.805108	37.832090	18.085062
193.140929	112.822355	38.408007	18.196247
193.958089	111.993138	37.691964	18.347456
194.258597	111.550269	38.598889	17.965795
193.706756	112.127029	39.150461	18.467677
194.002969	111.943960	38.138655	17.990937
194.630128	111.975485	37.604345	18.412867
193.821730	112.737128	38.208511	17.793809
193.783349	112.886004	37.708454	18.304059
194.195652	112.989335	37.558629	18.382614
192.963028	113.722776	37.860507	17.999470
193.031197	113.233539	37.982096	18.341279
194.882911	112.515903	37.314492	17.772276
195.299233	113.388555	38.314728	17.727142
194.500364	113.159558	37.859818	17.862198
195.436843	112.193633	36.268023	17.752086
196.367812	111.100976	37.559624	17.790353
197.463321	110.039062	37.720920	18.166282
196.340794	109.490412	38.048000	18.478028
195.153867	109.494957	38.521494	17.883679
196.965250	109.817910	37.659659	18.268566
197.903174	109.677107	38.044933	18.271127
197.913087	109.041942	38.333958	17.985330
198.413064	108.946304	37.729104	18.121678
198.311931	109.110951	37.544552	18.197439
196.642027	108.847794	38.008942	18.387920
198.198691	108.053590	38.386460	18.542375
198.301219	107.027489	38.893612	18.421255
195.634279	107.124029	40.046843	18.168655
194.859452	109.237829	38.933333	18.164903
196.675913	111.244372	38.482150	17.846066
197.834989	111.908021	37.801745	18.315627
200.092496	112.501646	37.541306	17.857503
202.067989	112.486159	38.121595	18.207688
203.679547	112.081822	37.520734	18.135407
204.792579	111.873953	37.587492	17.754774
206.481302	111.352287	38.323904	18.041752
206.629784	111.649724	38.414707	17.836237
208.687777	111.669362	38.173091	18.173366
209.669169	112.144066	38.082935	18.214776
211.143531	113.172650	38.281472	17.889022
213.923721	114.021534	37.026202	18.109379
213.607673	114.193631	37.994233	18.221634
213.713479	114.729336	38.432378	18.343587
214.168085	115.132995	38.398318	17.914915
213.615326	116.418990	38.705590	18.363765
214.922622	117.142225	37.707492	18.749726
213.431516	117.241197	38.332473	18.186774
212.496440	116.769444	37.751417	17.544519
211.723293	115.573925	36.881352	18.169791
212.061993	115.818087	38.043147	17.842081
211.935279	115.872662	37.255980	18.041865
210.790633	116.663419	38.364993	18.010321
211.040327	115.849993	38.040933	18.063066
209.461509	114.670822	38.328577	18.179628
209.631739	113.523065	37.853049	18.246408
210.327250	113.006075	38.375635	17.855871
211.368232	113.144311	38.466679	18.101073
212.372796	112.546060	38.061614	17.877372
213.878957	111.746491	38.152871	17.939015
215.325132	111.835548	38.713886	18.167330
215.288162	112.735639	37.669809	18.450137
213.441782	113.329067	38.306608	18.145441
214.537742	114.439986	38.109590	17.740699
214.445986	114.852904	37.596604	18.311957
212.704891	116.110363	38.085951	17.925342
214.154292	117.207634	37.731350	17.993847
212.795245	117.925105	38.474537	17.965683
214.808691	118.186202	38.179190	17.948955
214.629019	120.066691	39.279376	18.398020
216.327939	122.205511	38.513192	17.733379
214.311852	123.363178	39.158398	17.729732
215.241638	123.690848	37.355709	18.034095
214.753106	123.663563	38.191812	18.181553
212.222549	124.272941	38.729390	17.869945
212.058687	124.612615	38.557194	17.888460
212.599224	124.503190	38.279631	17.926774
213.681982	123.754949	38.398779	18.108351
215.352650	123.170400	37.972910	18.245320
214.853441	124.127851	38.256360	17.700515
215.484730	124.938596	38.514927	18.153909
215.575109	125.360099	38.865682	18.472347
217.384063	125.330642	38.939381	18.393729
216.508739	124.483267	37.829138	18.348237
214.416501	123.670145	38.541046	18.259934
214.578073	122.443306	39.166329	18.438750
214.443291	123.801213	38.219005	17.961448
214.420716	123.701611	38.114546	18.233018
215.722213	123.408457	38.876090	18.158664
214.745272	122.407590	38.197438	18.448664
214.540949	120.891993	38.240412	18.269973
216.199165	121.051457	38.274818	18.063313
215.164550	121.686641	38.044938	17.771096
214.057750	120.901226	38.031597	18.345274
214.033858	120.367246	38.432130	18.169073
213.170228	120.943108	38.761871	18.404639
213.672303	121.576294	37.821321	18.276127
214.564161	121.718079	38.846166	18.325601
215.227723	122.838139	38.163681	18.283811
217.142780	123.702469	37.434672	17.956374
215.990328	123.766417	38.895886	18.054220
216.333843	123.967696	38.568023	18.240899
217.450107	124.028768	38.889171	18.076236
217.290574	123.233093	39.143296	18.333176
219.983407	123.128328	38.330738	18.204088
217.342857	123.369731	38.543657	18.666004
219.779065	124.658563	38.464391	18.103432
220.442537	125.013991	38.285401	17.855463
218.457656	125.113308	38.340474	17.667951
218.141237	124.647104	38.374943	18.120327
220.431110	124.016712	38.187171	17.964959
221.284299	123.356435	37.922656	18.298015
219.661207	123.600585	37.308472	17.862762
219.238279	122.979069	37.583975	17.770619
218.751317	122.321140	38.319354	17.711148
222.494884	122.621334	39.930468	18.110097
222.213641	122.815684	38.627457	18.132441
222.877961	121.582251	38.063258	17.930381
226.152649	120.515618	37.978765	18.186239
226.092965	120.049156	37.581502	18.146668
226.927582	119.647673	38.551130	18.319831
227.614522	119.802667	37.454098	18.347549
229.455299	120.210804	38.688787	17.952780
232.184431	119.461736	38.268080	18.232696
234.807807	118.285840	38.303297	17.633140
236.327358	118.370795	38.221614	17.965587
237.054549	118.234007	38.492971	18.177207
235.708221	118.179782	37.834444	17.940248
233.976268	117.335007	38.211978	18.576742
239.844184	117.060193	37.707714	17.636696
235.312929	117.138112	39.944623	18.085088
234.856623	118.346876	38.796663	17.893241
235.167521	116.953305	38.529450	18.161562
235.624938	116.379644	37.832489	18.220541
233.375130	117.027384	38.801382	18.768562
232.657397	116.409972	38.094969	18.315342
237.076035	115.393024	38.193215	17.805379
238.097568	114.997773	38.062238	17.898771
240.418999	113.620728	37.874723	18.517440
239.727967	113.585534	38.474839	17.704991
241.446995	113.671216	39.114287	18.047033
242.550381	113.861596	38.366121	18.054160
240.238502	114.731807	38.684003	17.653011
238.077189	114.415995	37.481691	18.149540
238.791170	114.268451	38.088445	18.083234
238.958864	113.907294	37.343011	18.250991
239.724057	113.764762	38.657495	18.184558
240.530115	113.904419	38.035898	18.063160
241.769771	115.541155	37.974480	18.150514
241.936422	117.091805	38.076526	18.015826
243.413412	117.728942	36.875540	18.604900
243.478030	117.607974	37.436226	18.354398
240.307950	118.090571	39.879470	18.222555
241.122232	118.329695	37.393688	17.903519
242.886124	118.016972	37.713514	17.989662
244.021345	117.571949	37.494402	17.831933
242.909060	116.067538	36.601225	18.458519
241.000850	115.986394	37.945049	18.233502
238.968879	116.909633	37.773059	17.901762
240.265876	116.029135	39.460771	18.756633
240.055688	115.530056	38.811983	18.138831
240.048372	115.403504	38.609312	17.504252
238.505279	116.043445	37.937758	17.778603
239.648845	115.796768	38.052765	17.774767
240.173700	116.557960	37.253648	17.336661
241.395865	116.385631	38.309062	17.930561
242.021257	117.184943	37.973945	17.971348
242.650833	117.959230	37.420525	18.431061
238.833895	119.927245	38.911465	17.984469
237.047239	122.208274	37.177114	18.146373
233.018928	122.489952	38.500413	18.381061
229.538723	122.465704	38.173524	18.278903
224.724712	122.038287	38.947876	18.263199
221.824307	122.773232	37.883397	17.753838
220.808383	123.222348	37.630535	18.056620
221.462267	121.534870	39.143674	17.850050
220.091749	120.231410	37.500486	18.095939
218.521288	120.849970	38.823011	18.018361
218.448397	121.891208	38.633506	17.999060
219.628267	121.093335	38.796389	18.304092
218.031988	120.903015	38.999771	18.001368
218.314798	121.749437	38.224036	17.576298
218.818084	121.187577	37.265906	17.602102
215.808002	120.809603	38.136862	17.280244
213.946166	121.138693	38.063502	17.727245
214.111881	121.333035	37.926100	18.245683
205.465495	122.023523	39.612697	17.547051
207.304615	123.260502	38.708865	17.783067
203.445720	123.890913	37.572001	17.916810
197.604127	124.056159	38.150977	18.097516
202.899999	124.446231	37.644367	19.193043
200.791747	126.419443	38.495461	18.360604
203.778021	126.079281	37.444696	18.735164
202.994060	126.087095	38.564774	17.511797
205.548892	125.259548	37.525183	18.169911
204.529712	122.832289	38.117053	18.385359
204.284146	121.271289	39.406670	18.491620
204.746570	118.696320	36.794624	17.650293
203.143626	113.011980	40.626767	18.212264
204.370664	108.165038	36.415590	18.741829
202.068141	106.094610	37.538609	17.816841
199.272333	103.694519	38.709878	18.222044
198.568876	101.190456	38.515634	17.706605
198.379871	97.906430	38.507665	18.274139
198.229552	94.941311	38.476490	17.896847
196.771814	92.782495	37.747084	18.870613
196.345773	93.911699	38.727355	17.896118
200.312056	92.154676	37.958891	18.478425
201.281284	91.244699	39.493333	19.270480
202.649646	92.850622	38.039105	18.482117
206.494520	93.627112	38.045500	18.719536
206.260296	96.682541	39.713691	17.952996
207.674289	96.585646	37.021739	18.690981
211.080903	100.332948	37.893365	18.076501
213.715293	102.234711	37.631096	17.835415
214.347534	103.252201	37.883494	18.502080
213.697240	104.371784	38.049202	18.018022
213.345020	103.892453	38.281930	17.957197
214.884433	100.083895	38.111918	17.924733
214.591675	97.311036	38.196745	17.877299
215.876095	95.850541	38.578843	17.783171
214.495805	94.530769	37.448048	18.206783
213.543305	92.768085	37.748812	18.258798
215.625536	91.822994	37.686555	17.878812
217.054346	90.645704	37.934201	18.530272
219.726241	89.875955	38.277222	17.869337
222.157187	89.781656	38.124838	17.923514
223.394268	90.461531	38.740474	17.925441
223.078723	92.203733	37.695394	18.053492
220.580138	95.322873	38.315888	18.060361
217.616964	97.168335	37.997357	18.262948
214.894292	98.878581	38.411379	18.182087
213.285479	100.963639	38.156592	17.997732
212.763600	103.252720	38.378109	17.711833
210.737330	105.275928	38.093450	18.176851
210.245732	107.722545	38.301451	18.004776
211.405908	109.103645	37.427271	17.936646
213.802542	108.559199	38.117237	18.198154
214.845327	106.465051	38.309791	18.470764
217.136065	105.091669	37.677443	17.918165
217.154985	103.148095	37.911402	17.741909
218.713952	100.327501	37.607701	18.013493
219.873600	98.052996	37.682069	17.525943
217.253838	97.309201	37.491266	18.038624
214.018028	97.476928	38.033485	18.300441
212.104185	96.890322	37.532741	17.926118
210.520769	96.661210	37.876644	18.255023
210.254269	96.149013	37.700622	17.946929
210.193288	96.495171	38.133084	18.226890
208.955793	97.452251	37.814171	17.830399
208.862047	96.995681	38.728218	18.222142
208.992989	98.038041	37.741170	18.027007
208.601287	99.017370	38.484631	18.182567
210.199852	100.458825	38.200608	18.123413
212.119143	101.453028	37.518112	18.059043
213.504722	102.486209	39.171383	18.187161
214.926937	103.573569	38.045138	17.731567
215.209122	103.427842	38.299779	17.944221
214.090752	103.133102	38.370460	18.012329
214.194059	102.816382	37.515907	18.153095
215.053169	102.593400	37.891584	18.182871
216.508666	102.086856	37.008260	18.152324
218.582756	102.421855	37.470627	18.480875
217.814226	104.528339	38.574968	18.148863
217.649772	107.015272	38.488394	18.195491
218.318384	106.939377	38.366075	18.102199
218.412280	107.633298	37.756666	17.576708
217.628718	107.857968	38.216897	18.007425
217.265841	108.674941	37.926274	18.302149
215.238791	108.745756	38.300555	17.844870
215.596370	108.458364	38.014815	18.090341
216.210565	107.369440	37.661643	17.828906
216.187912	105.811101	37.663089	17.855386
215.794614	104.588420	38.201904	18.086412
220.750465	103.750681	37.089434	18.063125
222.542063	102.641093	38.184182	18.130128
228.215826	101.932129	36.939542	18.092563
231.962292	101.319925	37.690435	17.806795
234.944941	99.768444	37.767274	17.893232
239.843146	98.594545	37.755480	18.274051
241.962303	98.331321	37.765727	17.980992
243.900381	98.603277	38.287816	18.101584
244.317894	98.653167	37.820679	17.847921
243.832989	98.590779	38.675210	18.148233
246.759849	98.579347	38.215917	18.216912
246.434243	99.277420	37.980246	17.845785
246.229181	101.759277	38.332742	18.285525
246.680228	104.176396	38.060719	18.464905
246.465432	105.704049	38.069522	18.031662
246.464644	105.436365	38.044746	18.373312
247.651919	106.272730	38.153300	17.625819
247.966613	106.229754	37.815089	17.887245
247.905459	105.913839	38.224065	17.973669
249.988277	105.894514	38.614758	17.750667
251.410361	105.080973	38.220547	18.144091
251.455276	103.960280	38.208423	18.248134
250.346910	105.722874	38.229150	18.316916
249.720035	105.579631	37.820970	18.278137
249.419813	104.885635	37.598488	17.897845
249.741984	103.863974	38.962093	18.158580
248.427691	104.597444	37.535728	18.290595
246.935533	105.899463	37.228137	17.920146
246.402877	106.701900	37.042168	18.539560
245.161352	106.114223	38.896685	18.304723
244.094619	105.701494	38.214724	18.044031
244.176805	106.239123	37.911656	18.335057
245.058760	106.864116	36.860291	17.987478
245.539399	105.242635	37.876045	18.127685
247.194685	103.184913	37.766084	18.208601
246.866713	101.298672	38.880845	17.822672
248.215864	99.804331	37.588048	18.452231
250.049113	98.583530	36.643746	17.900901
251.796554	97.911527	38.845196	18.438527
252.956344	97.686205	39.463560	18.120830
255.573863	96.513996	38.327141	18.071179
253.164234	96.623506	38.331343	17.886886
255.057721	95.243383	37.612861	18.626737
254.282116	96.000306	36.714553	17.993766
253.382680	95.033421	37.383044	18.236052
252.972361	94.803987	37.620168	17.947090
254.795772	93.665765	36.579039	19.501303
253.654369	93.297426	37.729336	18.412854
255.270462	92.681308	37.940206	18.384954
254.189362	92.881635	37.362708	18.381379
255.333800	93.206713	36.667009	18.105419
254.744348	93.893319	36.196730	18.006929
255.898496	92.582024	36.297821	17.994850
256.912404	90.768155	36.774082	18.350349
259.602321	89.220312	38.047432	18.574731
260.642767	89.858787	37.764489	18.123832
262.175586	90.286693	37.932312	18.722601
260.019479	90.549190	37.929149	18.390746
261.134105	89.739577	36.867067	18.645668
259.683457	89.226182	37.485817	18.138267
255.342484	90.088302	37.928366	18.147635
255.402132	88.989604	37.452888	18.197338
256.280235	89.897825	35.098025	17.088439
256.293058	90.550639	36.712620	17.752406
253.918723	91.430106	36.082022	17.961492
254.679414	90.788838	34.413490	18.829154
254.389536	91.052509	32.778411	18.686530
254.240598	90.186359	34.960711	19.839418
253.088583	91.474163	35.812538	17.474509
254.796544	90.846625	35.977800	18.080989
254.708946	90.577973	38.008727	18.074794
256.526776	90.782333	36.813262	18.170736
259.824716	91.493786	38.067490	18.357961
261.854267	91.597848	37.882957	18.077074
264.526952	91.056581	37.792480	18.194843
267.145495	90.760963	37.483872	18.085438
269.185400	92.015111	38.236769	17.732307
272.358239	92.062540	37.896469	17.976245
274.497871	92.116217	36.969184	17.933947
275.129419	91.250856	37.468918	18.060067
277.300282	89.392955	37.803876	18.072805
280.242179	87.122198	37.599573	18.164069
282.152727	85.368048	37.060990	18.327516
284.056281	84.923004	37.146352	17.638547
285.417566	83.803015	37.628221	17.729623
285.071747	83.043270	37.268378	17.811773
285.358007	83.275639	37.189748	17.648871
285.657589	84.028205	37.838019	17.975865
286.647178	84.411424	36.557694	17.566314
286.909721	83.176801	36.286163	18.557419
286.490102	83.782716	37.513333	17.956102
287.527325	84.293410	37.976453	18.059753
288.078681	84.112537	36.039020	17.451776
289.987905	83.277986	37.210237	17.956657
291.281699	83.347727	37.265870	17.891703
293.227214	84.389544	35.652759	17.348759
292.027273	83.476735	35.883400	18.599802
289.833407	84.474536	38.261073	18.035447
289.146844	84.938056	36.707052	18.652475
285.928607	86.351564	36.858660	18.649472
281.898540	87.387618	35.853715	17.436376
279.992257	86.712383	34.166637	17.686690
277.159828	86.313924	37.579269	17.896081
275.789509	86.698087	37.375122	18.199588
275.758473	87.279641	35.148082	17.655128
272.652112	88.024565	36.286712	18.145145
274.441349	90.092584	34.496429	18.095298
271.525957	91.552418	33.963016	18.300802
274.797682	90.106547	37.134482	18.176940
276.714392	91.946556	37.644834	16.936347
278.116340	91.805986	36.111663	17.288826
277.353536	93.492604	34.754099	17.727523
276.925735	94.954290	36.492060	17.986875
276.872925	98.006717	32.474777	15.130226
276.969119	96.789662	34.354946	18.562141
279.695092	97.285705	33.292217	19.949206
277.781492	99.431201	37.276426	17.925196
277.604853	100.312601	38.350060	18.313613
277.093395	102.536010	37.816621	17.616797
277.160744	101.897563	37.103906	17.753925
276.324929	101.619375	38.104404	17.863735
278.512007	101.447981	36.979995	17.364144
279.791309	99.851944	36.035239	18.354216
278.377393	99.464602	37.334640	17.946427
278.130808	97.817859	37.398788	18.058222
277.945707	97.374530	37.050080	17.867308
278.370003	94.806611	36.128630	17.754172
277.727297	93.392772	36.967823	18.183386
276.884513	91.911552	36.381648	17.738369
277.178637	89.727661	36.670343	18.380799
276.483891	89.532115	38.228353	17.768669
276.388949	88.609428	36.927882	18.207853
275.771697	86.408204	37.943832	17.588843
277.407386	85.145740	37.036099	17.123544
277.490807	84.076477	36.615105	17.672293
278.167079	82.487187	35.916514	17.727119
278.085382	82.512312	37.620845	17.501469
278.270503	81.564152	35.550069	17.036986
277.714056	82.378099	34.446147	16.204335
279.381337	80.643091	34.365192	17.425759
278.601313	81.770451	34.188384	17.234625
277.862788	80.993848	35.423959	17.495322
278.391212	81.225905	35.955816	17.535125
277.317611	80.808792	34.950381	17.668872
277.459638	78.971926	36.919326	17.457314
274.446139	79.878522	38.063329	17.230197
275.060151	78.894066	37.243463	18.012802
274.572690	78.423587	37.895435	17.726541
