276.000000	161.000000	73.000000	74.000000
277.357653	159.049978	72.895924	73.915474
281.348308	157.018673	71.401793	75.205461
282.129940	156.363040	72.354908	73.893653
284.753269	160.361693	75.834725	72.853928
289.019664	159.032195	75.364628	74.760009
294.915234	159.657171	72.751046	74.249878
295.723724	159.624038	72.155388	74.310816
299.067899	159.915052	73.289127	73.386644
303.589774	161.081802	72.602834	71.738649
305.001357	161.798729	73.963517	73.973027
308.638460	159.374753	73.222661	74.882206
310.007459	158.626432	72.544191	73.484052
309.813410	151.404525	72.126988	74.880063
310.017324	143.446826	72.850326	75.955719
311.485960	135.513639	72.067526	77.785832
312.142549	134.165062	72.833949	75.897359
315.235972	135.771800	71.216034	73.703616
312.045153	137.793332	74.174687	73.515887
313.142349	140.045880	73.430919	74.738935
313.304915	146.682742	72.449008	74.577827
311.626198	144.925819	74.728099	74.235560
310.551129	147.277434	72.757034	75.401219
309.836875	149.621780	74.892694	74.132714
312.479678	146.835759	74.130960	73.743989
311.292044	146.948618	73.226243	75.282961
308.873470	150.404813	73.725361	74.335215
306.097417	151.020180	74.219718	72.586221
305.009766	155.079001	73.058412	74.806019
306.371225	157.663172	72.376330	73.675758
308.118869	158.835038	72.536722	75.140434
308.451997	159.585669	73.429021	72.665148
308.294714	160.297855	71.475259	73.505522
305.817810	162.513705	73.119423	71.907582
305.641066	158.439555	73.142367	75.335450
306.693438	160.470481	71.689258	72.962780
305.186009	159.363724	73.516220	73.109430
302.018832	157.857968	76.512599	74.528731
300.805253	158.511745	75.352967	75.294297
299.799014	162.716054	73.631975	73.071580
300.944053	161.326805	71.269109	75.201889
298.814615	168.207166	75.325397	72.733363
297.882509	167.422521	74.362444	74.494456
300.968614	169.506784	72.221122	76.413979
298.325707	171.717327	73.767148	73.522928
301.325909	169.650091	71.053255	76.711816
302.994109	171.555933	68.965014	73.637981
301.026240	168.776152	72.019979	74.515895
300.528119	170.377568	72.026549	72.705643
300.076003	171.552337	74.337108	73.089640
301.315589	173.367057	72.237357	73.019477
300.530061	171.648831	72.867288	74.139273
297.924859	171.576842	74.186358	74.358054
300.254358	171.335268	72.137490	76.573042
299.904837	173.376198	73.415875	72.577274
302.458732	171.330463	72.219013	75.445455
299.564115	173.428589	72.110374	73.525169
299.178247	175.477364	73.933969	74.817495
300.624138	179.319315	71.430891	72.945085
299.020571	175.829132	70.516023	74.020676
298.534809	177.297939	73.182486	73.835560
300.729337	177.852405	73.088440	75.639824
301.554564	180.034930	73.445701	75.211190
301.323862	180.414955	72.701228	73.493518
303.345802	177.548724	74.867470	75.148274
305.192296	175.338766	74.907350	72.899780
307.883728	171.755676	73.322597	73.503813
307.384691	171.492858	72.269766	75.060300
306.750619	172.642050	73.402510	74.103993
305.583238	174.482203	74.186772	73.951348
306.627538	180.516129	71.991796	74.611007
305.881299	189.385438	72.961056	73.771892
307.864351	190.817014	73.326164	75.010552
308.360010	197.666547	73.287621	72.724135
304.508027	198.078404	73.830222	75.204617
304.249891	200.404189	73.473726	73.225944
304.891830	198.041797	71.569770	73.808238
303.339952	196.560427	72.077534	73.635866
300.577448	198.577541	75.505629	73.148135
301.216709	203.204238	74.800542	72.683566
297.164852	205.839124	72.119805	73.869676
293.078287	205.530671	74.625440	74.912996
297.646557	210.698641	72.071281	74.145990
295.952845	211.068942	73.016381	74.409064
295.712215	213.240284	71.631180	73.216488
294.202006	214.856869	73.709392	73.266963
294.674389	215.356525	70.923386	75.049572
290.902805	214.310835	75.419446	74.081251
291.970301	209.258693	73.740574	75.213233
290.949704	204.950465	73.415680	73.691486
290.152892	206.311764	73.562380	73.307816
291.989804	204.784002	72.676413	75.094526
289.258608	204.889799	73.249053	72.607054
290.126065	201.763759	72.472591	73.215503
293.425392	199.128646	69.762269	73.764494
292.373199	200.916344	71.856578	72.151515
289.128986	199.621246	73.122288	72.610250
291.616699	197.493386	72.665845	73.753878
292.010019	197.158353	71.860892	74.303743
291.299293	196.647879	73.793342	72.835004
290.357725	196.907581	75.119745	72.585085
291.962928	200.310907	74.014410	71.818137
293.532548	199.664369	74.757127	72.052374
293.920322	195.134364	72.442387	76.322834
297.953034	199.684004	69.323998	71.808310
297.193426	197.852173	73.129342	75.212201
295.059042	197.920133	74.102941	74.062218
296.285873	196.006144	71.560063	73.224240
294.643245	194.840271	72.707347	73.100976
296.847403	192.054861	71.067282	75.193824
296.696206	196.829736	73.782300	73.741346
297.806654	195.930466	72.516833	75.139554
298.996257	196.856365	74.713895	71.751613
299.157963	192.596973	73.576354	73.221299
298.048252	193.089981	72.130378	74.137194
295.736079	192.365624	72.182304	73.489096
297.223902	194.385026	71.702139	72.309617
294.662306	192.656092	73.150197	73.877105
296.379852	192.057001	74.017488	71.782545
298.443449	193.263430	73.530403	74.666456
298.759861	194.067907	72.887069	73.835518
298.699760	193.219307	73.531096	73.414908
298.139559	192.449507	72.078530	73.177581
298.224709	191.348360	73.480526	73.848256
297.995057	190.756890	72.571484	72.999605
298.488884	189.447537	72.807022	74.516367
298.500043	190.736131	73.891827	73.119888
297.957618	191.358563	72.804435	73.100986
297.285169	192.294055	72.933390	74.406859
297.587166	191.324566	71.975770	75.050138
298.533461	191.806025	73.484973	73.176129
299.047227	190.651316	73.354673	74.106122
297.843184	190.798546	71.935067	72.722919
296.097357	191.079244	73.332610	73.229838
297.039856	187.715817	74.074977	74.136891
299.798013	186.592076	70.685427	74.061151
296.612815	185.016183	75.327129	75.711790
296.169205	186.690905	73.475670	72.778518
295.998630	183.853083	74.678916	73.088038
298.139679	187.097457	72.060885	72.872301
295.998797	184.373058	74.290439	72.652752
297.603276	183.606682	73.391244	74.078135
296.047490	185.198294	73.405853	72.069177
295.768976	180.359367	72.248861	73.612012
294.880427	180.800908	73.277627	73.561718
296.427543	182.115997	72.436184	73.563485
295.135759	180.627207	73.183973	74.199610
294.246818	181.967424	71.138989	72.619832
295.939111	178.930326	73.300075	74.276389
296.629189	175.969467	74.590205	74.438728
295.965289	176.316448	72.882560	75.037814
293.986341	176.199992	74.726985	76.415475
295.548098	176.036264	72.908872	75.499864
295.191407	176.211849	73.257822	74.207999
294.558707	177.835359	73.185559	73.130639
295.076899	180.436791	73.832178	73.437397
295.994733	180.077889	72.718659	74.586968
294.642141	180.195057	73.532889	74.824425
295.933552	183.530165	73.496253	74.080381
299.288397	185.203122	71.279370	72.621100
297.166744	180.999360	72.026732	74.956531
299.520476	183.991189	72.763149	74.404066
297.431910	184.634010	72.952428	75.219426
297.514001	184.218139	73.409129	74.945831
297.170007	186.909817	73.712476	72.661148
295.942514	185.438846	74.062396	72.853434
297.003406	184.498374	73.318684	73.617896
297.083333	184.912523	73.184941	72.911288
297.633730	183.547550	71.615354	74.352221
295.057594	181.243417	72.166595	76.358550
295.644381	181.027342	71.778188	72.050590
292.854151	180.123034	72.634149	74.673416
295.590992	179.920481	70.822378	75.829772
294.692308	180.319963	72.131678	72.905519
291.611000	180.946847	75.019037	74.232026
292.490412	180.758983	73.166594	72.929753
290.709630	185.129130	74.909725	72.520259
290.038610	183.776936	71.086980	75.083268
288.261818	183.827240	75.193671	73.390329
292.293558	185.100036	71.328268	72.857785
290.658692	185.436894	72.584166	76.158042
292.322213	188.322791	72.187615	74.056313
290.810443	190.861210	72.516204	73.362314
290.081462	190.047262	71.563723	76.027891
291.626344	192.368690	74.625679	73.368319
290.372551	191.212221	75.678031	75.224010
289.680586	191.419888	75.704164	73.646478
291.943797	193.381556	72.818613	72.175228
291.713136	191.258423	72.778299	75.539311
289.497297	190.019184	74.453982	74.753750
290.553898	190.577063	74.174153	73.501193
288.689283	190.903481	73.950674	72.903098
290.851291	191.958378	72.703893	70.486463
292.581569	187.571371	74.355302	75.051683
293.348823	186.227408	73.836817	74.304916
294.450070	186.664859	74.046298	72.888339
295.771473	185.402677	74.031163	73.238846
297.255682	184.257849	71.728349	73.726357
297.871685	185.167974	72.580288	73.268494
299.510076	185.827706	71.939911	73.994260
300.371948	188.539659	73.612253	74.492366
299.508987	189.699062	74.074311	72.990917
301.674163	192.292919	73.087550	73.706832
303.998249	189.950656	72.035769	74.389720
303.655636	191.066168	77.049870	72.982672
304.688925	190.955047	73.940527	74.397274
304.745637	192.438482	72.691374	74.865159
304.260408	193.750277	72.027311	74.053997
305.327516	192.263080	72.983175	72.889252
304.125858	192.969057	74.807849	73.947768
302.790981	192.235210	71.969316	73.788091
302.236815	192.643234	72.608299	73.072271
301.064625	190.832975	73.198984	73.074422
299.149220	191.820115	72.796601	73.750981
299.937852	189.455763	70.739400	71.889208
299.031882	189.123057	71.926116	73.813828
299.604525	188.453801	75.030540	71.754574
297.072946	189.107975	75.326406	75.795805
301.352275	185.129059	69.651632	74.089648
300.350192	181.379628	70.640226	76.312372
297.916865	182.650088	72.217696	70.499004
299.954318	176.315584	71.217015	76.141341
297.602909	173.079144	71.855215	74.317295
297.414497	172.987832	72.333393	72.289811
295.649296	167.456495	76.293480	72.637014
294.711000	166.306607	76.800154	71.383923
297.072625	173.426320	72.866887	72.519537
297.963642	174.794748	72.004274	72.407778
299.968986	174.891415	71.545069	73.227477
298.487152	171.973623	74.138907	75.969100
299.797021	169.599470	69.729543	73.531091
300.162862	174.402438	71.721256	71.903245
299.234143	170.687565	72.848838	73.896370
300.860645	168.535294	73.663767	72.135064
299.071682	168.129073	74.836972	72.389615
296.589181	165.219272	74.906468	71.854404
298.493523	161.758489	74.630099	73.040153
298.018959	158.340663	72.848448	75.184105
297.890367	158.400892	73.701001	71.007842
294.616924	154.213892	73.863364	73.946313
296.495265	151.320375	72.894259	76.085246
295.468383	150.825004	72.156627	76.045693
293.822459	147.754451	74.244416	73.606613
290.573639	149.874147	77.129987	74.795360
290.551285	150.141565	72.767442	76.242219
288.229637	151.049383	71.539159	78.398428
289.982883	148.378510	74.058372	72.993760
292.507339	146.217466	72.797630	75.485647
291.731337	146.698899	72.182611	72.817435
290.610902	146.092351	74.086876	75.630484
291.750988	147.440625	71.917863	75.925343
291.672616	147.991581	74.008346	73.968913
290.281536	146.589976	74.046573	73.076518
290.786734	146.529737	73.365500	73.875479
291.524675	149.395044	73.428630	74.419782
291.435937	149.127115	73.887286	74.387034
291.478506	149.354412	75.010580	74.018715
293.635487	150.766058	73.469482	74.922865
288.556246	158.627234	73.641870	74.017211
291.816597	159.404750	73.866429	73.082113
290.477048	162.180980	73.453551	72.525051
294.687293	163.381688	73.434119	72.879262
294.603527	161.080205	73.896746	72.799700
296.691776	162.121094	73.911436	72.957615
294.497679	166.132290	73.141233	73.478059
294.341308	168.516414	73.311250	72.193338
294.144510	167.804177	76.324105	74.698134
297.998979	171.945066	71.303385	73.170384
297.583510	170.861950	73.773202	74.658647
298.615303	178.650522	71.625515	73.824178
300.194841	179.480096	71.698535	72.591925
298.925515	176.977053	74.640913	74.813871
298.113934	179.662300	73.123719	73.248232
296.721828	175.051198	74.782672	73.994565
295.591826	175.352922	74.040426	74.191693
295.494160	177.773494	73.176093	71.877814
295.055630	177.590105	73.375818	73.361641
295.219581	177.921120	74.598501	73.859970
293.444641	180.555528	71.228556	73.747166
291.503723	181.932679	74.419931	74.043280
291.430836	179.470804	73.504556	72.711603
291.553798	172.522542	75.086303	73.427666
293.110483	174.729560	72.145256	74.557281
294.227476	173.255865	73.021728	76.163932
292.208104	178.857772	72.220891	73.304671
290.513300	176.296389	72.702641	75.331296
291.934415	177.824430	71.977267	72.365741
291.862898	179.073257	75.650442	74.868493
293.951266	179.661502	74.252509	73.114004
295.312512	179.763639	72.426187	74.233410
293.602221	178.708848	74.186158	76.568896
293.555296	180.155579	74.675694	73.001956
294.854692	175.132926	73.287878	72.468392
291.946049	171.495167	74.204992	75.257673
292.128554	169.684169	73.197751	74.153289
291.759933	166.365481	72.940352	73.627207
291.009539	170.573355	75.266567	72.941377
291.917060	171.686734	74.222652	73.273851
291.760381	172.998594	74.251558	75.833840
292.683351	176.101855	73.110281	74.253677
286.324355	169.255807	79.150315	73.845428
287.370786	164.533104	75.940571	74.162320
291.112266	183.050172	73.833482	70.778145
289.109424	178.790588	77.489507	73.586090
293.611020	178.621753	73.437129	72.440479
293.948586	183.744463	73.710022	76.161067
297.019975	184.449439	72.134684	75.971505
295.883603	186.457074	75.932616	71.394714
298.830412	183.353548	73.151873	71.174631
297.546678	177.965922	72.565468	71.113866
296.751169	175.094231	72.151021	70.633713
304.772159	181.288114	65.979114	66.322369
301.281553	181.816278	71.792578	72.988749
300.346708	177.053616	74.946719	72.893070
300.603197	172.983199	72.358689	73.954134
299.867436	170.638347	73.359053	74.213386
303.834599	171.804901	72.234785	74.046179
305.481343	172.314134	72.804548	72.842608
302.436594	168.720882	74.522651	73.386687
312.694181	168.233574	70.039772	68.684184
310.652674	167.475009	73.329704	69.015377
309.870309	164.805245	73.357296	72.699725
308.742080	164.245404	74.455896	74.180178
310.403936	166.486676	72.445544	70.835758
308.676476	165.041834	72.740167	71.560179
314.113962	162.195043	71.354410	73.981550
311.589187	163.396344	77.015428	66.708892
314.779436	162.535853	71.274667	72.144991
317.549339	160.897554	71.022059	73.211004
317.585762	160.239406	71.850176	71.375015
318.157991	159.787577	71.766498	73.212441
316.004320	161.063023	75.513683	71.118519
318.904770	161.612626	71.425824	73.615537
321.531764	163.414592	69.838846	68.341721
323.576832	163.555554	75.601865	71.409538
323.898432	163.145225	72.180496	74.268787
325.913984	164.418530	72.300873	72.979517
328.997786	165.322410	71.216611	73.173971
326.959252	168.363819	72.077660	76.672121
327.145720	170.301702	73.475719	72.562631
327.971283	170.860267	72.097960	75.110655
333.074316	170.598076	71.429839	74.010570
331.386849	175.965400	71.664943	71.797912
333.029916	174.404621	71.855673	74.258835
332.111041	177.846201	74.549601	71.427574
332.922376	176.294611	73.331584	73.247673
330.201579	177.886582	76.174990	72.794057
331.565986	180.830648	71.068519	71.135158
331.716977	178.498011	73.501380	76.206225
332.041656	180.544848	75.470152	73.862791
332.270491	182.835905	74.422602	75.501228
333.813288	184.805771	73.455581	72.526186
336.659738	183.952112	71.454816	73.106843
337.592655	186.117075	72.411172	75.581469
337.323423	188.590462	69.598241	73.434510
335.901216	190.395960	72.470989	70.102729
334.289482	191.137419	72.764460	74.685141
332.884547	193.490813	68.699133	73.340230
332.662351	193.756821	69.367423	72.775461
334.196370	192.412211	69.032992	75.973936
335.776223	192.509898	68.522469	71.633656
332.571361	192.657262	74.291826	72.007872
334.538602	192.970078	67.404082	73.403861
332.753776	194.385469	69.846674	71.026802
331.636091	193.650695	69.710290	74.524996
331.314641	194.933002	70.988345	70.175863
326.210606	195.929008	68.989718	71.548802
331.836407	195.439197	72.037276	73.125519
329.371991	191.342783	70.474363	71.749800
334.571848	195.903223	70.277301	69.598887
331.033594	202.109012	75.259539	72.701962
332.409011	202.414891	72.738115	73.992033
333.593432	204.626906	71.298032	68.855128
325.887536	196.837411	75.459738	72.397987
310.339091	184.779473	71.574906	75.306419
299.968026	175.102633	72.653643	72.987405
291.447001	159.395569	73.423016	72.746268
289.504621	158.107718	72.054167	73.378351
291.578683	158.190996	73.142635	74.121458
291.217389	159.125197	73.480247	73.628227
292.753579	160.463519	73.751324	74.261677
293.573850	160.289180	72.576816	74.995399
295.590113	163.720010	71.932365	72.940599
293.483254	166.937737	71.166742	74.264905
289.291248	172.213725	72.250162	73.000402
288.789069	172.198251	73.170157	73.752956
288.969279	170.491238	72.311413	73.832616
286.717980	172.414748	73.094562	74.183316
288.302391	170.275643	73.620175	74.528403
289.284972	173.507739	71.371307	71.791203
285.319639	171.273080	72.580676	75.254525
283.841218	170.769830	72.979934	73.725794
284.646580	169.376170	72.650150	72.735971
286.005159	169.222032	71.333822	74.725536
289.857601	169.165481	70.001450	74.639502
289.957993	174.457750	70.810665	74.544686
291.573461	178.003709	72.464642	74.372939
288.402764	173.198179	72.586351	74.459854
290.659467	177.209615	71.427054	73.578579
291.763669	177.888653	73.038845	73.361814
295.031361	173.855544	72.938962	72.669058
292.773968	173.090768	72.079381	74.624278
290.394764	172.726354	74.330677	75.037230
285.207016	169.044860	72.914904	74.222036
282.887522	168.422883	71.497046	75.935046
278.253455	170.932628	72.234833	73.155613
274.525067	171.504759	73.304669	73.231651
271.583072	172.559086	73.700353	73.289817
272.227280	173.694895	69.891390	75.468877
268.881205	172.316290	73.408877	75.010746
266.894417	174.073602	71.268840	72.751818
266.060322	171.089386	70.990572	75.557492
265.185390	172.195157	70.941697	73.857306
269.282293	175.740677	65.918587	74.108585
263.063906	166.515533	64.573143	76.951990
262.463135	171.768415	67.876058	78.788746
265.794219	163.319928	66.582717	79.609389
258.808104	166.689951	72.021304	71.990676
256.914824	162.384614	70.840785	71.934562
252.892523	157.915227	73.542673	75.307105
252.611981	156.461017	72.198959	71.106312
250.403720	153.388343	72.623775	74.339446
249.788450	149.286088	73.379548	71.725621
251.742795	146.490200	69.295985	71.004807
255.958363	148.967861	72.606361	72.338007
253.218721	145.246311	73.431970	63.944765
251.370783	142.442681	69.613235	65.219285
245.962477	142.632229	69.230385	72.818640
254.703192	141.220054	73.425598	70.693429
244.638579	130.294423	70.743752	70.910327
244.716702	128.143214	68.833428	71.856803
246.705388	129.240925	67.595729	68.610885
236.967007	124.656814	76.116478	72.546636
241.374734	124.585326	70.846913	72.206438
243.556604	124.324968	66.620130	76.391220
240.706334	126.964451	68.753481	74.820045
242.929436	129.177319	69.738463	74.976823
242.162908	132.090466	70.239071	70.420788
243.451555	133.610196	68.741446	72.359110
246.458260	137.821070	67.726396	68.876490
245.852757	138.036714	68.430326	73.221219
246.919770	138.606812	70.787638	69.701439
248.680233	147.771245	70.939731	72.552060
244.527596	146.878836	73.645378	73.882590
245.239854	149.067614	72.418910	74.874615
245.272459	152.806111	72.207914	72.974256
247.538374	157.130967	71.649373	70.826287
256.562517	156.810924	67.687713	76.199149
258.317802	160.423633	73.998918	75.314635
259.393989	164.764133	73.520399	72.036904
263.453925	166.805151	72.666879	74.501522
262.365834	172.158982	72.662157	74.378482
260.056941	173.980862	75.022288	74.206424
269.865169	179.368841	71.305779	73.943983
276.645574	182.592243	70.450551	75.319785
280.503339	184.769719	72.943408	74.273364
290.412431	187.277604	71.378561	75.017144
287.881573	189.178151	71.863127	73.752603
281.764543	191.193208	72.073248	73.333906
282.944341	189.031389	72.333268	75.426579
286.393148	190.008062	73.292265	74.370379
290.947921	190.610134	72.976320	73.457220
294.529011	189.938239	71.632387	74.198683
290.058883	188.051935	73.838384	74.682541
293.916233	184.891125	71.405993	75.004703
292.687706	185.842475	72.799210	75.141184
292.569657	188.595011	72.426826	74.528149
292.201790	187.896076	72.585975	74.362262
290.183567	188.083943	70.672753	73.701570
289.517175	190.625030	72.789758	73.261798
290.207466	192.824746	73.087198	74.682953
293.674964	193.822507	71.394884	73.272651
296.308822	191.842482	72.528555	74.588412
297.974228	188.906061	73.787192	74.152734
302.320233	188.389054	74.184303	73.645428
305.615290	186.303178	70.737931	74.665727
304.016833	184.094682	72.715974	74.936605
303.075879	186.692821	71.288634	74.849805
302.308400	186.512226	72.797561	72.719981
298.414865	189.394248	74.295215	73.885470
301.058380	191.408993	71.335922	73.468748
300.597913	189.656849	71.333572	74.761132
301.143212	189.610250	71.592411	72.575992
300.944600	190.235818	72.459122	73.968728
298.151938	193.168936	72.497061	74.327814
299.983048	191.176233	72.659449	73.587051
303.525376	189.897919	73.040436	75.165775
303.091118	189.279128	71.525941	72.599279
301.006205	188.301095	71.261403	73.787573
299.600070	187.479668	72.378072	74.932088
299.966208	186.627112	73.326120	75.367533
302.653579	184.601299	73.246385	72.089584
303.338142	180.168930	71.260474	74.647204
302.050995	179.910693	71.948367	74.231743
300.450457	179.789871	71.824754	73.874932
298.180373	182.129331	72.265382	73.649543
295.586283	179.796485	73.084662	75.378129
296.812029	181.217475	72.677397	73.939395
291.654001	184.555371	72.626384	73.538513
285.923790	181.968165	75.665907	74.770289
287.213821	180.887748	73.843872	73.564739
285.544257	176.890865	72.879053	75.201074
286.375977	177.934790	74.231706	74.524517
289.137970	180.848237	73.828694	73.009555
292.933048	174.689380	73.784550	70.702443
288.071965	177.540880	73.741955	74.016620
289.948352	179.731890	72.475563	75.135462
290.025777	184.253590	71.977543	74.356662
289.757756	184.693078	73.071810	73.375974
289.786235	182.324216	74.326359	74.033650
289.540501	182.252381	72.242021	74.158956
290.824503	184.119487	72.154591	73.312499
290.839335	183.805075	72.765268	74.678578
292.333359	184.323329	72.209936	74.572054
292.218621	189.093591	73.518098	74.222665
293.552894	189.707072	74.346708	74.825193
294.000104	189.404161	73.122237	74.056564
293.025571	188.764357	73.236642	74.539499
291.729402	189.872306	72.971263	72.716232
290.588272	186.600766	72.040133	75.375962
289.524142	190.457536	73.621436	74.257397
289.447093	187.690316	73.016609	76.337710
287.438271	188.230606	72.085277	74.057732
287.511976	185.827785	71.020692	74.621192
286.234844	184.227395	73.565674	72.993740
284.248948	183.011613	73.344024	73.356260
283.493117	181.226922	72.970893	75.921236
284.049593	183.861363	70.214269	74.510523
283.514548	183.457905	72.565601	74.795049
282.127418	179.630902	74.112677	73.874931
282.919687	175.383943	75.498166	73.770523
282.397201	173.660375	73.933292	73.795179
282.059314	171.779700	73.783203	73.825322
282.565594	170.311061	73.864612	75.217146
283.301108	169.388095	71.944251	74.278526
281.268668	169.169228	73.048057	73.724361
283.040064	166.147650	73.385618	74.764626
284.674053	164.516537	73.200654	73.461391
285.297316	166.252779	72.963773	73.373904
284.368602	167.095459	73.045027	73.458540
282.934067	167.174431	73.698283	73.030060
285.678129	162.475347	71.873525	75.558622
284.810194	165.640177	73.336726	73.922094
282.957267	164.302437	74.776845	74.696226
285.255826	164.462476	72.980998	74.457904
286.855192	163.971002	74.166954	74.403901
287.521981	160.875375	72.701036	75.198727
286.050786	156.344928	72.791787	74.449051
286.399842	158.837589	71.443739	71.953267
288.819001	157.727383	72.806695	73.934519
290.998390	158.069039	71.485578	75.279198
289.836432	157.319277	72.668039	74.456860
289.174194	161.042796	71.714434	73.386804
290.565933	162.846568	72.759988	73.299371
287.762570	164.662886	73.046418	75.540236
287.238720	169.450589	71.340666	72.193613
286.924419	170.702162	70.901350	74.409218
287.259466	169.530360	73.565514	73.027951
286.625415	168.324954	73.520544	74.246233
286.089355	166.998668	73.039568	73.999573
286.970292	166.452631	74.525460	74.007184
288.992087	168.458857	73.710242	74.908386
286.808767	168.829560	72.599652	74.821178
283.258591	167.940211	72.443970	73.137389
284.814890	164.993419	72.700542	73.365155
287.335314	165.513133	73.225620	73.829554
287.467579	169.489449	73.186751	72.778523
288.451929	167.836392	73.139390	74.832517
289.399895	168.634907	71.544597	73.935536
289.245340	165.515414	71.639452	73.627771
288.176748	166.462101	72.850531	73.861790
291.428302	166.485054	70.581484	72.007219
291.496593	167.417076	73.296584	72.640467
290.379383	164.892908	73.955986	74.055296
293.675178	164.412651	73.943427	73.042415
293.404922	165.268164	74.189216	71.809778
295.732608	162.137299	70.818768	73.054586
294.792617	160.195438	73.361035	73.630661
298.085376	159.082994	73.866586	72.630195
301.263535	160.252044	72.318863	74.432720
302.441819	159.495692	72.025698	74.755279
305.316189	159.843076	72.378119	71.849878
303.578213	156.681715	72.625947	72.683804
301.740226	155.618853	72.166268	75.283475
303.776488	156.523507	72.604305	74.232375
306.469987	155.946454	74.512869	74.424164
309.797134	157.592699	73.742668	73.763254
310.358444	159.748515	72.300262	73.503852
309.845058	158.559039	73.315899	71.101803
305.439337	154.970787	72.288105	74.856112
306.348254	152.728706	74.119641	74.919675
307.547126	153.924167	73.534421	74.462653
306.341044	154.490134	74.978425	73.606638
307.002377	152.442161	72.991592	74.559489
307.166188	151.003479	73.878217	74.039274
309.693226	155.335647	73.653740	73.231509
306.026142	158.769367	73.253203	73.822461
305.296318	156.562422	72.432856	73.309960
303.361559	157.543373	73.112300	73.036843
302.335929	155.334477	72.552069	74.260771
304.092837	156.905851	72.859587	73.439392
304.652561	157.339650	72.587115	74.116284
303.585676	156.173124	72.405014	74.863885
304.014669	156.976328	72.029996	72.930921
301.160038	155.282297	74.431310	72.434253
299.529686	156.126730	74.611295	73.621010
300.759129	157.983521	72.116768	74.487100
297.086471	158.815411	73.032985	73.912696
296.672095	158.124705	71.199840	71.045145
294.810344	157.155244	73.458868	73.244215
294.519342	159.633949	73.237369	75.332720
293.808358	159.371931	74.029102	74.405577
292.928013	161.324636	72.876521	73.887681
290.986607	158.685339	70.669660	72.840071
287.936683	159.752591	72.151185	73.282181
288.287778	161.742946	70.694111	73.530733
284.300570	160.527911	72.378212	74.666182
282.546501	163.712993	73.763505	74.126199
281.316805	165.105565	74.323631	74.221577
282.525163	167.004126	71.764837	72.615443
283.197016	169.484768	72.514393	72.625467
278.501362	167.888439	72.855055	73.678381
273.531332	163.768896	72.315028	75.478959
274.573920	166.260130	73.155230	72.487375
273.319303	169.276686	72.308822	74.679922
272.682802	169.653833	72.203628	73.950310
272.466020	170.511065	71.937907	74.107824
271.898672	171.138485	71.498438	72.838222
268.603512	168.849709	72.573172	73.650420
264.002138	172.939594	74.016167	75.242460
266.367000	175.713894	74.272879	74.260755
268.460492	175.515799	75.195537	72.937542
266.573578	173.184112	73.050804	73.678862
264.530850	173.893254	73.231550	74.063711
262.994773	174.407781	73.956442	73.764441
266.159777	173.469341	72.792854	73.695484
265.049053	174.170249	73.615649	74.592315
265.420926	175.106142	72.909580	73.141557
268.166810	173.302400	71.422078	72.464509
268.047197	173.378095	72.909620	74.437121
269.063489	173.794739	73.085130	74.371055
267.932662	175.435365	73.065698	76.558471
267.896201	177.964344	73.507659	72.960989
270.814614	177.587218	72.777240	72.613037
272.107947	175.998197	72.168691	72.013476
270.685984	175.673179	73.421902	74.105923
268.675786	177.357783	72.080470	72.442999
271.381486	173.914657	74.387769	75.719761
272.221354	178.748877	74.883989	72.614742
274.442828	175.474737	74.682559	72.661285
279.800837	172.608587	74.282175	73.063525
282.744237	171.356937	74.345981	74.508554
288.086213	170.181080	72.214156	74.641106
291.885877	171.550231	73.049625	73.136566
297.542218	169.336974	70.936433	74.082968
298.806540	170.649911	73.323910	74.393517
303.702110	171.308462	72.561008	75.305448
300.165520	175.655644	74.253655	73.362290
304.163308	178.234333	73.395064	74.993316
308.527844	176.995953	72.851783	73.409354
313.815953	174.353450	73.550729	73.071049
313.023061	176.751657	71.087709	73.983957
311.625395	175.653307	73.419439	74.353804
314.634436	174.235936	71.027763	74.256167
319.014168	173.742960	70.435429	73.475649
317.332618	174.878415	71.829839	72.212265
316.083659	175.519286	69.280381	73.307317
310.969009	171.492199	74.303645	73.922068
311.614428	172.230264	73.496319	75.515053
312.584892	171.727168	70.826319	74.076035
312.685737	170.963532	71.750444	73.330359
312.983282	168.655994	73.463925	72.837405
314.225368	166.120214	72.222046	74.346215
313.667446	167.111694	73.640748	74.552016
313.837893	168.095694	69.911910	74.956932
314.068785	166.885137	73.184917	75.204018
314.174290	167.508757	73.350568	73.530146
316.260988	167.838171	73.476184	71.916775
317.226703	164.635278	72.995197	74.885153
317.243424	165.885784	69.997883	74.489152
318.331853	162.907007	67.210726	74.204320
306.994624	162.293664	71.646574	71.244285
306.257880	169.178273	75.643031	72.750948
304.019424	166.266611	74.044453	74.084581
297.330981	167.299324	75.169947	72.988866
305.726930	162.989670	76.662242	74.015334
301.573454	167.036017	74.583904	70.994508
303.976963	158.860946	78.075509	71.172803
310.407100	151.833235	75.441811	73.465237
310.150362	148.995546	75.419900	75.728166
313.211812	148.276188	73.259559	73.452949
312.553518	148.599874	73.066846	73.095646
313.850223	148.337261	71.535995	70.957608
310.762673	146.265984	74.723687	73.052185
315.397534	143.766447	72.630970	75.437510
313.727843	143.351686	71.303004	73.646089
312.240531	142.842443	74.391985	76.159505
309.922261	143.488712	71.616428	75.308503
310.318062	143.434340	73.200533	74.787547
311.298671	145.021700	72.941808	72.831276
310.415951	146.359422	71.732319	73.859317
309.520005	144.049046	74.746063	73.164019
306.120447	145.681008	74.150157	75.654155
309.503051	145.989905	71.744142	73.057287
308.353877	146.651353	73.156998	73.749588
309.329847	149.830636	74.292259	73.310682
310.628999	150.920498	72.620651	72.199413
308.720198	150.960982	74.615821	72.930347
308.842219	151.229328	74.114234	73.604095
310.941519	157.891789	73.916210	71.257271
313.366561	162.783537	72.893590	72.006383
307.552938	161.562257	73.425388	72.376285
309.828734	158.302803	76.199553	73.494482
312.152095	156.798010	74.390514	75.246842
312.408772	165.901043	74.842790	73.945196
312.969216	170.408138	74.928100	73.074440
310.922265	171.263410	71.832363	69.638103
307.645245	158.346659	73.463321	74.771179
307.378391	157.436435	73.976767	72.372397
308.954240	167.835979	71.931139	73.457723
308.876426	164.517843	73.373531	72.480347
312.475070	163.538711	72.150982	73.764500
306.975798	161.909059	74.353824	75.971949
315.168923	153.014111	70.895649	78.953438
313.202546	159.807224	74.397562	74.178037
310.226057	151.706758	75.535456	80.474794
313.848497	146.302303	72.192027	74.270856
308.298018	138.919710	75.461989	69.473511
311.626533	132.644577	65.613563	72.168396
310.339848	133.476049	66.935599	70.744984
307.340340	134.457585	70.638817	71.402204
306.309096	139.015162	71.290659	70.367345
303.573794	146.756648	66.053839	72.487620
304.230368	147.147931	73.768904	71.702817
301.810977	150.349726	74.148279	69.463656
301.482356	152.422211	71.881029	71.554141
303.143907	146.144025	65.842577	70.444839
308.961563	148.025694	59.880821	69.371432
299.831842	149.677510	70.296595	70.098736
298.008179	149.546758	69.960020	71.628848
297.022336	154.736083	72.653338	68.933885
296.226190	150.221820	69.956204	73.934124
296.713024	145.272579	72.117604	74.722432
292.500015	143.011151	74.808530	74.999799
291.719750	142.360627	74.140107	74.297773
292.338509	138.405890	72.815953	75.218671
287.516867	140.653208	73.305090	72.595237
286.059369	140.157127	72.902371	75.957994
286.115550	138.399290	72.949481	72.630114
283.299427	133.383476	72.227436	73.987524
281.994860	132.632390	72.798677	75.475995
280.121168	135.136226	70.821157	74.109800
277.516738	134.301557	74.960844	74.600700
276.172917	131.237065	70.591172	73.567305
275.543324	131.760056	69.787871	74.359778
275.264034	130.742722	72.576874	71.960651
271.808819	128.574895	73.303617	74.528337
272.153673	129.300852	70.881727	72.536301
273.067489	126.373799	68.816243	74.356275
274.390926	122.426692	70.832156	75.542318
272.086566	123.585804	72.751873	72.176841
273.831351	122.266486	70.362856	74.251165
270.187185	123.243615	74.111648	74.737526
271.273700	124.504524	73.841939	69.890357
274.236205	128.755491	67.554541	67.820979
270.802059	125.448342	72.548195	71.624919
271.737085	125.083368	71.074386	74.513154
273.376636	123.748464	72.279126	77.341905
272.296384	130.640690	72.958045	69.616800
275.050126	127.758683	73.889168	73.026377
273.705541	128.427213	70.689823	72.381022
272.936126	128.451930	74.596411	72.702219
274.820514	130.092574	75.311683	73.777003
277.260196	131.761908	72.374615	74.050922
276.017131	134.828597	70.936802	72.618355
281.872651	132.713112	72.055346	70.068654
269.586081	130.167948	77.275790	74.621111
269.500278	131.599783	77.921928	75.041661
273.808769	134.420814	69.265261	70.767594
271.869866	134.847924	70.687797	71.632958
270.404469	129.551800	74.505760	77.434887
271.399468	138.825855	72.309630	75.117558
268.548562	136.568760	73.904429	71.880416
266.168780	136.308478	74.001507	73.766683
268.759160	139.483380	72.544906	72.282680
268.712123	141.295793	73.681710	73.202965
270.656802	140.848753	71.799147	73.433438
269.870164	147.415647	72.081266	72.818333
271.205861	148.119745	72.932190	74.260345
271.287657	148.831169	72.149258	73.526643
271.398088	149.090973	73.563704	72.927083
267.825853	149.575727	73.124980	71.833851
268.753315	149.367793	73.395943	70.632830
271.349434	148.485565	73.633030	72.806546
273.261261	150.372874	74.780397	72.377642
277.606807	157.894611	72.510206	72.655288
281.972013	160.823449	73.032329	73.605431
282.727777	165.872607	71.720917	74.265280
281.549739	161.867850	72.284985	73.626717
282.809810	164.597872	72.851749	71.799505
279.157682	164.996959	73.407492	74.543640
279.131613	169.594643	71.927298	74.771615
274.906455	166.565004	73.386380	74.133177
273.411972	168.150420	72.953747	73.872504
271.674711	167.311571	74.383301	74.258325
274.105543	165.511937	71.953080	74.566841
273.859398	159.265822	72.641179	72.447423
275.824301	158.580505	73.609637	72.283751
275.142297	157.374707	73.578751	73.859140
272.802358	154.109649	73.526390	73.015472
273.197077	152.007960	72.484218	75.300062
272.420575	152.634791	72.916034	74.446993
274.830652	150.339779	71.863547	73.535628
275.288524	149.858061	73.293380	74.534909
274.895260	146.818041	72.698843	74.256861
273.925305	146.114645	73.038414	72.216424
273.438754	144.874578	73.965883	73.713813
272.613721	141.925172	72.781098	75.109809
273.012257	142.083228	72.312582	72.772760
274.591160	144.624880	72.074568	71.654962
273.853061	144.687917	73.695068	74.955353
274.123133	144.489077	73.506840	74.526411
276.324732	143.835720	72.080868	72.994050
277.336376	140.464667	72.310641	74.308214
276.130388	139.890360	72.477340	72.753904
278.186483	136.680228	73.064713	74.383032
279.552483	144.342493	72.104063	72.467789
279.976553	143.376152	71.271321	74.463338
276.912270	144.101732	73.861442	73.485683
276.522273	142.320205	72.563801	75.236867
276.290521	143.281189	72.566740	74.226959
277.717762	145.403638	74.040276	73.787426
279.459174	149.728880	71.735889	72.628365
277.579924	149.877329	72.217956	72.125129
279.632562	153.329839	71.813188	73.789593
278.513025	153.397350	73.249298	72.005300
278.930128	149.913096	70.967468	73.660019
277.807487	151.204415	73.330822	73.518859
281.788733	144.999208	72.711460	72.554989
283.771656	138.824185	73.918877	71.562267
285.070564	136.345942	72.077133	71.791941
283.387203	129.253057	71.892903	75.616487
283.696453	118.414651	73.877902	74.287721
283.474560	119.786911	73.586070	72.371700
285.874421	118.232457	72.347237	72.842931
285.374316	112.543877	73.659579	74.112098
286.390305	112.723450	73.835850	73.732205
288.591555	110.624952	71.132533	75.540103
284.862791	108.514411	74.298066	73.731674
287.021016	109.939804	72.826593	74.089042
284.868378	111.030000	73.929342	73.547418
285.636486	109.339986	73.180752	74.526009
284.300417	108.104519	74.500494	73.653169
287.036314	108.279161	70.743446	71.766651
286.171850	107.114813	73.839755	73.437337
287.024317	108.904187	74.056360	73.901096
290.581684	115.731764	73.174126	74.913559
291.024748	119.369592	72.546931	73.051032
290.704219	120.355501	73.285982	74.621915
289.907092	121.563748	70.513571	74.476141
288.342041	117.938624	71.921291	74.354957
292.511304	116.054898	70.464605	74.273393
294.133660	120.367235	71.736715	75.038304
294.233865	119.120750	72.480177	74.151632
290.922881	119.029071	75.033566	74.258867
291.773525	115.011683	73.514368	75.386380
291.642009	113.301438	74.876400	73.675629
292.067780	113.512684	72.651013	74.051459
292.189336	115.167449	72.232660	73.910718
290.670863	117.858820	72.119234	73.500703
292.166968	117.470675	71.529192	74.910700
292.950307	115.420627	73.225649	76.221304
292.306497	119.279712	72.893809	73.379994
289.753611	124.225441	72.362802	74.474038
291.930594	125.961495	73.684957	75.267845
289.726292	132.814347	72.875040	73.588093
289.074619	134.916070	71.785203	73.821522
289.707039	140.922364	73.459751	72.636143
290.873819	145.911208	72.261751	72.543677
290.376742	149.284759	73.352037	72.121350
293.353363	148.940734	72.468731	73.943018
292.734227	148.738263	73.854797	73.707401
291.846975	151.418248	73.114452	73.075655
288.857778	153.223110	72.904825	72.797589
285.912354	153.930426	73.024531	73.997486
283.615370	157.622698	72.652446	73.376291
284.228840	160.507532	71.076742	72.168509
288.590616	158.342664	71.417694	73.627492
286.511149	161.219813	71.542473	72.620639
290.497859	163.465500	66.009720	71.695109
299.452309	163.466576	69.407981	70.126071
302.863098	157.664765	63.478893	75.600447
298.946409	161.903594	70.380557	71.750622
294.921622	167.652745	70.813021	64.419037
294.571681	169.063223	66.265423	68.971442
296.720637	165.949203	73.390701	72.419455
296.825072	165.868280	70.502302	74.654198
294.584118	165.450061	71.308798	72.185370
296.036753	166.226705	70.646919	73.183005
294.097837	164.868553	73.080332	72.771540
293.518259	165.223257	72.030972	73.302065
291.378394	165.645317	71.140364	74.652558
289.439589	167.325209	71.824355	72.430469
289.726960	165.270744	73.398756	73.180158
293.627868	166.725297	71.292699	72.407184
290.778348	167.296624	72.105647	72.803498
291.477711	172.935481	73.086934	72.279904
289.533251	174.918246	72.911572	71.882765
288.748808	176.495513	73.432616	73.089905
288.926982	178.034953	71.982830	74.086454
288.134197	180.580068	73.216964	72.565910
285.788764	182.392238	74.062387	71.578611
284.691712	182.888930	74.346566	72.656378
288.431210	182.796287	70.014146	75.019683
286.741526	184.714725	71.729822	72.665683
286.149921	187.225719	71.723998	71.718120
282.605341	188.809086	75.160866	71.719385
285.301014	189.075963	71.459442	71.981729
283.181546	187.945662	71.607099	73.863993
286.706830	191.511189	68.490856	72.456599
284.340929	192.061313	72.424002	70.347845
285.052655	190.018907	70.973475	74.211426
284.328419	190.483716	72.459697	74.428304
284.293625	190.305663	71.277595	73.215366
283.824942	190.757040	74.007245	73.368132
284.089291	189.220812	72.510375	73.847100
286.632807	188.548148	73.444046	73.464906
288.204205	191.227360	74.589113	72.909606
293.332797	189.551817	72.608542	71.565658
293.252589	189.437873	71.278373	74.095318
292.555468	188.816514	71.613269	74.083717
295.103813	190.519712	73.634988	73.742158
296.749765	190.002539	70.736589	74.412199
297.815433	190.356044	73.054865	73.964590
295.521439	190.072324	73.624737	73.727149
298.338389	189.586377	71.761190	75.927614
299.644335	191.520381	72.996641	73.659011
298.744867	193.596074	72.903213	74.396381
300.690462	196.942108	70.633016	73.052007
300.141927	195.549146	72.894723	75.141724
304.052749	195.239702	71.560486	73.578733
305.730417	194.346100	71.658973	75.194592
304.547451	194.444078	72.550308	73.743772
306.188498	190.752418	72.291805	74.508243
306.974390	192.955144	72.628398	73.492690
306.394691	191.224535	73.646826	72.973282
306.165173	188.206815	73.571668	74.087188
307.178695	190.284751	73.457580	74.291444
307.944483	189.773708	75.284195	75.407539
308.668493	187.738919	74.884833	76.050635
312.960272	187.991413	72.938435	75.085393
312.387855	184.319028	72.042840	75.404497
312.291516	181.077450	73.777423	73.136305
312.505664	179.157599	72.661052	74.444057
308.932917	177.520499	72.163541	73.605708
308.880183	174.499580	73.501347	72.449993
306.176785	169.688025	72.837448	74.262134
305.004202	166.144314	74.245023	72.009363
307.224263	165.382903	72.656253	73.704001
306.635236	165.042575	74.426877	74.001439
304.115925	163.512062	73.202073	74.634355
306.263855	161.815903	71.677858	74.841076
301.705268	159.045915	74.835626	74.317093
301.117039	156.769699	72.262636	73.288007
302.151452	156.522450	73.245618	72.582836
302.808978	152.766341	72.788198	73.383212
305.236245	153.929886	73.390303	72.741906
307.418076	153.785672	71.998133	74.433076
306.694750	151.070313	71.699970	73.697722
304.042152	150.660362	73.089602	74.472639
304.075859	150.519842	72.920726	73.436423
300.701160	149.757458	71.885315	73.685949
301.832405	150.118295	72.697373	73.751558
299.323059	148.272605	72.473599	73.585996
297.385095	147.974970	71.621372	73.001292
297.898072	148.725943	71.687444	72.635240
300.359858	145.513369	72.437933	74.599401
300.778362	147.164132	73.458641	73.290408
300.270832	148.918100	74.880074	74.481534
300.038166	149.248861	74.175567	73.692319
299.904195	148.289950	71.194260	73.337442
298.765337	148.517896	71.316842	74.552891
297.498517	148.320834	73.974151	73.704880
296.683996	149.497641	74.387686	72.567650
292.751221	146.309472	73.330698	73.529093
293.775057	148.040894	74.932388	75.632394
297.162506	146.702280	71.979058	73.592024
293.040959	143.492064	73.413243	74.063683
288.844445	143.938981	72.664076	74.405577
291.589510	143.887118	72.448307	72.024569
291.535471	143.096390	72.669179	72.813818
289.618944	145.272590	73.222233	72.893696
288.583021	146.512475	73.668294	72.679625
285.617313	147.695597	73.966808	73.651090
287.067007	149.864996	72.888245	73.296097
286.621938	149.530700	72.322893	73.933285
282.645323	153.757096	74.026279	71.783482
286.216495	149.674490	70.991700	73.944674
283.288446	149.840394	71.767949	72.842544
283.179967	145.756559	73.654471	73.282886
283.372442	146.071394	73.437470	75.889875
284.315688	143.148896	73.484430	75.137240
287.709962	140.781906	72.780936	72.853504
288.261839	139.789519	72.379562	71.530887
288.023579	138.583262	74.100307	72.139754
289.726104	138.435846	74.288072	70.677547
294.845423	136.899677	69.735943	72.424670
293.934253	138.569195	70.972841	71.469433
291.018935	132.301423	74.131890	72.540099
291.371876	136.829516	71.061744	70.749341
287.812260	137.209338	73.336644	68.602679
288.842895	138.403548	72.902817	71.529022
284.506329	150.111941	70.063367	69.212024
292.312937	129.841092	73.494803	73.138521
296.626588	127.523367	69.820395	76.075264
292.726876	126.676884	73.143285	74.166935
293.583829	126.833359	70.911743	74.156682
294.500858	124.314961	72.361047	75.998172
295.534855	125.193920	71.613654	75.608871
295.506308	127.107399	71.501162	73.217994
295.825826	125.754060	74.120146	73.612322
297.445836	127.689236	72.092155	72.911590
296.536454	126.770482	73.509798	74.147354
300.009502	123.552561	72.964628	76.711454
297.922344	125.681500	74.561789	75.358477
302.171871	124.012194	74.019802	73.696510
299.107501	122.988457	77.527245	73.318266
300.497397	123.675052	73.071916	72.420795
300.872130	125.101208	72.620815	72.919275
302.315661	125.872242	74.954908	72.716696
301.203193	126.204193	74.025238	75.201526
300.290554	124.535162	72.641417	74.098259
300.770928	127.420219	72.013227	74.925317
305.506484	131.102448	71.788654	73.186582
305.698711	134.172233	72.958352	73.806369
303.782205	135.152592	70.641411	73.641460
298.934581	136.469048	72.573275	73.218337
300.100341	137.770399	73.920512	72.162985
296.184019	136.882676	73.782745	72.912001
296.059967	136.418354	73.376485	72.489935
293.374500	137.116269	71.811232	74.551269
293.769968	138.286106	72.083267	74.701064
292.472670	138.835061	72.750882	75.062743
291.410338	139.706102	72.831352	73.176701
291.272009	139.146816	70.926992	73.082373
290.393359	140.510101	72.485380	74.627289
289.693668	138.728456	73.227115	73.535143
289.130930	138.492860	74.443525	74.810776
287.070514	141.846923	73.006490	74.351588
281.608017	140.116237	74.356570	74.262874
283.122570	134.486162	73.555027	72.811206
281.067528	126.157315	72.945107	74.253645
279.586265	117.396150	73.049373	72.181487
277.753032	114.107066	71.123579	73.825614
274.169919	113.710061	72.310649	72.934818
269.999038	117.784875	71.636461	73.267112
267.118189	118.788755	73.921981	74.309669
269.666282	122.787380	72.286842	74.036244
268.409377	126.118673	73.887960	73.544578
269.731094	126.439280	73.073180	71.990569
265.255658	126.293221	72.492495	75.774011
263.111833	129.465635	72.615492	74.701172
258.208103	129.387324	73.908561	76.094461
258.340513	132.693354	73.257139	75.494851
258.830784	135.655312	73.452971	74.150897
263.335497	133.155150	72.672684	74.168906
259.819774	133.921458	73.344321	75.015887
259.060958	133.569673	74.214231	76.286778
257.088224	134.805041	72.508423	74.205367
257.378816	132.173285	72.710793	75.109283
255.697252	131.560345	72.077512	73.694629
257.104201	134.313955	70.749751	73.003889
259.931492	133.384369	72.255933	75.365705
258.228421	131.676043	71.588705	72.169660
259.297672	131.240789	71.032088	74.619950
261.467614	133.797752	67.175278	69.275327
262.159661	134.089581	67.211650	74.179323
259.212382	133.462433	65.427030	74.126677
261.328785	135.698915	73.242011	72.144531
264.979611	136.660371	68.601097	72.131122
267.850539	131.895487	67.416479	75.467764
268.167087	137.584762	64.655669	70.708216
272.487195	129.538054	67.291535	81.146408
274.531394	129.413491	63.216547	79.467549
271.561456	133.221366	65.078387	79.406616
271.382406	132.547310	67.614413	76.536682
270.474123	135.988530	68.748066	75.152752
288.752183	149.414994	77.855077	76.092614
297.356721	163.855025	70.484195	77.136566
302.738616	160.989915	58.759441	81.330972
293.000000	155.000000	98.000000	94.000000
296.352693	154.397587	95.827646	93.937541
296.363905	154.828460	98.007457	92.849233
294.903429	148.867974	95.653933	96.634127
293.289495	150.916885	96.850673	93.947956
294.074779	152.083370	96.685760	93.105832
295.372136	151.100311	100.934908	93.358847
296.018832	152.416853	96.276799	93.139054
297.254788	151.560412	99.987071	93.407127
296.732681	151.868049	97.830536	94.277905
298.396868	153.124338	99.191581	93.053654
301.652090	154.485689	100.478926	93.066689
305.141095	156.855718	97.990981	92.938603
301.799556	157.354156	97.162621	93.323591
300.137067	160.470408	100.711928	93.355133
296.806615	159.526133	98.533562	94.499813
300.170862	159.464665	98.763369	97.565595
299.220909	164.694258	98.055711	93.562402
300.290797	162.602340	98.153949	95.535002
298.730969	163.340036	98.591555	92.474790
301.767066	163.689866	96.029388	94.597460
301.151170	165.790111	97.896919	91.139992
300.795738	163.528473	97.685097	93.528132
300.784701	162.385308	96.334343	93.671887
296.731479	163.518432	97.358188	97.113473
307.903438	166.079527	92.117688	96.236949
309.808131	168.644773	97.662773	90.886074
306.250017	164.301820	94.728388	92.910622
305.554870	162.196261	94.296537	95.738756
303.205496	159.979076	96.861608	94.928115
295.007762	157.295517	98.718178	89.833201
284.008067	146.676180	95.454088	93.780265
281.897769	145.335736	96.194623	89.012614
283.355132	143.981450	94.873364	87.597357
282.058739	144.602726	91.281582	88.492508
280.213352	139.827405	93.022548	93.669727
285.666672	142.757424	88.875377	89.367811
285.968092	142.111162	85.406977	90.963516
288.167331	140.822184	85.948879	98.720162
284.361791	145.993449	97.715587	88.743388
285.791883	145.427494	96.014180	90.982378
283.302202	143.860349	96.819840	94.907367
281.138285	143.234637	98.030053	93.352779
283.673991	143.867773	94.893542	92.121069
282.786836	137.268859	95.292713	92.085264
280.357998	137.319215	98.628846	91.558559
281.732820	133.905850	98.806872	93.725083
281.754164	133.487296	93.388048	89.326725
285.928620	129.192437	91.142161	94.629683
282.445485	127.149157	97.662534	92.861808
283.987425	123.950644	95.736872	88.066612
288.252490	123.756269	89.265820	90.700104
289.055108	120.220405	92.858088	90.039865
288.223213	126.371384	92.460374	83.870530
292.954247	117.390132	89.256000	93.901282
290.768910	117.670984	92.866596	87.463234
291.445094	120.796353	93.797749	85.425519
288.525394	117.711777	95.769986	90.676907
281.016840	118.931711	106.474273	83.946002
283.927268	112.436154	97.466466	94.250173
282.982482	114.014095	98.100058	92.137631
282.826318	112.017098	97.680348	92.351896
279.387350	111.622348	100.117157	94.243548
283.973904	108.196071	97.605009	93.629177
282.305978	105.753243	96.197950	95.839144
278.084226	103.975611	96.746817	92.379483
276.320053	99.497127	98.439904	93.327833
279.537157	93.654044	95.851909	93.725272
277.185342	90.010714	98.206171	95.177241
275.675599	93.378621	98.472748	92.727912
276.627257	89.926192	97.664027	93.560773
277.904745	91.084273	94.946475	93.414685
278.560601	89.072336	96.284374	91.568085
280.952887	86.581672	96.496089	95.132418
280.107070	90.867946	97.635751	91.964615
283.710253	91.557721	97.261226	92.886496
283.642510	85.890881	98.953308	95.484834
282.389616	87.812057	97.346716	93.186535
274.118341	88.088342	101.916336	93.355396
279.483270	90.161814	96.822917	92.884218
283.578326	85.530495	99.553122	94.004277
281.596742	86.505098	99.222027	92.343233
284.492033	84.564264	96.231136	91.194570
286.835340	82.288858	96.256057	94.610819
288.340168	82.408022	98.919750	94.043071
286.918996	83.776896	99.546973	91.730899
288.003202	82.678237	97.763770	94.488188
287.100173	85.369235	99.229302	91.659448
288.414640	83.728960	100.374646	91.992996
292.034339	81.961880	96.499057	96.289936
289.634627	84.754883	97.735612	91.775464
288.754142	84.942931	99.128247	92.552983
291.105586	79.963894	95.165954	95.284253
291.454055	81.628790	98.902872	91.478762
292.939130	79.821528	99.749646	94.807800
294.236776	80.858024	99.058213	95.482054
290.762573	84.053367	98.491651	93.053870
290.383959	82.465036	96.852965	95.707546
291.922680	84.008249	97.062799	93.928463
290.528562	83.992869	97.907318	94.684187
292.785276	82.189402	95.823584	94.409154
295.252154	80.433402	96.695153	92.659404
294.681776	79.577475	97.500568	93.679838
294.017698	79.167520	99.084580	94.416082
293.770159	77.210379	97.186489	94.343224
296.302747	78.675524	97.663255	96.204400
297.306787	76.548048	97.899055	93.872349
295.219762	72.410936	96.609857	93.360280
296.929904	72.874965	94.312057	95.813326
295.206915	72.957200	98.678385	93.539593
295.624952	75.380900	96.948701	92.068250
292.732880	73.098117	97.825604	92.789026
294.008087	71.035530	98.430368	94.529753
295.706657	74.149361	96.005128	93.670057
295.445627	77.078506	97.371999	93.382270
295.819515	74.665500	96.008332	93.849566
292.809776	73.465937	100.618102	96.210304
292.175857	73.640984	97.751822	92.838219
294.250768	70.823404	96.572797	95.254089
295.039613	68.495391	96.655994	95.557368
296.215157	66.418076	98.336226	95.119306
298.170161	67.541108	95.223772	95.361702
295.701661	70.678454	95.738723	93.991545
296.756532	67.250124	98.077050	93.414456
297.993875	66.815809	97.146864	93.026147
300.668770	68.854708	96.500166	93.689059
299.933024	67.243020	95.520396	97.503391
303.712284	67.872016	95.253490	93.865239
304.038602	64.201690	97.262125	95.186194
303.308933	69.223887	94.191331	97.704731
301.241887	68.097222	97.334115	94.963232
297.130952	73.255927	96.314526	94.565905
298.817327	72.611000	97.033072	95.437284
297.971121	74.329538	99.905943	93.304270
299.707141	74.243579	93.915817	90.826556
303.416481	68.718620	94.621733	95.324997
301.054750	66.331293	96.980889	93.928385
303.587714	65.777860	97.163577	93.058717
301.407421	69.600082	96.674557	94.694273
300.613695	69.420061	96.905589	96.182590
299.170340	68.839324	98.711028	93.589632
299.701108	67.100612	99.879458	91.533230
303.403262	64.632482	95.991985	93.293508
300.637727	65.802271	97.468996	93.916788
300.096749	65.248014	96.185220	95.824988
303.010866	59.732110	97.189520	96.847627
299.204435	63.678716	99.776039	92.519845
300.720273	61.995990	94.663194	94.554366
296.013752	60.928080	98.611702	91.666251
298.063785	56.451240	96.707639	95.993269
299.444512	52.867325	98.501395	93.803152
300.760853	57.755099	94.422848	92.363821
297.607689	57.081030	98.422842	93.293482
300.403712	56.909399	93.988022	91.948865
295.786504	57.185263	98.941070	92.450091
295.614481	57.705124	97.603760	89.981046
294.148938	53.248611	96.795629	93.051359
293.034857	54.218663	96.659053	91.718347
291.107819	51.822745	95.411064	91.773779
293.264464	54.708359	94.388900	88.827210
290.127844	57.463027	94.615085	88.423911
288.876915	54.462383	94.085660	93.289247
287.202632	54.425565	93.929825	92.879515
282.578840	56.564148	92.500980	91.977651
278.868926	58.721248	99.074264	89.246017
279.385334	57.040249	93.689859	95.005074
276.521847	61.299757	94.751851	91.319460
280.123387	62.392105	88.690863	91.970475
274.035388	64.578480	96.940282	89.636296
278.817588	60.854542	90.172443	94.349348
271.194877	64.871799	98.738229	89.180875
277.317524	60.931048	91.609674	99.152920
269.032873	63.399762	101.153559	95.548683
270.337641	68.928875	97.416217	91.277134
272.115605	67.949496	95.071552	90.646869
270.307195	68.146707	93.869263	90.033485
273.255348	66.547994	87.197132	99.232035
269.760914	72.885526	90.491528	88.484158
272.324572	70.987293	91.451636	88.732922
271.032137	69.712564	93.402280	96.369596
266.998492	69.949111	94.203723	93.036790
266.865286	72.221714	94.039248	92.163669
270.791973	76.122901	89.867352	91.339761
272.398578	76.360096	91.894015	86.951168
270.380381	79.099350	93.266360	89.247543
265.796880	79.822885	95.467868	85.616692
262.750038	73.258194	97.987925	96.076701
267.315859	79.587705	91.839185	89.508568
272.688882	73.790898	89.428059	90.423410
273.243588	76.263847	98.067487	92.586060
262.097712	77.052205	93.699959	92.173188
264.088607	77.468900	90.970982	90.923434
263.984283	79.047252	89.623724	91.801516
261.588691	79.784205	93.682380	93.564026
269.841466	84.809431	94.112900	92.018676
281.055072	93.172512	92.844352	93.320550
287.840146	103.620548	97.273939	92.774644
293.417269	106.930838	92.876351	96.833535
293.058259	118.519577	96.400855	91.871671
293.418425	122.148673	95.853963	91.580984
293.909308	121.507910	93.782736	92.207787
292.607980	122.401187	95.938994	91.369957
289.006348	121.568892	97.328461	92.401566
290.618730	121.899854	93.138923	92.519944
287.520440	120.145821	98.103044	93.678689
285.992052	120.748099	97.285585	93.175601
285.046582	123.954647	95.194039	93.393353
283.057662	124.212978	98.791554	92.588248
284.922907	119.732863	99.077938	94.731479
283.915356	121.252086	97.467370	93.154048
284.063940	121.723545	97.179545	92.930542
282.680587	119.980461	95.529534	94.524556
279.714346	114.550861	96.062187	94.128634
280.127006	116.513671	98.317080	91.763916
281.609856	116.377981	97.354639	91.623351
280.240241	120.472855	98.621730	90.174031
279.456216	121.119819	98.076334	93.814956
278.068167	118.634328	98.851658	94.669775
282.122322	124.633802	94.651036	93.597370
282.288104	124.124015	95.799324	92.957905
284.058271	122.999811	94.734445	95.247311
284.414939	123.042007	94.923724	92.858645
282.139214	123.048385	97.034866	92.420715
280.060801	124.839563	95.593209	92.396268
278.236175	123.233986	96.353658	90.372861
273.866744	119.861347	99.725167	93.626135
271.804865	118.742300	96.952144	93.570045
275.205751	112.855067	97.710846	93.065752
273.642881	113.934966	98.349380	92.932938
271.835506	114.383697	96.899715	92.644726
272.085128	111.302387	97.192938	94.160144
270.599805	109.463412	97.180657	94.979195
269.670728	108.013975	97.729031	95.572996
269.297764	108.362411	96.327186	92.587949
267.285985	105.176712	97.452639	93.715990
264.932630	100.450289	96.584986	93.530318
263.778292	99.479851	97.479282	94.292493
262.335400	99.784778	97.818702	93.905864
263.924803	98.491539	96.801004	93.530790
263.569578	97.260625	96.402911	92.493257
265.223024	95.441836	96.909564	94.619243
263.809545	95.315455	96.660406	93.813411
265.255980	91.203914	97.922792	93.157863
263.136224	89.744351	97.886403	93.261647
264.485436	88.699424	96.292878	93.551369
267.412587	88.662102	97.571917	94.433702
266.510516	89.633718	98.495295	94.173049
269.169576	91.744249	95.924702	94.371961
269.638975	90.217803	98.222467	94.632618
268.070020	89.349758	97.906631	94.669003
265.800986	86.594321	98.037032	93.350544
268.720367	87.441404	97.677279	93.568605
268.795177	87.317496	99.351835	94.773344
269.352423	87.076563	97.841015	94.892065
270.764134	88.360352	97.449037	93.482897
273.097203	88.942599	97.070084	95.326532
270.195231	87.803346	98.379847	94.470439
266.919682	82.548225	99.473128	94.918724
269.299743	82.661242	97.292446	93.360391
266.742697	82.907312	100.017557	95.646482
267.169978	84.380165	97.558365	92.007938
266.362652	78.097891	100.234136	96.121296
265.460808	77.812916	98.988017	93.456732
266.893244	81.570360	99.249471	93.348918
272.496768	78.697770	96.482385	93.580094
270.209891	80.740722	97.295017	92.157272
269.738359	80.015050	95.858001	95.537429
269.441439	81.715955	99.707850	92.509189
269.552357	76.532698	95.827220	94.046414
266.271057	73.627875	96.290453	93.474580
269.680699	73.042562	97.049669	92.123769
270.023062	75.401095	98.020567	91.567400
267.169723	74.417494	96.637339	93.878269
270.438284	70.007011	96.002462	97.154029
271.080070	73.358409	98.321721	93.786575
267.124028	73.792915	98.693822	92.745814
269.902328	69.915259	97.813390	91.776253
269.025835	67.133511	96.303397	98.613598
268.525751	67.155261	99.935717	95.528176
265.295190	65.019627	97.046457	92.622051
272.088102	66.460745	93.122004	93.139656
266.907313	63.191437	95.341454	92.961850
263.997450	62.551556	94.308922	91.296831
258.605376	62.379277	96.768526	90.965440
261.565019	61.046639	97.400224	91.646350
260.845223	61.148470	97.022310	94.317953
258.634907	64.279056	97.625477	92.899838
261.577017	61.245624	97.782499	92.181786
262.448913	58.730202	96.362369	96.182748
262.677099	61.814192	97.763685	93.568837
261.264853	63.660435	96.404818	91.126955
261.944598	61.757642	96.023524	93.103379
261.545156	66.930690	96.641313	93.630935
261.918931	72.734964	96.256667	93.032960
265.999957	75.404971	95.054127	92.114740
267.149191	74.188056	95.515074	93.930320
269.747863	75.217121	98.129628	92.884986
277.255423	77.623943	96.740862	93.737049
277.274134	78.926648	97.949552	94.809295
281.266083	81.544134	97.430370	94.035763
280.618708	83.116763	97.737071	93.738254
277.966685	83.312474	97.956527	92.982691
278.133875	83.979370	99.266640	93.775831
278.673258	83.443706	98.454418	95.042914
281.576316	85.667873	98.068371	94.737012
277.917098	88.768334	98.552945	93.117698
275.947488	89.683948	98.977860	94.869609
273.993470	89.506686	99.850885	92.929327
275.234271	86.718114	97.896760	93.433041
276.500436	87.258446	97.240528	93.532895
276.627090	86.572308	98.140789	93.005300
274.296202	85.364307	98.090420	94.149917
274.014448	89.640166	96.581529	93.881868
273.984755	89.963940	96.972508	94.041946
273.344402	91.048191	97.133832	93.699571
272.548883	89.761239	97.399138	93.551198
271.400567	91.579948	97.524396	93.229691
267.627932	92.206522	97.601766	94.283544
266.894269	90.895744	99.828090	93.637775
269.511147	89.215982	98.011885	93.524725
267.897998	88.937879	98.203340	92.452067
269.105335	86.813604	97.429475	93.207053
269.619095	84.868466	97.010899	94.707006
270.779737	85.252327	96.318431	94.381793
268.794563	85.608194	96.262885	93.362694
274.326431	85.564379	96.137679	92.185203
276.324067	86.073259	95.576204	92.021089
272.479723	85.290383	96.841183	95.413310
271.194960	84.960136	97.829386	92.145412
272.868722	86.469785	94.446656	89.756990
278.958460	90.704529	96.141018	90.291042
274.166862	87.831274	98.558144	90.114091
276.104600	89.017485	94.906813	93.531427
274.335713	88.233185	99.568704	91.155159
273.178530	89.086054	94.439514	93.560188
274.158915	89.681270	93.711036	93.460499
274.106629	89.697490	96.107579	94.444209
275.709817	88.754305	95.376663	93.072499
271.031167	90.283861	98.373292	91.607649
271.631991	91.867377	97.473879	93.066423
274.134900	92.788443	95.196991	93.682260
275.702312	92.104841	98.455241	92.440177
272.226617	96.472010	100.829496	91.753364
270.212012	96.713276	98.881140	90.560088
266.183001	95.802551	96.749731	92.603653
267.168119	94.532983	96.054093	95.973219
266.396290	96.599393	96.329542	93.117949
264.729976	98.964780	98.228280	92.684117
267.695253	98.531516	100.336108	93.566506
272.087291	95.779761	96.184605	92.846063
274.013336	97.157226	96.037979	93.980368
271.802145	97.588828	98.233287	91.108935
271.786261	98.055956	96.954832	93.853776
271.382221	96.496734	98.269971	93.848440
272.583326	98.295818	95.934394	94.394497
273.499326	99.156106	98.123471	91.854403
271.889104	97.840893	99.417327	91.956321
274.969976	100.487262	98.483495	90.914068
273.662177	98.896049	95.188566	94.807454
271.631150	101.137623	97.102343	92.274819
271.680390	95.352686	94.020249	92.345029
271.484290	96.626167	96.890868	93.109912
272.235060	98.923932	97.442265	93.960711
273.772245	98.759355	97.483285	92.732825
272.800555	96.809361	96.529688	92.261759
270.862265	98.892020	97.352334	94.009031
270.326421	99.844977	97.006079	93.840588
270.848118	102.860465	98.195877	92.861476
273.079491	100.935056	97.533692	92.907073
276.069793	99.815436	96.315744	95.026873
273.651247	99.683342	96.636633	93.513967
276.067531	103.095570	95.829561	93.164592
274.378350	106.918240	97.074917	89.797478
271.807819	102.074900	96.879884	91.572348
277.372041	99.769128	98.412368	93.199230
282.728929	103.631618	95.476608	92.265076
277.791116	98.998271	97.337568	91.335661
279.725639	98.277563	98.088877	92.397542
282.994777	100.574504	96.380306	94.541288
282.554746	103.697346	96.876479	92.413748
279.445343	100.843010	98.723034	94.927384
278.587483	103.808988	96.757032	93.044344
281.151885	99.901772	96.154490	92.797052
278.157702	98.500473	94.615292	94.179141
278.483306	100.305618	96.756801	95.562309
280.341033	98.447624	90.924491	96.526437
278.853666	99.176700	97.809709	94.336409
282.834902	97.729893	96.130544	95.888212
282.210630	99.385842	96.935801	94.199167
281.374475	100.130569	94.274889	95.781485
284.305091	98.203285	98.911951	95.663485
287.655551	102.298222	91.508995	87.838645
281.778272	98.994887	96.581903	93.014464
282.874661	102.276700	100.491279	91.743960
287.015719	104.729025	95.272913	88.419882
285.320068	102.083624	95.352853	94.524196
284.864247	102.091312	95.035691	91.714669
282.206492	104.305726	95.502830	92.489646
280.341425	104.538383	97.384715	90.544494
279.846944	106.690893	96.271329	87.707432
279.686377	106.752656	98.727758	94.839785
279.463840	108.338252	98.544210	94.403353
279.654775	109.329535	96.367010	92.072225
283.965460	112.863040	96.349585	92.937009
282.775016	113.574649	94.822438	93.520893
283.380305	116.591220	93.506000	91.477389
284.678492	118.114729	96.365248	93.293409
282.796824	121.432925	97.217477	92.763087
283.661876	122.627291	94.407835	94.360218
284.251212	124.608261	96.939464	94.504081
285.100658	121.064939	98.646118	94.350735
285.186620	121.879446	98.480881	96.166677
288.544358	124.334035	97.040354	93.715983
284.392049	124.198449	97.652824	93.385231
283.675080	122.542913	96.939430	92.990420
282.999038	121.731378	98.520961	95.143904
282.821704	124.081288	96.580464	93.784819
279.599109	120.493421	99.006637	93.111444
280.537781	120.898259	98.897869	93.653238
279.864052	124.784085	98.457506	92.893899
280.654367	127.244173	97.066763	94.012370
279.392430	128.008638	98.028956	91.660800
278.496419	132.181855	96.780146	92.121723
276.858064	136.374577	97.262279	92.113316
277.152918	139.623305	98.464579	93.455419
276.730445	140.296782	97.565087	92.942773
279.812306	141.247668	99.130790	93.416607
279.623277	142.045661	97.910092	93.164387
280.559740	142.801856	98.964289	94.338642
279.803174	140.170412	97.817089	94.026483
277.620035	140.996865	99.006898	94.553676
278.896193	140.055018	97.114251	95.425103
280.237095	141.282407	98.395770	95.451221
280.935315	140.634753	98.584093	94.298707
282.042456	138.493199	99.296471	94.828236
286.202509	139.684990	96.999565	94.005045
285.754069	137.985791	97.008437	93.563258
283.558621	136.806373	98.394197	93.459833
284.509737	133.859792	97.790278	94.064640
281.270183	134.964033	97.390624	93.738411
287.729701	133.738500	95.798711	91.998026
288.245595	127.170000	98.160724	94.060989
286.423828	124.458313	96.635565	93.337521
288.239117	123.805082	96.238449	94.233739
288.049433	121.584012	99.996832	91.806891
289.876867	119.200689	95.863477	94.920909
287.780336	112.889375	98.839936	94.021432
288.025400	108.018821	96.667280	93.732032
283.116826	103.176518	98.029431	95.592020
278.535143	105.823427	98.666848	94.991317
276.321693	102.480667	98.216432	94.014596
275.943023	100.346269	96.592003	92.056931
271.287600	98.851183	98.543365	93.552030
268.800164	100.582556	98.114443	93.965168
267.116613	103.031198	99.163851	93.757294
266.575314	102.243142	100.191074	94.132034
263.391605	99.743570	97.431297	94.594352
261.280511	101.542587	96.844916	94.656340
262.178317	104.036272	99.610993	94.581983
265.254596	105.338334	97.406425	95.080974
266.915656	104.987785	98.976875	93.244329
267.177613	105.984052	96.230299	92.494909
265.563851	107.052152	94.784054	95.638237
264.547874	105.113324	94.191261	91.482599
263.193343	102.564017	98.114681	93.839128
264.805469	102.892743	98.714422	94.338572
259.381399	106.249789	97.891247	93.079614
256.029597	107.803574	97.391977	93.112062
257.986777	102.921247	96.723870	92.639504
260.620972	104.263966	98.286754	94.000690
265.169912	104.166917	97.634696	93.510204
268.590849	105.456246	98.349235	93.873294
268.815792	104.157869	98.471826	91.445209
269.110502	99.458761	97.821523	93.830911
265.013035	99.948208	98.739047	91.791237
261.213298	99.627187	99.606672	93.614439
265.108925	102.631034	96.681152	93.178260
267.449827	100.544633	98.255448	96.131741
268.350286	100.320407	98.045093	91.602684
267.293089	95.011625	97.515020	98.228471
266.954709	98.894097	98.360661	92.963653
266.196720	98.408765	97.188348	94.993356
264.724052	99.750498	99.122002	93.310886
265.959755	103.875846	95.993361	93.452782
263.864308	104.753974	96.181052	92.494045
264.986676	100.686413	97.106115	95.460914
265.284079	100.485979	97.870940	92.880274
268.384667	103.074909	98.951181	95.138182
271.236950	100.624344	96.928727	94.352287
270.638633	100.437747	97.649740	92.635083
268.915115	97.775949	97.681861	95.094071
269.952208	98.392544	97.492704	93.615082
265.899414	98.531904	98.230348	91.022871
267.017394	97.311411	97.791129	94.929461
268.726538	99.815391	96.362392	94.329095
265.540302	103.041396	96.966114	92.840615
264.572103	101.426631	99.198244	93.258289
266.312741	102.009351	98.631191	93.606400
266.136940	105.127079	96.201635	93.768093
261.847172	105.464098	98.670639	92.766789
264.341517	108.156220	96.776863	91.179871
264.867066	106.685829	98.184214	93.879545
266.097898	107.647553	96.634271	93.178958
263.971623	109.596592	99.622578	94.860130
265.996087	110.738341	96.662605	93.385885
269.470380	112.134316	97.240682	96.464360
266.544614	112.675774	96.359032	93.145047
267.861304	111.663409	95.730430	93.411636
268.149847	110.475554	96.785303	96.385446
266.374832	111.096192	100.149692	93.232005
270.089871	114.415398	97.144458	93.725115
269.643223	111.762219	97.990796	92.935046
269.388613	113.065550	97.479514	93.989381
272.616062	111.383499	95.210660	94.509199
280.831008	107.990510	95.738099	92.715073
285.434173	107.709045	94.333912	88.391802
281.069810	107.974989	98.436747	94.223229
274.501197	111.304849	98.292244	93.170393
276.126631	108.281913	96.981535	95.065860
275.626861	106.558129	97.492372	92.887520
274.802235	107.008519	97.769312	95.858226
276.380920	108.203678	100.617248	93.310225
280.311263	105.840328	95.684219	94.661022
280.362459	108.272264	97.196816	92.042619
281.077395	105.704459	99.117551	94.815211
280.606571	107.152590	97.503395	93.814332
277.919577	109.126561	98.477552	92.169347
282.425009	106.877045	96.529654	94.286590
281.570303	106.890706	97.454031	91.838924
282.978287	108.966843	99.200787	92.095939
287.284601	109.983480	98.851774	92.774906
294.127331	109.950612	94.933663	94.801295
289.778666	110.202220	98.030151	94.948945
286.974939	113.951049	99.814850	90.613541
289.888635	116.448429	96.846827	94.197554
292.525641	115.600667	95.068247	92.985073
296.017034	113.947945	96.477185	93.620309
302.193007	109.800140	96.702672	93.035114
301.495655	110.746995	97.116106	93.168728
300.840934	109.505069	96.512392	93.507338
300.276082	107.915566	98.799423	94.436733
297.996949	110.532474	96.799317	92.501353
297.575142	109.008836	98.004260	93.578067
294.085210	108.534996	98.205960	94.973520
290.494875	105.128772	96.736596	93.794968
290.907170	101.221129	99.195128	92.465989
293.984316	101.719082	100.653293	93.006783
292.558501	101.382640	99.687485	93.104983
289.349208	98.707768	96.410355	96.450053
286.504967	100.776061	95.254870	94.237877
283.151306	99.236361	97.329179	93.088491
284.471535	96.227397	96.804982	93.635738
283.384865	93.700217	98.075496	94.191649
280.360658	91.978093	97.773966	95.115044
280.856889	91.331739	96.803306	94.548882
275.688746	91.881877	98.682137	94.846089
271.737217	95.836003	98.106927	92.019405
271.622396	96.104222	96.500468	92.210826
267.876179	96.161397	96.525970	93.378723
268.930492	96.231341	96.221407	91.996206
262.810924	93.870471	97.884252	96.811747
261.791034	101.556178	98.463373	91.954956
264.406850	100.840924	96.652750	94.156269
267.442815	100.327455	96.464987	93.407815
268.965468	101.590336	97.573725	94.107982
268.676044	100.390557	97.390143	92.907104
268.772955	102.799791	97.728227	93.261867
269.700358	104.055976	98.671925	94.444095
268.865560	105.838158	96.968796	92.395058
269.762095	100.453308	96.855077	92.081273
266.083045	103.669013	93.864751	92.660970
275.197335	107.405630	97.347308	93.684987
280.476969	107.477288	97.185642	91.253540
281.842917	106.693203	94.875658	94.708572
277.990152	108.603233	96.159099	93.208862
276.275206	111.032365	98.052662	91.888285
276.170149	110.873233	97.401562	95.412073
278.872676	112.203317	97.420963	95.919925
283.323192	112.092078	96.792952	95.345585
285.691643	113.897439	98.495266	95.236430
283.941444	114.908860	98.875259	92.942763
283.230440	115.627040	100.372240	94.503503
285.835792	114.903671	96.422447	95.483267
284.442366	115.002174	96.654524	92.875228
282.953416	110.669866	98.357309	93.846319
286.275232	114.222980	97.374640	94.017516
284.961593	112.173858	98.924433	94.094654
283.692069	115.497766	97.460361	93.388940
282.025536	111.941776	97.387230	95.287229
282.858616	111.486980	97.995159	92.588833
279.217485	114.268104	99.250118	92.167486
282.494649	116.677998	96.695455	94.003994
285.759917	113.258985	99.384912	93.817357
280.537866	113.264651	98.254070	93.113309
278.573525	116.753834	97.455992	92.592837
282.528515	118.000786	95.249859	92.740687
281.362569	116.541728	98.142058	91.773029
280.158079	112.531216	97.651287	94.081910
281.206574	112.700829	97.283324	93.358610
275.882777	115.100520	98.419132	91.611797
275.487337	111.558332	98.189864	94.702825
274.183048	118.072312	98.877148	93.277741
275.695880	112.984360	96.371245	93.418043
280.425178	110.968958	96.835444	93.585450
281.548829	111.509305	96.987995	92.600733
282.240479	110.859354	99.159886	94.976527
279.416486	117.046188	100.055608	92.744693
276.605172	115.180804	96.254146	92.849249
281.148791	112.999937	96.773409	95.144167
282.115519	115.495826	96.562015	92.752371
281.274174	117.257952	96.002782	96.124229
277.532505	119.609310	96.761450	90.341260
281.049106	116.127158	97.424993	95.417554
279.844049	118.253552	98.304750	93.061823
282.971672	116.993713	95.038767	93.949317
280.102069	118.849026	98.607699	94.190606
280.664756	115.973314	99.250433	93.043012
280.185632	116.576637	96.927591	95.640163
284.553403	118.803763	97.431441	92.400488
283.806296	114.451970	96.916329	94.762552
282.894326	115.537845	98.360247	94.927276
280.911521	119.181958	97.071558	92.998613
281.013999	117.312774	95.728544	94.483022
280.201654	116.047906	98.570037	94.135379
282.827301	116.485201	95.491084	92.158247
280.069148	113.787318	96.492805	94.283671
279.230339	115.051352	104.023070	92.192817
285.246325	118.471776	97.332049	91.068582
282.267515	117.314604	97.186325	95.063241
279.645965	114.608426	98.167075	93.250124
280.573330	116.047876	96.661151	91.973166
282.988984	115.360219	97.322946	94.774546
281.027736	114.655572	96.141208	94.622562
281.245756	119.548146	97.619457	94.569252
277.196256	120.036760	97.219387	92.108811
280.490907	125.269757	94.942219	90.195739
278.582255	125.273911	98.044396	92.907199
274.230575	124.828580	93.806287	90.639933
270.879352	122.778777	97.385069	90.498192
270.208052	127.539497	94.626787	90.730036
266.587188	124.777239	98.536056	89.917057
273.548113	136.561287	96.237501	88.599652
279.410971	138.105131	94.030971	93.152098
271.459259	135.077828	100.829472	89.818239
270.369411	129.691026	93.467506	93.730233
270.790617	135.430966	97.243932	88.878901
264.920889	130.245091	103.242598	92.311173
265.545641	128.173415	99.907378	91.408671
272.599058	131.266429	98.095681	93.288474
270.839045	128.352351	100.338311	94.936955
267.716416	128.897286	96.563618	95.090321
267.055925	130.518002	97.856526	92.034635
263.957637	130.751524	98.263499	92.304603
267.282987	132.774949	97.439275	94.683752
266.517984	134.639283	96.883111	88.859546
260.267373	125.799935	97.590130	96.570659
259.883862	129.868995	100.375122	92.223800
261.426074	124.687948	100.807319	95.334947
260.827713	127.667316	98.198232	95.733661
260.061424	131.367663	98.435486	91.943456
259.697698	126.734201	96.607447	94.796451
257.087713	124.966944	102.136596	92.792339
255.654373	123.242247	98.540782	91.601155
256.112094	123.205783	95.964717	93.308906
259.987983	122.632032	94.531464	93.089152
254.318845	120.983530	97.421502	93.352964
263.161557	138.574215	95.847985	91.692722
274.830756	152.079991	96.623532	89.464764
277.986371	153.530022	96.204561	88.316190
277.200436	143.261232	99.620659	94.512661
279.650920	144.107490	97.535961	93.694635
276.086217	142.867860	96.659806	93.074899
279.727677	144.942066	92.880524	90.342710
277.933262	138.487923	96.129381	95.777366
274.738694	141.259122	101.051234	96.225838
274.970962	141.084157	98.602209	95.393466
277.572277	140.169058	98.962921	93.199491
279.234761	142.252631	98.417189	92.802525
276.687090	137.141556	96.873705	96.940992
273.239441	135.747687	101.407180	94.788474
276.917074	139.079423	94.333088	92.024310
273.853145	136.229557	97.513698	93.425595
276.339629	131.074391	96.685515	94.760269
272.836408	130.886809	97.830467	95.124774
272.125006	128.641381	96.395731	96.125018
269.643527	127.169021	96.655927	95.201599
265.022047	125.393422	99.951015	93.997174
265.564406	119.044215	97.333288	96.809492
265.442195	121.808953	98.308458	98.185059
267.173857	117.688640	97.888455	96.610218
269.015954	119.215802	93.402474	99.720009
263.615285	117.541995	97.605716	96.112103
259.934199	114.636654	102.311029	89.386491
262.870592	112.688410	99.584348	95.314690
266.174357	117.383416	97.536024	92.457579
267.451900	119.644617	99.148855	92.412236
267.111256	118.320108	98.231773	96.369296
265.977280	123.082761	96.658173	91.045421
266.233570	121.014829	100.063869	96.021362
270.969693	126.111715	96.349874	94.538085
270.180215	126.465162	100.138189	96.106364
272.061161	130.939548	96.505895	94.868156
275.818736	132.145396	100.380449	92.460998
279.642097	134.382894	95.563632	95.077490
278.486822	139.701266	98.490260	92.410733
280.729384	137.727013	96.678094	93.797514
281.449044	138.200179	98.987180	92.353683
281.934754	138.576504	97.487065	92.900149
281.096022	134.323124	99.094946	96.231031
282.108397	130.894378	102.892176	95.219973
282.481556	128.186308	99.956544	95.343037
286.865584	124.264571	100.213650	94.602343
290.953380	128.136457	95.039933	94.130619
293.017956	120.598321	95.040192	95.507265
292.347737	123.068359	96.244179	93.215720
293.261792	121.272052	100.173223	97.380278
294.097186	120.326909	98.890273	92.955091
293.846918	123.258706	96.455832	93.160591
292.387882	119.551923	98.745339	95.604554
295.547713	122.830152	95.061973	92.915198
293.906778	124.481982	96.216962	92.789744
297.152915	118.200249	92.194602	95.018291
294.856078	118.935508	96.177590	91.817470
295.921391	122.125746	94.678647	92.860005
297.364666	123.473273	94.167878	94.033725
298.501343	122.498625	92.771895	92.412553
301.558193	123.659048	93.524774	90.172179
301.675882	118.493821	94.489035	95.199535
301.760716	121.497671	89.374004	97.051033
299.362990	123.099504	100.339397	86.878276
282.039396	107.478734	95.544523	90.079109
292.177916	127.059056	93.064509	101.414694
295.331376	132.197546	97.000109	87.088289
296.883785	131.583827	98.693032	92.068406
298.794601	131.045057	93.025439	90.107780
293.343778	128.890781	95.948734	89.193146
294.364501	126.833564	96.365594	92.479156
287.911895	129.573767	97.383649	90.890783
286.052912	125.698549	95.861086	93.187461
284.795944	128.932533	98.050097	91.985689
287.614370	130.292282	95.582111	92.340772
288.308639	134.170540	98.249010	93.716800
287.987954	134.378432	96.030913	93.473880
289.132909	133.922733	99.562081	96.022970
292.536391	134.469970	95.747043	94.095540
294.545104	137.994033	95.507747	92.515676
292.058515	136.756194	98.273056	93.615289
291.594155	136.618379	98.197965	92.692502
292.644714	137.790907	97.869416	93.435254
292.718916	137.102079	98.799675	92.452245
293.970342	138.158990	97.595827	91.620812
290.021623	133.176306	98.147745	97.412187
293.736701	136.344894	97.645499	93.512972
293.283470	136.354648	96.997533	94.306678
291.919477	137.207671	99.426887	94.079408
294.728159	136.320951	96.426300	94.084565
296.053858	136.544721	96.767073	92.601809
297.561707	137.228801	97.446945	93.956551
296.763962	138.830162	97.761666	94.142573
298.225089	141.896410	98.226827	94.865442
296.205500	141.336039	99.556527	91.509842
296.508401	141.896112	97.618010	94.081541
294.672325	142.655541	97.180988	94.019834
294.730919	142.620053	97.103503	93.625334
294.416630	145.737417	96.820477	93.789274
293.494765	143.458787	97.666686	93.251016
296.268061	144.401542	97.048163	95.558776
291.470180	142.341778	98.580260	92.975952
289.057205	146.302514	98.091662	91.987436
290.256343	148.508806	95.661399	92.812665
286.743066	148.494126	98.320174	93.369285
290.789581	152.686784	94.806188	92.282846
290.028495	150.091875	93.872453	95.527391
290.366662	151.508553	94.600269	91.360414
287.897797	152.037952	99.201818	91.560681
290.227431	153.448831	96.944201	90.647224
287.761035	156.942390	98.331117	93.444016
290.584084	153.008065	94.987874	94.004050
288.498089	154.811388	99.049325	95.457221
283.998565	153.407013	100.016130	97.266368
284.098042	153.220520	98.860160	94.155838
282.957048	150.021488	94.883375	95.547271
281.354937	152.816536	94.207960	91.409918
281.408657	143.010796	98.817199	100.411825
279.669805	146.916428	98.667722	90.685869
281.228656	141.905426	100.595813	97.277050
282.570717	142.625753	95.386676	90.113677
278.698455	144.678382	97.845375	90.981925
280.285793	140.636710	97.501176	92.673204
279.645658	138.137861	98.373306	94.143272
280.036984	138.765313	99.217208	92.939088
281.682858	137.688472	96.629866	92.494300
280.933709	131.578114	96.038709	93.965865
274.559678	136.956238	97.625717	94.132979
275.388121	133.896524	96.917367	94.983921
277.412586	128.836942	96.747219	94.806685
275.636256	126.727703	98.755641	92.998541
275.926832	126.967314	96.479840	92.226774
276.304212	122.250897	96.459809	95.942937
272.902512	122.068869	99.059894	93.884302
271.667389	126.894798	94.247128	93.386781
271.279106	122.096472	97.153775	95.831985
273.949708	124.328835	95.009123	94.411868
270.680016	127.406924	96.512530	90.796368
267.695967	124.577721	97.350939	94.962989
267.502267	128.277448	99.064562	91.412867
269.371291	124.110498	96.670796	94.059661
272.646106	124.507826	95.117952	90.883661
269.908896	123.575314	95.700837	88.586578
271.866456	121.254555	96.101929	90.388197
271.933786	110.710389	94.166348	93.250356
262.962136	113.817873	97.104571	91.735079
261.448406	115.824876	97.943249	91.584131
264.899138	110.812229	94.906823	93.665826
261.337696	111.663972	99.392637	91.976599
265.318675	110.099859	96.938029	92.949080
267.292205	110.424961	95.483883	91.623827
264.773976	108.505321	95.687495	93.270853
264.003748	108.076399	98.512149	94.943733
264.878444	111.995707	97.644506	92.063426
272.890011	117.337962	94.837157	92.271435
278.041209	122.602662	93.027910	92.182723
270.755960	125.686876	99.002534	91.856430
271.894902	123.736542	98.309001	93.390594
277.071885	121.405605	98.541720	94.659166
275.024664	124.584465	98.473500	94.863929
277.021206	124.974374	97.747075	94.696111
275.613827	121.340044	96.188899	93.881450
274.045728	126.190024	98.684385	94.077184
276.882018	122.756498	96.073332	92.501720
274.747957	122.727803	99.978555	94.914639
276.650326	123.797937	97.548774	92.437786
276.903398	123.209139	96.082267	94.597671
280.382460	122.258723	97.300745	94.037694
278.356167	123.808860	98.287114	93.582455
279.034704	126.649021	98.364955	91.383462
280.181278	127.870989	98.838741	96.036709
285.806384	131.558834	96.428686	96.422591
283.688884	137.647498	98.469508	91.938911
284.510066	137.023559	96.647790	93.288005
282.030716	132.870159	98.155948	93.419442
281.019083	133.796283	97.654060	93.702027
281.828041	132.930339	96.702320	91.806456
280.965628	131.339134	100.883685	93.396503
280.136774	130.960884	99.324871	92.329871
275.349953	126.443089	96.347787	95.170823
276.263998	125.136686	99.970601	93.278765
277.250937	122.339523	98.159081	95.708522
277.690167	123.445595	97.102583	92.590237
275.881555	121.349193	95.778140	95.794016
271.596981	126.826232	96.502717	93.440193
271.942337	124.486631	97.634525	94.725207
273.446383	121.838394	95.867580	95.656862
271.215660	117.862504	97.649281	95.010713
265.562317	121.022162	100.743664	95.134321
261.942036	120.022925	99.897939	98.018529
259.468327	107.201500	96.109008	106.456228
250.484453	111.254483	103.957959	103.869734
247.057908	113.567184	96.903787	97.732531
237.006190	117.872822	101.640912	97.827281
235.680722	114.174258	99.059329	94.297183
232.784598	108.395920	99.444961	93.944382
229.032106	107.733062	101.044288	94.893794
228.771255	102.419527	100.690472	95.312513
225.730576	96.488430	98.087590	97.562193
227.200178	94.971565	96.402381	91.809094
226.631293	82.208511	100.118458	98.090949
228.006242	80.909305	99.364851	95.767988
229.407592	78.301630	99.967643	95.597160
234.540946	71.792641	97.583513	96.009740
237.164212	70.697759	97.208063	95.542834
237.330591	69.858383	99.473625	95.213051
238.205169	67.586019	97.750634	96.106582
241.882524	66.026321	98.559904	96.891480
239.969816	70.537444	100.499729	92.941000
244.806091	80.074797	95.927586	93.715641
243.754105	85.917865	98.814443	96.007977
250.686746	95.273850	98.324571	94.573574
252.215948	98.129924	97.653585	93.926474
251.836408	102.629269	99.318908	93.762873
257.939999	101.164885	97.468671	92.581739
258.737611	95.202590	98.535767	96.433247
255.540739	97.085656	98.635756	95.065174
254.672681	90.598370	100.452184	95.710662
255.099162	86.240371	100.138673	95.614510
261.952217	83.125906	98.585694	91.972595
266.086386	78.112921	96.604960	93.357133
268.399713	75.397227	98.308988	94.262375
274.971792	64.690266	99.320376	96.204251
280.809329	57.337431	96.493195	96.402914
283.327072	52.458173	95.658230	98.009132
287.657659	54.451873	98.068060	95.001739
286.664350	56.928610	101.075293	93.445734
292.065653	55.229068	99.310181	93.162338
297.189913	52.504576	97.178935	91.885118
296.129561	52.500802	100.720461	97.231775
297.692979	54.717465	100.177059	95.862429
298.018533	52.998306	101.123813	97.226294
299.975033	53.078550	99.139054	96.689539
300.360526	52.728070	99.310545	97.304761
298.212439	55.759499	99.337234	95.283256
296.780063	49.918191	101.440672	98.300510
300.642320	46.924511	98.214791	100.758426
302.743777	48.903615	99.881192	97.340661
295.792331	42.340801	102.011526	100.790281
301.010223	41.941487	98.442430	97.820284
294.356252	42.093926	108.246411	95.393778
