225.000000	135.000000	61.000000	71.000000
225.015176	135.228481	61.210110	71.657343
226.193283	136.484786	60.924201	71.502276
229.625858	136.836275	59.925018	70.561249
231.420244	136.395616	61.416146	71.618898
228.101465	136.883517	62.180706	69.693109
218.912634	130.333811	58.301393	70.268748
214.853275	125.592562	59.968283	71.275895
213.134709	123.027006	61.764957	69.285657
210.000000	112.000000	58.000000	73.000000
206.770162	107.190434	58.415898	73.531478
204.879711	105.383328	58.084552	69.976852
203.420355	99.333527	58.097020	74.939458
202.010783	95.961731	57.891390	73.891296
199.225614	90.484227	56.716609	72.126599
199.798300	89.154960	54.102966	72.661573
195.674639	87.801606	56.491935	68.019989
197.550156	86.672369	58.811534	71.700318
198.259506	86.776918	56.190908	71.074256
198.886065	83.884427	56.981967	69.488677
197.385685	84.810251	56.986077	72.323523
196.805718	82.751383	55.413815	75.396802
196.944090	86.036107	56.471318	71.972428
195.517419	89.989566	59.762057	72.331631
197.981980	93.247693	56.667383	72.967386
199.733067	99.065404	59.577434	73.921369
201.425077	104.132852	58.589539	73.888556
203.046487	106.392438	58.502353	74.606693
204.802878	109.052709	59.294815	73.122461
206.354841	114.217932	58.096104	68.724781
206.623326	106.992749	58.909864	73.693440
208.886097	104.989751	59.578984	70.695107
208.246768	95.250696	59.104802	72.883378
211.726564	92.543081	57.636939	70.714641
211.891797	83.379486	58.065376	74.007679
213.681064	76.169755	56.321570	72.498791
213.312325	73.709276	58.496640	70.010951
216.120275	68.986865	58.553900	71.053136
217.080550	69.420435	55.738410	68.570982
218.746272	68.408804	59.860254	72.598283
221.521069	68.711849	57.909522	73.766120
221.077011	70.980819	56.884942	73.005409
223.057249	74.418883	57.908276	71.819887
224.313281	78.599009	56.832722	73.339642
221.758762	83.580885	57.832460	73.514890
221.816338	89.769256	58.287628	72.342101
221.808664	93.373603	62.759274	73.778368
225.128447	101.892239	57.648823	71.848938
225.417356	105.278549	58.347253	73.936386
225.943313	114.447012	57.910990	72.279339
227.975425	122.541695	57.457746	73.309567
227.223600	126.292716	59.997640	72.902170
227.856028	123.886650	60.459299	70.148358
229.341884	116.900123	61.264116	77.318145
233.709999	114.948252	59.434384	75.123878
236.219060	109.358154	57.658475	69.571156
238.582697	99.196125	57.377327	71.941907
238.850273	91.914541	60.685021	70.523946
243.410250	85.383778	57.309086	71.614276
239.766130	80.120722	60.184893	67.497481
242.783202	77.131086	59.427310	69.247086
244.294683	81.415485	57.616443	67.321179
241.000000	93.000000	57.000000	65.000000
241.383552	96.573653	56.795760	63.779559
242.945980	101.977151	57.369484	64.447156
244.436428	102.611665	56.617583	64.572648
243.031291	99.695674	57.162204	64.563737
243.585013	102.080792	56.191988	64.331856
243.943885	100.372458	57.424300	65.222065
244.959456	101.311140	56.498129	65.381593
246.459734	103.768917	56.950839	65.429511
248.572622	103.680787	56.385827	64.807395
247.470887	109.079825	57.105233	64.176496
246.447721	112.540647	57.927356	65.790905
246.903049	113.862675	60.416064	67.470709
245.342509	111.455150	59.665768	65.899514
246.533911	108.641870	58.427348	65.590825
246.268136	107.915188	57.363445	66.873987
246.661274	104.458408	57.754802	66.322572
250.969710	99.068144	56.911819	64.196061
250.696152	88.382865	58.332759	64.725880
253.026637	74.935984	57.546379	66.317228
254.935904	68.213563	57.340644	64.528029
255.663804	65.691145	55.597477	63.869960
253.817997	62.632952	59.726836	65.905841
257.297872	63.032011	57.143389	64.515877
259.184995	61.788219	55.979714	63.505492
259.094626	62.401638	56.898905	65.603327
257.913715	62.098147	57.273803	65.358326
260.851970	63.482126	57.131112	65.111770
260.854790	64.333476	57.172270	65.339913
262.216297	70.068435	55.968428	64.445393
261.370478	73.593413	56.705882	64.466400
260.644556	77.645189	57.092629	64.039135
259.500361	78.432175	56.721421	65.450067
258.657755	82.787839	57.545785	65.597886
255.919447	92.815394	57.750387	64.414752
254.638302	100.231719	58.064240	63.633082
250.701592	104.953776	58.566506	63.606466
242.268230	98.082926	62.148286	70.105537
234.442840	90.620390	56.329790	62.192470
230.735163	88.782834	62.216174	65.360638
237.525520	89.790259	58.869677	63.408724
236.000000	74.000000	64.000000	82.000000
239.280880	65.947921	62.893308	79.916137
240.793431	56.152918	62.960813	84.405292
242.834929	54.488377	62.857463	81.584097
244.616866	55.105454	64.626622	82.832645
247.744977	55.757642	67.724897	79.626563
251.144558	72.035004	62.027048	75.644291
252.805546	75.506874	67.571793	81.892842
256.311925	83.649395	66.652639	81.777651
253.783347	86.449222	68.831538	80.975896
254.000000	89.000000	67.000000	60.000000
253.673601	92.274437	67.083506	59.493319
252.787748	92.223286	68.606701	58.952951
251.361600	91.405731	67.229362	60.707047
250.015748	92.677238	67.220565	59.328142
249.579706	94.052522	65.464777	59.088954
244.904246	96.842935	67.238243	59.437838
242.145857	94.199544	65.507420	64.098604
240.823011	95.715756	65.572638	65.427335
235.542577	93.873199	68.860330	68.968842
238.687034	100.275338	68.180886	62.606790
241.440159	102.885947	65.260115	57.852702
240.296489	96.003574	69.092447	61.735040
246.852507	82.132795	66.586667	63.003394
252.718756	77.276765	63.464145	61.697096
253.788007	77.375827	66.453114	58.450521
258.564593	77.529713	64.194998	60.241708
260.096418	77.490819	66.386457	60.111036
261.581508	83.469034	69.044612	60.923471
266.034493	85.511152	65.321526	58.339869
265.003214	92.342774	65.278655	58.611097
265.004369	97.994684	68.026528	59.275689
262.574816	101.839707	71.481372	58.532199
267.005893	104.553494	67.213778	56.485379
268.499677	105.038455	65.736450	55.991909
264.196239	104.494752	66.514230	58.192312
262.926410	109.320360	70.202678	58.485729
261.009965	111.755072	65.838137	58.853065
258.742228	110.737963	63.635724	59.339442
258.350394	111.948088	65.114336	60.225774
251.661678	106.119614	67.268503	60.887638
244.522432	107.412851	65.924561	59.067936
238.010244	113.639621	67.519379	60.402554
239.953133	118.577079	65.784886	62.485166
240.434071	118.222841	65.335795	57.899160
237.126049	105.402454	66.969581	60.285514
236.078840	96.406466	67.762485	58.682382
238.941395	88.780355	66.318521	60.441600
242.499463	82.532080	66.680830	60.296184
245.110770	76.362633	67.829454	62.317083
248.666171	75.239314	68.220709	59.183277
254.016437	75.362581	68.001784	59.024440
256.005998	82.126984	66.668448	58.595183
257.884095	85.774157	70.318583	59.706314
257.769244	95.422148	69.027593	57.120030
255.477350	98.714363	68.125009	59.219057
253.789099	106.659766	66.242553	59.241037
250.890468	108.845849	70.069839	59.294874
251.067257	109.629266	67.898366	58.449285
246.884735	104.957528	65.065042	59.789079
244.397892	101.478103	67.461640	60.364201
240.283807	101.286080	68.283298	59.028784
235.445840	103.681534	68.435433	60.054418
234.209957	103.642929	67.188005	60.076856
231.402157	100.930435	67.072928	61.049064
226.570142	99.793597	68.200787	60.918213
223.608418	106.096298	69.202889	58.639761
224.185192	113.746206	67.498300	58.558091
223.010579	108.540457	68.346190	60.532129
223.499806	105.606557	67.294472	58.963698
225.557942	95.893543	67.631889	60.296584
229.107156	88.331300	66.265316	59.723173
232.877361	79.839623	67.760553	58.914852
236.229898	74.342380	67.473993	60.141079
237.966229	76.215119	67.743172	59.419597
239.500416	77.924020	67.376606	59.784974
243.835753	75.645045	67.731428	60.204929
242.330053	78.309623	68.804234	60.656323
246.255638	86.089393	65.629596	59.798505
246.042236	92.158515	69.020540	60.072086
247.192708	97.645207	67.393921	58.965846
245.592735	100.359290	67.030501	60.783635
243.530776	103.450931	66.115676	61.238767
242.457266	104.913626	66.481430	59.816053
239.478720	106.457297	66.419353	59.557815
237.407446	108.728748	66.265706	59.679984
234.184146	108.286828	66.657168	58.274829
231.898770	109.308973	67.608520	60.667702
230.724030	110.966973	65.637988	60.174313
224.960967	110.385454	67.392956	59.264487
222.192037	111.542635	67.505450	60.598505
219.563614	108.145338	66.957521	60.461808
219.986848	104.550090	66.860167	59.414097
220.385714	99.092733	66.621357	59.400333
218.258405	95.318059	67.068779	59.256461
217.402853	88.445014	66.631510	60.788339
217.422501	79.104364	67.606248	60.178559
219.515638	69.561549	65.845788	58.438651
217.528083	63.175566	66.399500	59.706962
215.408083	62.923318	66.899053	60.198307
215.702874	61.432052	66.783392	59.915342
215.266955	60.569845	64.920183	61.375181
214.584430	63.341997	67.944031	61.207776
214.961856	69.005292	66.310835	60.673353
215.306052	71.217953	66.676647	60.047700
214.232658	71.713183	66.971504	60.405755
215.039601	72.505790	66.952637	60.744486
212.741410	77.112810	66.850407	60.730935
214.663289	84.196673	66.900326	59.993064
213.229160	91.512156	68.655948	60.055426
214.533272	96.972500	66.387525	60.470251
216.600324	104.253646	67.794424	59.767317
217.078564	111.055213	65.272387	58.094345
218.495067	112.466261	67.361713	59.837121
220.529636	115.982416	68.267972	60.544397
220.629010	117.688422	66.687811	60.274001
221.013089	117.926184	67.159165	58.421622
224.269026	110.939996	69.024774	60.173013
229.320402	102.114043	66.805586	60.403331
231.704246	92.838112	63.964816	60.490796
226.525006	89.460829	68.975241	60.671641
229.646069	82.475769	66.862843	59.802282
230.115849	77.388232	68.370023	59.002823
233.523470	69.544596	64.619500	60.470352
234.601705	60.876858	67.406866	60.324837
238.150995	54.283464	65.917588	61.062989
240.519090	49.313935	68.854685	58.877094
241.334539	46.440910	70.005395	59.287132
242.847719	46.415152	68.125008	58.890415
244.082593	42.819301	68.134206	60.061409
243.613719	46.458361	68.436538	60.298404
242.921016	49.754194	66.993441	58.918093
245.486540	44.517383	68.327509	59.299784
249.119556	35.259841	69.445069	61.321665
251.502731	40.386458	65.422553	60.945311
250.640095	53.230361	67.239709	60.411699
247.845098	72.212092	66.884202	60.258240
252.317932	77.187854	70.265957	61.648970
256.198540	69.360116	68.355399	60.537872
252.017630	61.841443	68.965876	58.105465
248.274063	62.946365	70.109952	59.111321
243.019273	55.679220	70.745247	58.052771
243.233388	61.269177	66.699314	58.320173
238.332136	44.973612	65.029194	60.766808
236.941074	57.669306	61.813369	59.121633
225.606121	39.933814	65.464028	59.438332
216.598979	32.135314	67.549791	59.008738
212.752381	35.448017	67.175334	60.557208
205.951396	41.073697	68.184862	58.586474
203.204420	47.601684	67.389737	57.769289
202.171913	49.330516	67.497850	58.858888
200.987545	52.035560	67.338448	59.825630
194.621177	52.094053	68.120220	60.890939
193.871289	57.041592	67.448689	59.393093
188.357040	60.203198	66.365164	60.232236
181.966295	65.180140	68.700152	60.064298
180.234661	67.108785	65.195267	59.301279
176.608396	68.385342	66.534717	59.828109
175.322949	73.380110	65.983606	59.337495
169.956000	78.121880	66.781809	59.484984
169.241641	77.863246	65.984862	58.133308
169.182140	74.136338	66.800814	57.934021
164.293183	77.354257	69.678850	59.888943
172.521858	86.420842	66.803860	60.585013
177.950237	86.740108	69.893793	58.222592
183.244254	87.978938	70.255045	57.020575
185.072187	90.268293	66.697150	59.043170
183.780344	92.347176	68.810017	59.179752
185.376758	53.897644	67.997012	63.482915
188.957822	33.747800	66.798175	62.209534
195.192720	32.976158	65.659519	59.936773
198.620317	37.244146	65.742689	58.947589
202.203199	34.925218	68.205606	59.665948
207.161989	35.560557	67.990681	60.325564
213.654803	37.777026	66.707831	59.792916
217.090960	35.659440	66.868920	59.328190
222.632962	30.772129	65.389541	61.237384
225.388134	32.291351	67.573074	60.754607
229.545155	35.787339	66.789892	61.000241
230.245925	37.649000	67.979897	61.084707
233.594104	42.690222	68.065604	59.707037
239.419068	50.160503	65.790823	59.094900
238.927062	58.406450	67.273381	59.022295
243.401167	70.831852	67.635013	58.997828
246.972985	74.926253	67.736726	59.884097
245.888539	80.303698	66.302250	61.000540
236.800605	81.912557	67.206980	60.251772
227.224412	77.869114	66.465225	60.250412
216.923898	72.293828	68.608308	59.836037
209.991634	61.971032	66.196849	59.716519
207.151078	46.690066	67.208946	59.043462
202.289360	29.568571	66.129879	61.275053
196.367398	23.444777	65.985757	59.828963
191.082335	22.806505	66.296050	60.395591
183.012733	27.381358	66.876370	59.972863
179.160366	35.745189	66.661232	59.463175
176.635396	36.486378	66.573261	59.856042
175.700673	38.709973	67.405149	59.231364
175.162684	45.290377	67.904692	60.474028
171.488202	52.595176	67.567342	59.203562
168.975442	57.020841	67.665083	59.078001
165.460367	57.977647	68.445442	60.133686
166.815353	54.965482	66.855275	61.785856
165.561973	56.360789	65.424966	61.405383
161.216541	61.911910	67.420817	59.453379
158.575759	70.183439	67.560850	59.188117
154.637121	76.897158	67.036238	61.490649
153.145962	85.198268	65.689994	61.202234
153.005202	91.067822	66.767223	60.044552
153.629521	92.901105	66.325904	59.334659
153.097977	94.269137	66.272028	59.155199
155.114262	89.608788	66.674318	60.012307
159.476780	83.689142	65.893822	59.511203
161.809242	77.291283	67.838081	60.272899
164.694874	67.029848	66.221206	60.218438
165.494825	56.254573	66.018270	59.430771
169.151431	43.933518	67.930278	60.526624
171.686042	35.782565	67.430888	59.402850
175.457834	31.328532	66.501961	59.140000
176.685961	31.477230	67.308546	59.792380
181.769602	29.297120	65.712605	60.415223
185.107457	31.824535	67.141154	59.023692
187.094844	35.321091	66.530411	59.970435
189.196619	35.137388	65.351998	60.263234
187.813099	36.175120	67.537727	60.455800
190.976748	42.420155	67.621402	60.038945
193.281431	45.269480	66.921981	59.438884
193.014729	46.342881	66.771744	60.136916
192.437377	48.699638	66.547103	59.753862
193.128664	51.273542	67.327514	60.833880
192.362533	54.383890	67.665219	60.270201
193.380437	62.688703	67.002270	60.239165
195.501737	74.321709	66.187117	59.379772
196.848311	80.447419	66.160738	60.174970
196.481311	81.711765	66.492243	59.757510
194.522645	79.349100	67.407913	60.140995
193.564250	69.300021	66.335335	59.358608
192.494219	60.021487	67.084605	59.730629
193.388007	54.481892	66.806951	59.596178
193.815613	51.748934	67.623570	60.717727
193.943968	52.337748	67.960691	58.959992
193.135575	49.200559	67.044109	61.827468
193.591888	46.298439	65.034771	58.967713
190.930276	55.512873	67.054925	57.960845
188.910572	56.241233	66.451640	61.022650
186.164990	50.138503	68.000573	61.162863
186.348198	51.425813	67.333634	60.002343
185.962503	49.647609	66.129457	59.811962
183.608867	47.007959	65.589543	60.871266
180.583538	45.599334	66.756353	59.615004
179.460099	46.177880	65.902165	59.815851
178.931648	46.771864	68.339503	59.333187
170.840228	56.916761	66.141954	56.436187
162.986418	75.546843	66.880026	58.649058
163.308393	80.130259	69.775696	60.350451
157.982299	86.010577	69.627245	61.043822
161.252247	85.753448	64.523556	55.854528
155.895010	93.452278	66.135589	53.638779
151.366067	97.768319	64.776078	56.634833
148.000000	104.000000	69.000000	69.000000
145.137886	106.188690	67.904840	69.440032
140.927949	107.846829	67.291758	70.606137
