298.000000	149.000000	67.000000	122.000000
298.101860	147.946258	67.608554	120.225053
299.527556	146.655769	67.077963	122.909617
294.177567	148.102743	67.779876	122.826316
293.523640	143.447404	66.701924	121.763340
296.607223	144.586023	66.920379	119.919397
296.664400	141.618125	65.733407	124.164575
294.747280	143.108862	67.773066	118.444897
293.242312	144.560368	65.502192	118.764404
289.691327	144.002484	66.597768	128.829576
285.949462	149.362855	68.063390	116.241322
285.556940	150.640315	56.557714	113.442388
280.805266	145.399646	64.916049	120.450748
281.026568	143.669428	58.282383	104.827899
276.069314	141.899736	73.302613	106.814591
274.250864	140.183078	67.820268	118.709387
310.000000	139.000000	66.000000	119.000000
307.240758	137.914000	67.128724	121.152446
310.462153	134.565768	65.002779	118.653337
309.213851	138.118537	65.925996	117.362364
312.857220	135.117540	64.088961	116.293173
311.499115	140.201064	66.893979	115.589040
311.894433	142.349601	64.363914	116.978734
311.779740	137.280427	66.083556	121.467991
306.683672	139.686299	71.602772	113.971994
312.172488	137.500241	65.320671	113.202887
312.220744	131.680771	67.506032	119.199322
310.318542	131.184605	63.805625	112.551252
311.846236	132.086826	65.961547	120.341038
311.144271	127.328319	66.300633	118.300543
312.276153	126.317345	65.043795	120.484030
311.493862	126.110347	63.500230	118.279345
313.195949	118.682731	62.890589	118.506378
313.616297	122.381340	64.294498	119.360527
313.600372	118.396249	62.039607	117.942105
315.241842	126.268822	66.048365	114.544831
310.469025	126.753006	66.732607	115.503518
311.217530	124.971264	65.708200	115.339843
311.573017	126.611621	67.042023	120.312500
315.951609	123.680185	61.940711	114.743267
313.947010	127.484169	62.927155	110.570224
318.104545	126.299055	67.054396	115.860600
318.090820	124.568247	64.682703	114.896873
317.508313	124.227515	69.683238	116.975807
321.247319	128.336102	65.656351	111.286642
322.633141	126.386393	64.715832	117.170454
322.645362	121.665898	66.177914	121.304149
323.034963	124.393703	66.420528	120.673339
323.640337	125.738122	63.683645	110.274417
324.120221	122.747541	64.908693	117.800295
324.995623	128.186421	66.304943	115.290574
324.869966	128.282215	65.729717	114.817753
328.074240	128.804886	58.620883	109.824271
327.386655	126.225247	64.935747	109.903406
327.907740	125.490261	62.961224	116.444222
327.638076	126.295656	60.837393	113.037648
331.326093	129.991979	65.957645	111.278793
330.295848	127.587437	69.951830	115.668232
332.648410	121.422442	64.970847	117.451347
334.612288	123.624765	65.874583	118.183357
337.402943	127.475925	64.978463	119.012963
339.138337	127.129228	64.498203	121.045101
341.445316	122.424429	66.656150	119.088863
340.841204	119.776037	65.748827	116.492823
342.223232	123.582353	65.356524	117.317288
344.710671	126.962423	65.340031	114.809500
344.924274	124.737379	68.050094	115.879381
349.345021	122.058436	64.937088	114.817884
349.847923	128.341245	62.629056	107.859940
351.412220	126.860763	65.141233	115.914312
355.470417	125.179461	66.320122	118.749288
355.272932	126.757631	64.778190	116.539419
356.674710	129.635219	64.988474	112.953517
359.194986	127.783023	65.958320	118.682780
360.699793	128.477616	62.856790	116.755857
362.639583	126.321361	66.783290	120.000100
363.481456	131.476473	64.901334	117.254973
363.064406	128.426481	66.208438	115.774603
366.335422	126.172102	65.214279	120.924931
365.250386	129.911057	67.556439	117.552904
368.246829	129.939985	65.220289	119.831440
368.120684	125.961435	66.221816	117.450452
368.657447	126.938298	68.395449	116.790372
375.417393	133.562093	67.898871	112.737360
375.340455	132.002367	65.945233	110.278775
375.455135	133.636895	65.442647	114.361729
379.856798	128.215172	59.765660	119.207234
376.279840	130.456558	67.135665	116.759033
381.383008	130.475137	61.144089	109.866764
382.915616	130.353844	65.584009	111.161223
385.294854	129.779800	62.897099	112.560066
383.414901	127.505408	65.236912	119.463482
386.104989	127.839045	67.979002	115.548351
386.290812	129.641281	66.668814	119.473503
387.389012	131.341130	65.821585	114.642455
390.299723	129.818892	62.758335	120.090874
391.710267	125.629090	61.172937	100.805832
396.353519	127.132611	51.504428	122.743666
393.639807	126.370820	63.080203	111.135887
395.459238	128.600869	60.788618	110.165393
393.995223	124.885452	61.316902	108.082954
398.253126	123.234066	62.027143	118.271345
396.344213	121.447388	66.158489	117.897699
394.635700	118.901336	65.909483	120.158019
395.369669	119.747754	66.449360	117.183901
393.486494	122.463696	65.943794	114.740938
392.851292	121.751276	66.193751	121.630192
395.708261	121.316422	64.374485	117.023669
393.787797	117.992296	64.583593	120.157845
393.043547	114.969775	63.205941	121.346981
390.537033	119.555685	67.544200	119.982373
389.025475	121.611100	65.491394	120.721777
387.520457	122.062313	66.141178	114.860522
387.849420	119.916799	66.640020	118.279277
387.630433	120.522271	64.543537	118.240477
385.122292	112.794655	64.194980	120.058754
384.316452	117.894856	66.281940	119.354452
385.341618	113.967204	63.183004	119.876668
382.943747	114.906342	66.795250	118.266520
383.246544	117.806912	66.533520	113.593124
384.248168	115.750234	66.815603	119.681104
381.633402	111.933426	66.396601	119.900774
382.770395	116.901614	66.641673	120.251299
381.877180	114.383696	66.184100	122.654006
379.898219	114.445475	67.898730	119.399781
379.308691	113.679527	64.136005	120.611739
378.455516	112.807179	65.130680	120.594241
378.897666	112.522140	65.591648	119.281199
376.253184	112.480935	65.079107	119.357417
376.114539	110.543241	66.250114	118.406235
373.946038	113.212865	67.690848	116.631271
372.304681	112.225457	66.667188	118.291506
373.655073	113.973972	66.391803	119.979177
373.548397	115.612071	65.847065	119.487119
371.992554	111.671684	65.085145	121.454401
371.025132	110.819044	66.419010	122.077932
371.701594	110.242256	65.885957	116.338443
369.938829	111.743456	67.944376	117.339667
373.299568	112.502392	65.582862	118.145248
375.371288	108.908331	66.112669	120.521866
372.842832	112.345102	66.302508	121.104696
374.914313	114.597480	65.793840	121.439783
375.137850	112.365243	62.751985	120.726387
374.675430	113.920303	66.550678	119.084094
373.591768	116.514132	66.170526	118.577932
376.933787	118.115915	64.823276	122.282921
378.221658	113.512865	66.276162	119.709082
376.209819	108.404066	64.770779	121.083234
378.382051	113.821762	65.818780	120.436978
378.676337	119.399387	65.638550	122.442571
377.131131	117.699012	66.533630	118.078267
379.112659	121.013736	67.067808	121.743588
380.662372	118.227349	65.646446	120.707177
380.632439	118.927508	68.677206	120.655897
381.749164	119.071531	66.007541	119.109253
375.161974	120.848071	66.541736	118.970932
378.211024	120.439546	65.339410	118.841627
375.725198	121.456540	66.780973	118.524671
374.107765	123.888214	67.258437	119.176587
371.700742	128.290801	66.114156	120.449409
370.536651	124.890141	64.656249	121.403654
370.664089	129.040433	64.233606	118.002863
367.480257	129.266266	65.006307	115.132777
363.203124	128.582860	66.534683	116.567932
364.112574	130.736753	65.149005	121.061945
361.281951	131.903795	66.779616	121.079953
361.882165	135.525861	66.695608	117.727199
359.600285	132.094521	65.901344	119.076307
359.642958	128.594287	64.449841	117.962248
357.657115	131.796223	66.958637	119.391453
358.393655	130.199645	65.376050	121.256147
355.822102	129.533704	65.071653	122.087670
355.606513	129.311061	65.668819	118.082288
355.310551	127.526169	66.342170	117.912256
353.421168	130.543249	65.380931	119.380299
354.896977	131.280923	65.827716	118.066345
354.735009	128.733173	66.331923	119.861615
352.450574	131.711444	67.056713	117.731585
353.552535	131.128987	67.263902	119.703363
348.264566	123.973801	65.888226	119.676802
350.434572	128.912046	65.200884	120.461611
347.397731	132.782881	68.345170	118.111953
349.955460	129.848420	64.263509	119.099883
349.461767	128.079045	65.851067	119.346606
340.009367	128.448730	66.757583	115.529632
341.388085	131.320537	63.810883	118.309529
339.100137	131.890467	65.820505	118.273669
337.899841	133.641696	66.605604	117.151490
334.760649	130.389152	66.825369	118.374312
331.057300	129.699450	67.104182	119.780328
326.659075	129.864917	66.659926	120.282053
324.679930	128.267370	66.667638	123.608957
323.841940	126.739733	65.872170	116.219153
320.647103	126.920547	63.707053	115.968784
319.481900	127.803119	66.058932	116.637269
319.212981	126.489000	64.845890	118.672531
317.492753	121.490731	64.545404	117.739639
318.451712	128.812404	66.590490	111.712542
318.313548	124.766123	67.635401	119.150008
316.957043	121.563080	66.566609	119.553863
315.604232	123.990513	65.504480	119.669379
312.876183	123.347554	68.193914	115.736333
314.611995	123.444908	63.490661	118.282861
308.829697	135.419773	67.314957	119.404931
311.829393	127.873483	69.325436	117.110958
312.326296	124.298883	64.157873	117.061888
311.800670	122.183621	66.267648	118.009686
313.736370	124.451038	63.938731	115.437872
314.198128	123.132168	66.816195	119.686824
317.324811	121.429751	64.313806	120.519072
316.699222	122.899966	64.581573	121.936727
318.776889	118.316746	69.709769	125.993954
319.323332	125.663754	64.888665	113.605533
320.605741	125.045338	65.868750	118.196775
323.251123	121.975662	64.476076	119.272742
326.803592	118.966210	65.601102	121.435533
330.299264	119.692557	64.355811	122.075416
333.440374	121.629611	66.458627	117.655096
337.343312	119.244119	64.706064	118.465366
339.393097	122.109449	64.974435	117.180418
342.786028	118.835208	66.687364	117.507230
346.342317	119.581197	68.455507	119.873830
348.618916	123.507448	68.998564	117.729544
349.459477	120.142028	67.310305	121.725560
352.121393	122.220956	67.342551	112.905797
355.394679	123.004276	67.306451	119.125048
358.106581	116.064595	67.569650	115.687359
350.002649	120.023686	65.972986	118.413711
352.206584	121.666471	67.312247	117.683931
360.671026	116.900853	65.838650	119.864960
361.876165	117.728038	67.389221	115.815714
363.431552	114.029018	66.838017	119.216521
357.570189	113.017616	66.167378	119.370066
363.703455	113.243256	66.835027	118.405438
366.229194	107.842445	66.450551	116.149700
367.789233	109.656238	64.592203	114.731388
367.214035	104.159307	64.681711	120.323616
364.899104	107.729433	67.767810	114.659762
368.548035	109.685315	63.017133	112.047537
368.504716	109.795634	64.731508	116.014718
370.569153	106.563386	66.528908	120.050260
371.054436	107.011091	64.244050	116.629390
372.641322	108.426685	63.931375	120.344287
371.218266	111.095581	68.176983	114.266457
374.622659	108.274706	63.994719	117.680610
377.228809	110.429189	65.857174	119.563614
377.151175	109.328375	62.673670	119.425449
376.740034	113.318768	64.638821	114.068205
377.264126	112.783976	62.353310	121.449232
375.221072	112.091633	64.688922	119.257444
376.199433	117.104789	64.750855	121.823993
367.663977	121.051183	63.375445	114.835929
332.856515	142.833083	65.609003	114.412714
313.816435	139.643054	63.009140	116.779056
310.327440	135.009484	64.768904	120.882258
323.265521	117.026419	64.635073	117.454093
367.434314	111.599030	67.964429	125.441528
386.566634	114.150979	66.810169	131.560631
383.553997	120.977697	66.508898	120.027921
372.893696	118.696506	66.857919	115.824858
369.248372	111.190134	66.730587	117.323005
369.060684	109.237910	69.138813	116.949511
372.148876	110.117688	65.227146	119.262337
376.375214	111.635947	63.775034	116.766338
375.027394	109.694728	66.689638	117.682832
378.573682	111.131151	64.211844	110.915395
378.250024	108.267366	66.135583	118.667591
382.435816	107.383753	64.127166	119.649124
383.715729	109.222231	65.805566	117.985800
385.208344	112.971476	65.513370	119.874069
389.286731	118.499043	67.888392	117.275943
390.701514	117.735069	67.637651	119.166687
396.496931	115.198585	64.465725	118.391122
400.890376	119.219789	65.561143	116.029727
400.938963	116.408871	65.542300	118.517428
400.531567	116.274733	65.895099	114.047545
402.494140	120.128699	65.921711	119.864294
406.279375	123.959361	66.434740	121.669543
404.472633	126.000522	65.059464	119.375171
401.971485	122.845599	66.020946	115.887136
400.840170	117.001473	65.546559	119.816012
393.331670	119.093071	62.974433	118.655731
389.910542	117.155740	66.655436	117.764953
389.225559	114.887704	66.705420	118.856040
386.525151	109.923658	64.734432	120.272863
380.354831	112.179655	65.316567	117.393637
378.873037	118.794606	65.070702	120.863274
373.130072	114.056368	65.046414	119.229641
366.490622	115.399771	66.385509	120.471378
358.352903	117.819470	65.793524	119.658649
355.866231	126.676580	65.066880	117.706100
350.555842	128.213544	65.755986	117.367318
345.391847	130.635246	65.838647	115.587845
340.001958	126.801870	67.291765	118.058557
335.081250	129.911666	64.862974	114.048990
330.822983	120.929537	67.141437	118.119513
329.201763	116.128636	63.730725	121.499981
324.626190	119.832583	64.997180	117.360672
323.118824	116.592843	65.211944	115.524663
322.457286	112.824487	57.792941	130.106138
318.172513	115.936518	66.627187	113.210070
321.514407	110.825592	65.848224	120.772990
320.103627	109.147617	65.414562	116.349810
318.063936	108.104944	66.090220	117.701068
315.316587	112.505124	66.907771	117.678714
316.237212	118.064126	65.322804	118.712542
313.993657	113.208226	66.338363	123.328382
312.586712	118.413260	65.032284	118.277831
311.456581	117.435263	66.838552	119.209762
310.001097	119.840539	65.342637	117.449755
309.431500	117.548219	64.900098	118.287415
311.363060	119.929861	64.054054	117.747319
311.815547	116.710568	62.766579	117.406712
312.777815	111.209470	62.425019	118.077216
315.261212	108.651305	64.834902	120.588352
315.305002	104.145426	65.776565	118.713740
319.321784	101.549568	64.159968	117.684209
322.076170	90.018261	65.187536	116.975120
321.167194	96.524344	66.402607	121.912116
322.166948	98.256115	65.620340	116.990185
322.301940	96.818466	65.823312	120.153232
318.049342	97.476246	65.056467	117.546529
315.142228	88.774750	64.166141	119.545895
307.973033	82.664332	66.186457	119.993666
308.234949	85.122819	66.055290	120.343063
308.752994	84.646357	66.091774	119.264482
308.319843	82.002395	65.129325	121.724336
308.596326	87.576787	65.378899	118.451466
306.305168	91.340583	66.419068	117.845323
295.517204	94.727089	63.979216	119.641609
298.615481	83.169511	63.449408	121.091582
295.878300	89.410045	63.792969	118.862240
292.809027	98.531188	65.800420	119.796972
289.405106	103.625262	66.621780	120.090679
288.348610	102.023367	67.235792	118.131592
285.742823	96.371479	63.595823	121.273475
281.858355	91.320699	64.999672	118.979508
283.703476	86.705625	64.235346	117.195238
285.826008	83.332855	66.266861	120.466178
286.389101	88.117473	64.229364	118.769878
286.330913	78.194583	65.000606	121.513746
289.945010	79.004152	67.125130	117.768921
291.022727	76.076200	66.357388	120.147962
291.425699	72.584254	66.059448	118.582663
290.131655	74.379246	65.800804	119.021557
294.434425	74.818626	65.466494	119.645662
296.753634	79.658239	66.597991	116.727486
299.342700	86.148988	65.982307	117.707767
291.684901	82.305034	58.978365	120.241195
295.656745	96.116620	64.929902	117.733741
302.446190	86.184040	64.513898	121.559317
301.671093	89.653006	66.646686	116.767459
302.664104	84.896949	64.662834	120.549622
301.976836	83.969561	65.982822	120.080301
304.220268	85.711998	65.446464	123.823769
304.175650	81.031270	67.029029	121.558808
297.196997	89.274781	65.806975	117.857309
294.340624	73.758026	66.620775	125.560729
293.991711	79.349594	64.182529	114.976861
299.754124	68.951018	65.022752	112.343181
306.884781	47.699733	65.409308	116.781832
302.469094	47.008416	65.728881	116.339967
295.061923	56.612305	64.536659	116.046198
294.293255	66.678851	65.631769	120.018933
295.732803	66.507323	64.526896	122.327504
300.913991	69.138093	64.067055	121.080129
