289.000000	67.000000	64.000000	236.000000
287.507233	62.867725	62.782569	235.727373
284.257768	66.002782	63.826935	235.517638
282.337671	65.868092	64.759725	238.114532
281.776443	65.352786	64.053771	237.567995
275.417676	63.019820	64.296490	240.909944
274.000832	71.247913	64.876041	232.029974
266.294267	74.902070	65.775625	229.357698
264.730320	72.590201	61.035929	231.225658
258.983071	76.623202	66.236977	217.625554
285.256669	81.357519	60.277080	223.304157
280.490846	92.578521	60.761546	223.320355
274.594664	90.422972	65.182844	224.870401
275.575666	91.672046	64.798274	222.842837
271.399529	104.191418	64.599959	206.997567
278.267090	97.196903	63.976802	218.162356
283.513783	70.602484	65.844155	225.770278
278.350362	96.615149	62.434442	218.115566
287.634189	84.544665	62.452728	232.943122
290.518581	70.554137	65.981765	233.180574
208.000000	89.000000	150.000000	218.000000
222.983113	94.127764	147.190339	218.865997
215.415400	83.070169	149.451528	221.130406
207.182755	91.348212	153.936417	217.511930
207.696362	93.778833	153.420597	219.448484
213.575294	96.356885	147.198255	223.828761
209.973336	92.454112	149.690212	220.408768
206.210104	94.421712	149.359381	217.880034
208.908286	91.115989	149.422314	218.511334
216.362771	89.191517	152.368137	212.909984
223.749394	83.928159	146.548422	214.134964
234.730820	80.465512	147.036709	214.214202
244.586688	80.793769	144.769843	213.710893
237.400339	81.573344	144.704974	214.963020
237.922846	76.857905	145.970441	206.693878
232.589697	73.281797	152.195698	212.199981
228.429134	78.769991	138.723621	206.276754
218.024549	83.542549	152.713259	212.895650
229.531890	85.341186	148.927265	212.489318
250.352065	76.188981	145.441051	226.146110
253.073502	89.170815	146.717364	211.606491
256.810206	90.315323	145.658570	213.627114
255.870764	90.473661	146.897368	205.467586
259.897165	84.363964	148.278705	217.590923
242.734617	98.914488	156.551249	206.791989
267.855160	82.187042	146.151018	217.959013
248.225569	87.070325	164.223302	214.460837
256.349291	83.822522	151.541128	215.092764
256.439917	87.909058	150.995030	212.628650
258.468794	86.380166	151.096901	219.076962
263.043374	89.310220	151.235972	220.857833
254.536142	87.282932	151.536115	217.600068
252.356837	85.698990	148.675255	212.030212
257.333916	84.820861	152.106140	217.883642
258.800932	91.807051	149.173413	213.679011
252.919198	91.190460	148.106072	209.434318
256.355909	87.722926	141.448908	213.452298
248.498936	100.219474	148.079689	209.640337
263.986777	93.249853	148.016541	210.632554
274.157878	99.710739	152.698418	204.041468
291.869965	78.280233	147.340082	219.981716
289.440341	92.633675	151.788588	209.158289
288.129804	90.544401	151.884926	214.270944
294.521474	93.507680	151.491202	208.899500
290.277928	83.811060	148.002020	218.797735
285.597022	80.964260	145.834062	213.063551
271.415805	76.147598	149.376211	218.489920
268.484919	75.101751	144.381516	212.552889
256.832847	70.076091	147.961746	216.712122
262.614969	64.441194	143.596508	216.405134
251.058938	60.876241	143.120023	226.818621
243.038665	64.611032	147.748522	225.203190
231.595625	59.781159	146.049752	217.689285
231.890368	57.747598	154.482816	212.289973
226.707200	55.600228	147.963203	216.530397
241.511894	71.271467	138.649737	216.897135
233.218672	65.192457	151.088945	217.173977
225.407120	73.092860	152.048776	208.457647
226.508133	62.254234	151.167813	213.647941
223.550956	63.033829	149.539493	214.562812
215.811500	65.978494	150.167081	216.519985
213.005892	63.846537	148.730049	211.799416
212.331324	56.801383	149.865723	217.432662
218.628683	68.868958	147.758919	218.163624
227.251659	65.947028	156.696457	215.672021
233.754501	64.132204	151.101561	217.065505
235.145259	60.763326	151.757260	216.959643
233.565402	68.101092	145.476304	217.197402
239.188574	67.358000	145.426352	217.007871
239.428086	68.523454	151.005413	219.801290
239.545468	69.556135	144.597250	222.978385
243.683446	82.323082	146.016397	217.205562
249.389603	86.838140	144.504494	215.850443
241.662333	89.983687	147.788201	212.433237
242.877009	88.006606	145.000333	213.740192
240.748192	94.382445	149.640630	212.044106
241.942890	101.157984	144.185907	207.312275
246.068929	97.184509	148.581806	210.991144
244.664291	88.419345	143.102964	202.970449
244.702311	89.938334	147.391657	204.962984
244.251697	72.897995	145.134341	216.114918
236.161064	78.284912	146.855206	206.799565
233.647653	70.504657	146.537494	209.549729
226.143571	69.770596	146.882527	212.003573
225.163778	69.562749	145.397272	213.450699
224.427360	66.442377	147.066766	213.361421
221.877221	61.813893	145.496975	215.566088
216.222129	63.689257	150.809767	220.873717
207.947127	66.922760	148.601541	210.172373
209.305679	62.899629	149.461897	216.519308
205.260910	67.331478	148.428970	217.407763
200.826744	61.682754	148.940218	218.113962
206.884236	69.531263	147.830064	214.738675
204.826061	62.935915	149.746395	219.923637
204.523464	70.140151	144.687953	217.553771
201.997533	65.758269	147.592628	219.865986
203.099892	65.188847	148.962388	216.692003
203.532800	67.479491	149.663375	215.869331
206.559812	74.741647	150.418413	213.693821
211.824294	74.143890	147.801336	217.641291
214.761881	68.665137	149.844977	221.355452
220.700592	64.286096	148.332603	216.187497
224.186795	56.818402	148.691967	216.007147
222.961604	58.133679	149.700478	216.001760
224.690929	54.394264	149.287752	213.223758
228.167785	54.590947	148.850008	213.701300
238.784428	59.965046	148.166032	222.882923
243.286882	71.806500	148.375125	216.722621
248.189199	69.514126	152.383404	218.298799
253.724622	72.697117	149.484486	216.497236
254.206856	74.322944	148.010071	217.187298
249.974657	80.613735	150.088404	217.169815
259.448189	76.717860	149.617621	216.344462
260.899032	77.897184	150.253989	217.112655
264.011212	90.535966	148.980076	215.848382
267.253711	88.953060	146.015990	221.185392
265.399414	91.861023	153.119856	213.841275
264.791216	78.905561	146.455451	215.761262
253.916142	69.628955	146.492420	219.981798
246.128476	61.251455	151.920746	216.486099
247.344325	57.252742	147.575353	215.210910
242.709978	64.143124	150.133129	215.332602
237.182605	59.871881	150.695958	218.258637
236.423711	61.671460	150.977354	217.388560
237.074027	70.874405	147.655025	223.218938
241.956548	63.220679	145.849134	215.065619
240.624076	51.813544	148.075187	212.874955
231.881492	59.091361	150.913063	220.342022
225.440546	55.885735	150.087971	219.859601
232.051905	52.520549	143.921576	216.375394
229.151360	46.880531	150.594116	220.617598
227.076536	54.169866	145.624343	217.532554
229.479687	53.594529	145.295835	221.508224
230.780498	55.151598	149.946601	217.037895
237.816310	60.580122	149.573088	217.455918
247.004759	70.884498	145.500965	217.757351
246.505853	75.113390	147.921282	220.191530
251.315933	83.576434	150.146896	212.308999
261.218627	80.455207	146.588862	212.819065
267.178631	76.699070	151.437448	220.886011
264.858587	69.914313	145.345998	220.820972
253.735544	69.580706	148.531623	220.205225
259.376125	67.248578	145.089589	221.653706
264.861352	62.519649	146.478395	222.026968
259.650703	60.720060	148.766127	220.423836
262.486859	60.618689	149.189078	217.915212
270.653539	92.718223	144.838667	217.849435
282.317796	152.031438	147.497283	184.820554
280.835032	240.185346	153.255547	110.585668
286.063846	239.302791	154.378693	111.743545
300.063638	217.561501	146.642679	134.301435
297.821890	215.598805	151.971090	136.213039
294.683486	214.866162	150.400211	134.040910
290.383369	183.567902	151.647323	156.763236
292.626119	139.087547	149.743537	189.310124
286.835278	97.310260	149.936367	211.310920
280.529584	86.262033	150.533168	206.553860
279.271494	78.788066	151.192268	214.327616
282.941147	81.396380	151.576348	207.594935
284.185707	94.418046	150.782001	194.922561
287.343592	112.243626	151.826259	183.430948
285.488835	97.145661	151.980184	198.129611
285.266526	84.583695	152.599383	207.546364
291.624710	63.671162	149.989046	211.440152
293.265748	74.646408	152.540253	209.220930
294.310798	77.949127	150.840947	207.705312
294.937390	104.744158	150.874380	206.199627
290.674831	128.084322	151.094756	196.636948
287.028584	129.659795	153.136052	194.724103
281.601558	130.940818	152.391647	187.483435
278.953999	116.790116	153.588142	196.174502
274.642101	84.860023	153.393627	213.651918
274.883812	66.074368	146.671221	214.694926
266.207422	74.513198	151.798774	216.002599
262.177813	83.063880	150.482492	215.393017
259.264316	80.421954	148.544284	216.226833
261.064232	86.182058	154.486414	208.398554
264.674884	87.700769	151.027914	209.579166
263.062507	65.050133	149.515375	217.880735
269.998217	63.098780	148.946612	219.646192
268.199673	71.561347	153.568039	215.692730
268.953933	79.089384	150.137865	212.238437
274.529617	76.042063	147.735023	218.154730
265.161946	44.183238	151.116066	210.775326
259.641959	30.575455	149.293825	220.937934
252.590205	38.819839	151.058402	220.655593
255.862380	49.901371	149.765259	215.176032
250.506948	42.180737	151.059697	219.264817
250.335960	43.214537	151.283524	216.651638
254.218788	34.945807	152.671643	219.553719
263.023801	27.476488	147.339269	213.652276
261.548716	31.451005	149.759621	213.414968
258.603214	22.962043	150.927520	212.882400
252.823883	24.204880	153.357756	215.651086
255.437546	25.145042	148.744713	218.878139
257.155369	24.970428	151.607312	217.639449
256.710011	28.558379	148.653455	214.441055
257.535185	34.993422	150.464203	214.115445
256.672462	37.085872	150.815201	215.369985
254.466523	37.935773	150.668028	216.310260
253.715999	39.833492	149.112201	213.557426
249.091433	50.789581	148.776761	215.848543
244.729961	57.134652	148.057600	216.034948
242.960205	56.689011	149.795132	216.647177
248.919623	44.731284	147.262339	212.485625
255.261039	45.913121	148.405882	217.000369
260.271777	41.490846	147.033736	217.336839
265.663562	40.958882	149.608394	217.534114
269.843705	41.320471	147.600427	212.406631
272.831956	25.409779	151.112631	213.703572
281.833233	25.800896	149.604051	204.257385
288.327387	17.012428	151.296833	207.857933
288.795173	20.040644	150.066446	203.831790
284.799015	22.364541	151.920553	205.153817
277.279771	19.724276	152.097560	205.734617
272.595737	25.099251	148.713326	208.928135
270.482987	25.246421	149.804354	212.236593
265.586981	36.414587	148.048726	215.165966
264.541471	49.278819	148.933823	219.243644
264.871337	38.090041	148.834215	217.810091
268.582917	34.550264	150.852430	214.759094
260.878369	29.834369	148.703129	212.255520
250.878245	22.390446	146.393829	201.751752
240.501819	21.026819	151.488529	196.705435
238.703236	29.795712	152.895487	203.681908
245.689221	27.228667	148.172755	210.538994
241.667241	34.278427	151.257138	204.963968
231.310553	29.254244	152.724695	206.529272
232.586484	32.001431	148.567569	211.427328
236.518696	32.999739	148.617689	212.539963
244.216407	36.517351	148.925207	216.136681
252.560786	45.034621	147.500845	214.865042
250.867479	46.172492	149.541173	214.362909
245.082389	58.329343	143.488905	213.324144
241.746213	39.876489	146.100952	207.812302
254.518758	44.476189	143.011312	222.550625
252.791571	39.193144	149.248287	211.052396
254.044613	56.449275	137.171811	209.871011
260.604653	58.045346	133.536316	205.008248
261.324677	68.289741	145.373413	218.643084
261.004374	71.717231	146.409401	210.898469
276.454535	70.812947	146.735751	218.084758
275.600839	67.613687	156.513422	222.250613
275.282874	76.787826	141.599038	221.251989
263.251369	81.456815	146.874512	212.447636
261.572895	79.915999	154.676213	216.098928
259.936271	79.812575	145.629211	207.276706
248.178570	52.652126	137.099980	193.664018
239.344870	63.741428	152.625018	187.676825
252.690508	77.068909	154.162264	216.721601
263.821630	82.969006	147.329139	220.206986
269.563135	84.040528	147.948482	219.713505
268.390867	82.173212	149.073084	212.666724
252.595719	76.735284	152.943335	217.401110
219.429025	71.876739	149.972084	210.670665
205.286598	82.502257	151.053801	202.416364
204.391423	77.898685	146.808166	213.741402
200.072724	70.200280	154.278768	218.729666
205.336910	74.512931	149.637062	217.253055
223.611496	68.409441	147.959101	215.323252
231.352467	70.902149	152.541195	220.891029
229.105832	73.676940	148.977651	221.009556
221.150801	79.738351	149.524372	216.929331
216.687444	83.601265	147.783161	214.364501
221.339750	88.395817	144.397956	216.430477
222.472412	82.203590	149.287810	219.773084
226.697140	86.799040	148.731338	213.834421
227.357829	85.663393	148.333167	215.830309
224.625292	85.076346	148.647372	215.950770
225.930125	72.956516	149.912314	216.430505
225.657889	66.499236	152.598602	219.462656
228.377595	69.021910	146.273063	222.934425
231.367614	73.102659	148.830509	219.495645
229.376068	75.007265	153.593538	213.826366
234.391970	73.965961	150.458395	215.508243
227.337850	70.110990	149.802885	215.369762
228.918858	74.676935	149.869406	216.062464
234.695051	69.206375	148.979651	214.781531
231.189846	58.359318	149.188510	219.992394
235.419362	67.988543	150.009785	215.872391
229.672653	79.404420	150.038322	220.173185
235.552076	89.647560	142.950964	207.871906
235.637509	88.319181	146.852173	214.201904
237.951570	87.457095	143.711783	217.519853
234.284283	95.214950	148.481670	217.773845
235.548753	96.920561	150.193824	217.270593
232.404243	96.548683	150.659522	219.004839
225.779002	86.006964	149.345721	216.108299
221.027653	78.185596	152.116496	213.398780
225.789816	88.673936	147.847729	211.920825
214.425193	86.726808	151.283833	216.200523
212.632176	89.928696	149.182407	217.333364
205.992639	90.291603	151.932976	214.352405
201.938155	85.303672	149.478816	214.310775
202.359582	85.486180	149.302246	212.338667
211.779608	89.687259	146.257705	217.929090
215.984122	103.087040	148.510619	207.908731
216.885747	90.100555	150.168455	215.391543
219.133502	104.600269	149.408382	209.749719
225.435491	103.075828	146.871500	208.724388
224.481313	102.904698	147.956132	216.787083
227.565856	104.829580	150.685746	216.256215
232.985035	107.991345	148.739373	205.780140
232.384238	102.288650	142.671752	215.456833
235.622867	107.654839	143.796553	209.966790
224.677811	111.357106	144.148838	211.950681
220.964412	116.471466	143.602519	208.900099
228.375386	82.068052	142.493082	216.908531
229.491448	97.870063	145.518407	204.474333
229.328320	93.877880	143.245718	207.856790
232.769065	85.452606	142.384181	215.943416
233.706741	91.465655	144.492454	212.507876
232.714098	77.389768	146.329035	216.183723
232.592925	84.026083	149.569023	216.836710
236.385187	82.197476	147.911649	219.200252
245.576840	77.340867	146.674456	217.174799
247.231498	74.096608	149.110708	213.161133
248.581705	79.015671	142.370942	215.316474
240.028805	96.846926	149.092223	208.775557
244.576535	88.231071	141.110787	217.904120
238.234717	101.817910	144.870322	207.760382
248.383171	83.469081	153.070681	204.233636
242.436029	90.221702	139.088624	215.208949
227.646028	99.960060	147.855702	211.881532
232.273267	90.562937	143.714889	213.600050
235.286712	91.952270	139.171936	213.234402
232.679718	98.215625	145.689121	198.651914
222.563689	95.954054	145.118984	210.089788
213.825246	111.134515	143.913496	205.142850
222.007000	109.573295	146.752739	194.000847
241.325019	74.160167	146.558408	207.435672
258.266266	58.830597	131.007816	215.441088
244.309491	80.316574	151.436165	221.828165
237.068030	98.519001	149.495987	216.693802
232.743239	113.540645	151.001627	216.772008
228.701948	110.012707	147.944176	217.725688
227.067363	105.013022	147.993531	219.319584
215.154611	115.210208	151.277697	212.698558
201.611269	110.626705	151.032251	217.662617
191.761268	112.509797	147.668936	214.784522
188.415387	103.600031	147.657881	218.729817
177.037700	109.816890	151.033936	215.129345
181.303231	110.392183	151.963172	215.830490
186.746441	112.392634	146.903990	223.540950
193.582192	115.484187	146.023242	211.999470
193.444840	108.270369	149.278849	214.990671
189.831431	121.284538	149.367895	208.866908
189.017823	123.785526	150.485600	210.498035
193.852748	117.046620	149.584651	215.133582
200.674200	140.944516	146.760476	199.073747
204.497926	131.175200	151.716737	200.033726
210.420798	113.061213	148.354630	203.066960
230.970020	108.214267	146.459430	209.720382
234.180038	122.034749	147.413842	208.264875
242.544792	122.149516	149.995128	208.548078
237.888687	123.758459	154.109766	211.246718
244.916303	127.652019	151.173096	205.057581
245.916486	115.318811	150.525714	209.992046
233.076973	96.016975	148.558127	213.312027
240.779545	94.231367	147.231626	214.999233
241.118109	98.961397	149.622653	214.544997
247.069307	102.455705	147.529832	215.731738
261.948644	104.950824	145.192649	216.540063
262.670336	94.017636	148.783837	213.114050
254.733136	106.115934	148.407826	212.079334
245.727337	105.501633	151.682937	216.291001
232.393812	113.866772	150.079718	214.104321
219.232786	121.376927	147.767171	207.848930
233.663574	106.312672	148.336632	216.937770
245.736873	95.888878	146.473041	216.957286
256.603940	97.111616	150.055654	216.760642
253.078406	109.616286	147.065527	215.438619
249.662037	108.936744	152.323666	218.967124
258.058190	105.068435	147.252067	215.032662
258.501948	110.113117	150.525921	217.757942
261.045882	111.343800	149.336436	215.773625
265.398779	114.074440	148.126076	217.044719
262.389925	115.620506	149.156469	211.505757
268.032526	117.928106	152.276472	217.626826
275.691494	92.078491	149.435250	216.346424
227.572937	74.068798	133.708427	206.136433
200.734890	125.850329	146.283307	199.575065
215.140004	113.333268	142.419690	222.790364
215.245860	114.466731	138.937008	206.751840
221.977362	91.834696	132.668419	219.362628
229.884530	114.776914	145.840601	209.859675
214.719935	66.837164	156.743437	223.537295
218.537164	80.237158	149.422405	218.057431
210.827311	67.372116	146.806810	212.993266
212.607873	69.909549	140.496372	225.900040
214.513979	114.115745	145.762462	206.232320
223.012488	110.941871	133.645721	217.060777
214.866461	101.388367	126.713103	217.490957
204.216605	96.314770	140.895169	226.268736
189.714403	120.123618	142.314188	208.238449
189.816595	97.406865	149.375678	225.353993
193.407157	92.949082	152.826004	216.925510
187.869376	86.694900	151.096632	214.763210
181.818176	88.634893	149.017930	219.295707
169.045257	91.133875	150.406076	215.255295
164.668819	101.671813	148.470212	218.303722
161.552216	107.441375	147.098346	219.797015
160.116513	112.973305	147.671936	215.053680
163.516322	116.729923	148.406151	213.333078
165.393535	106.814794	145.609698	221.254066
160.848908	111.950054	148.337041	211.418446
155.670326	107.109245	149.223805	216.636817
156.209631	106.109346	150.029319	218.977305
156.110433	104.439329	149.234197	216.557507
141.074464	106.230396	152.227913	214.795035
147.893118	101.915789	149.815045	216.503717
158.173386	108.321299	149.044286	216.513212
162.779133	111.615212	146.854980	215.615680
167.238800	115.405375	147.125000	216.704014
167.218832	113.203544	151.488212	215.883201
170.618089	113.375234	148.632410	215.715185
170.506733	118.454070	149.719483	215.817809
167.575680	105.864821	148.393169	213.419253
159.538259	100.978056	148.437096	217.097954
158.125749	101.567132	150.140044	216.357275
159.031745	97.133516	152.513610	216.753470
168.015134	101.299055	149.020825	212.974288
171.827290	98.213844	146.854150	219.017991
176.760813	99.984527	147.309594	218.910137
184.138432	104.340436	149.444451	218.506490
183.201650	112.029251	149.120687	212.603794
176.382237	120.515444	151.425305	214.889600
174.224648	137.551255	150.504632	206.160388
173.934638	129.121494	147.786040	209.831843
167.079129	121.959184	147.566609	212.130061
159.140388	124.851372	150.772732	211.729315
162.598854	126.751023	150.001213	212.482581
173.276129	126.690388	147.660913	209.030417
166.033072	121.472127	144.106212	216.528160
166.913494	121.027407	148.667889	216.186728
167.637366	121.156461	144.254622	210.028200
170.823795	119.609495	151.585095	210.593246
159.839748	113.166759	148.423651	218.527241
158.665786	126.298684	152.428557	208.405738
165.769626	125.318934	147.201103	207.585466
176.086195	115.148223	149.280622	211.667566
187.308530	114.648858	152.131856	213.381729
191.688708	121.555749	152.627534	212.322623
196.310973	119.677770	146.607948	210.849725
191.961458	120.167849	154.305750	209.697167
201.488711	130.781978	151.388979	206.649243
203.842691	136.326812	152.116751	202.973531
206.989367	137.084036	149.330085	200.995007
212.778486	137.938337	151.039492	199.656277
219.083629	121.866495	146.267446	210.424585
222.042225	117.756098	150.127432	208.468087
224.947335	123.826020	147.810641	201.698860
233.785316	122.723872	150.958776	206.349311
