163.000000	44.000000	47.000000	164.000000
164.754164	41.705104	46.320247	164.541656
165.837164	38.499241	46.295741	167.391211
166.277678	39.355938	48.240296	165.674577
166.086891	35.014571	46.679157	170.681006
167.649883	36.445423	45.130234	166.631923
169.520274	51.804931	47.138005	156.486472
170.303696	56.888316	45.251209	158.452506
169.247639	50.946781	44.867518	167.100013
162.024661	49.323205	47.802426	163.303499
167.474108	47.000591	45.589464	167.581683
170.331970	48.086394	45.588221	164.277830
172.457534	50.048979	47.784573	156.259418
177.129190	54.956480	44.792514	158.718253
182.725626	81.964219	43.535059	147.152906
182.376750	65.326731	42.871213	164.977945
175.082036	86.666652	41.360596	146.822198
161.899990	73.367204	46.556090	164.918789
162.086735	75.818422	46.764667	162.306520
162.192101	77.002957	46.672761	159.856062
163.952604	75.182998	45.994365	166.167127
159.190209	75.472154	46.709892	161.760420
159.935665	67.918953	45.436519	167.211574
158.773417	76.891817	46.798511	165.227483
163.463220	71.158998	46.776818	165.643029
168.123190	74.947100	45.858574	159.673730
170.330597	71.146990	46.494613	163.840697
162.449639	70.682912	46.219590	158.693167
148.520331	57.793109	49.301930	164.435003
146.147080	64.622190	47.219266	158.404932
159.326943	72.745967	49.120473	161.464524
156.870109	74.807837	47.207596	156.523233
151.179209	62.741713	47.145643	163.546329
147.264156	62.137209	47.061544	162.577434
145.762122	50.831084	47.354405	164.276603
143.674219	53.756538	47.488651	159.592051
144.265933	46.646822	47.918324	165.637490
141.634228	45.129736	48.988691	162.470629
150.704685	42.439356	48.029257	158.320813
158.773543	40.791233	46.114692	164.351715
160.590183	43.686638	46.365594	159.596155
155.954748	42.311516	47.670955	166.311663
154.790877	46.145310	47.852950	162.895002
154.817393	54.001956	46.974290	163.868502
156.333841	56.035757	45.979050	158.238526
155.342091	48.960825	46.200787	165.326539
157.030318	54.632838	46.326172	156.725019
156.386941	53.251697	46.807750	158.325766
158.097377	51.683094	47.673212	165.427761
158.809283	54.823016	46.162323	164.030583
159.370584	52.332725	46.237078	167.077103
160.353919	52.763562	46.156743	165.479024
159.986887	62.983395	46.461152	162.604712
157.189009	67.671893	47.081934	160.805018
155.969014	70.691456	47.900471	160.955168
150.570127	71.655514	47.518119	163.035986
148.259792	71.374191	45.880594	162.843720
142.629541	70.485189	48.661873	165.543239
135.499841	74.831135	46.220565	163.840726
131.613927	73.236172	47.169385	165.972016
124.090116	72.485813	47.286902	159.714963
117.655269	63.998891	47.432500	159.587066
114.018099	63.743666	46.937519	161.265625
109.551092	57.497202	46.229009	166.557045
104.147170	61.668732	46.616269	164.731891
100.924756	67.088451	46.109330	162.017799
98.114437	62.282350	46.795180	164.463184
98.288193	63.959100	47.702156	162.242820
101.392417	63.886369	47.084684	163.921113
100.711840	67.231617	46.724994	160.804173
100.671900	66.261836	46.629338	162.687326
108.254517	61.875495	47.470866	162.197383
112.067244	59.789951	46.028105	160.896914
112.144691	59.728959	48.082935	163.156951
112.691546	57.615581	47.312832	166.615465
111.637511	57.117627	47.107491	160.792920
114.024615	49.786456	47.792353	162.141782
118.673543	49.293488	47.301743	160.721086
118.203989	52.629799	46.953037	155.181874
118.030020	50.757507	47.703808	152.655281
117.212095	46.853301	49.097507	160.224506
117.451672	51.216512	48.890917	152.576161
122.858891	54.846741	49.415343	154.356559
124.915944	53.517593	47.236150	160.042766
122.348807	52.289873	47.489989	162.219513
123.786212	57.480455	48.019753	160.868347
121.682890	52.950387	46.319308	160.343392
125.603831	55.199962	47.039518	160.863524
130.289201	56.172442	45.476286	155.476721
131.491314	51.897666	45.710212	159.006810
132.835996	60.431425	46.482261	152.836343
135.746509	62.323369	44.658730	149.153109
140.121368	67.029100	43.551795	155.102273
138.930749	64.496354	47.639134	140.131673
136.138361	58.282425	48.084483	153.308394
137.661027	73.491142	47.166473	153.719471
133.431466	77.786253	50.300188	155.945576
143.365817	75.977438	47.622220	161.651799
150.378058	81.243999	44.291138	146.594947
158.507627	68.720978	45.781886	156.228302
160.690807	58.983243	46.125166	172.709711
165.351835	69.563385	45.181539	154.467376
164.677398	61.076960	44.400571	164.046268
166.812680	64.484667	47.599144	163.498053
169.477636	70.580196	44.950807	153.606578
147.766824	82.457994	45.452816	140.333239
148.205493	84.482472	41.788941	146.523786
152.348176	95.441202	41.565747	135.530723
164.550429	66.587087	47.055089	161.772524
164.125524	60.358925	44.479100	175.347971
167.584469	85.269647	42.987601	151.037743
169.718197	70.294377	40.961284	157.792927
165.002887	63.720363	46.900477	160.893686
152.088266	71.814289	48.392645	163.846793
147.619971	68.939281	46.622812	161.365599
146.684085	67.386986	46.558253	163.862529
148.741437	67.979038	46.938082	162.434518
147.709318	68.845990	48.034176	162.541598
147.837271	64.819529	48.452495	169.080895
146.512705	65.114216	47.685688	161.556103
145.730364	65.328261	46.639509	163.149287
142.999205	60.745925	46.633907	162.031572
137.094235	57.720383	46.996748	163.159446
132.136606	59.225990	47.838333	164.534172
139.049297	55.441806	46.414467	164.716520
143.090516	49.262615	46.534063	164.705835
143.902991	58.166837	47.129096	161.646269
148.329308	69.419626	47.056420	156.117224
152.428206	65.703236	46.814016	162.576568
151.431964	67.301957	45.948243	166.140712
153.595720	71.127716	46.202386	163.815606
150.282726	83.158081	44.804473	156.418329
151.566159	75.556692	45.854536	156.461935
150.815187	74.148987	46.602258	159.701990
144.724659	72.975919	47.139175	171.133573
146.572727	65.891572	46.113207	163.594526
145.222890	68.229012	46.156897	161.253130
147.066378	72.653685	46.366879	161.057704
148.999796	70.714820	47.311136	161.068814
147.022940	65.059048	47.361717	165.428563
141.438570	62.342285	48.346023	163.971563
135.079610	65.605964	47.822630	163.457276
130.017673	68.018213	46.285463	167.009828
119.809079	75.412404	46.310832	160.224955
108.905260	79.448974	48.039613	162.297081
104.693981	76.679509	45.069778	164.714340
107.787108	60.398557	44.658745	168.368855
105.183886	60.452049	46.942219	164.023706
106.539771	58.305177	46.535163	161.580102
104.239502	63.422819	46.349400	162.737186
101.481235	73.182248	47.429787	160.817287
103.315488	69.611659	46.383288	165.114712
103.015151	75.624000	47.740040	163.900972
106.543757	81.699482	45.818268	166.265732
108.217490	82.272602	46.564330	164.226246
110.688747	83.705977	47.080979	163.113728
114.609407	84.812721	47.067488	163.487817
116.318248	85.778118	47.515890	157.595598
117.174429	87.318180	47.216633	163.323124
118.185719	79.675905	46.878581	163.622491
120.594801	75.562322	48.317181	164.562000
125.772468	74.148616	45.508334	160.041405
127.526249	78.993420	47.414703	154.296495
131.700017	74.359891	47.516972	160.785145
138.423653	76.785019	43.461485	152.846124
133.215653	79.127084	46.975237	154.309564
128.859117	77.944908	45.540335	165.846111
128.591629	70.180110	47.435496	164.979132
109.000000	82.000000	68.000000	123.000000
109.481622	80.759467	66.820537	123.102356
104.996394	83.294631	65.797736	124.447813
97.473767	84.463632	68.692039	122.530835
97.468598	84.373286	68.017891	124.380847
101.314468	92.322017	65.135385	117.272870
96.537968	93.668702	65.582883	118.823172
91.433986	94.482511	66.947178	121.675133
95.204691	99.220278	66.893279	118.719605
93.800891	98.702722	66.854253	126.281798
99.379550	97.588770	63.886135	120.153840
97.606363	97.208639	68.543514	120.960351
96.248238	95.817889	67.427066	122.078780
94.463780	97.787902	67.914368	124.175706
91.311035	96.292305	68.254932	120.378319
92.225088	97.192862	67.004643	120.015696
91.471456	97.212052	65.161735	122.321194
85.940312	97.012822	69.864397	124.525772
87.340918	96.659487	67.801541	120.962608
88.062822	91.116871	69.359363	119.144268
88.068172	82.908639	66.604657	122.871011
82.972043	89.182185	63.989196	120.734896
71.289351	91.777408	68.503079	122.748997
71.918573	80.200043	66.926568	122.654656
60.706209	88.782810	72.412432	122.619814
56.064307	91.642925	70.554106	120.650833
58.475355	88.378390	67.861040	120.808456
55.217996	87.618447	67.973827	129.344754
54.821710	90.105768	68.944193	123.622074
56.982628	91.372924	69.051561	122.089111
60.162563	87.503476	67.814906	119.872390
66.099516	84.406025	67.492212	124.375227
67.867346	87.790078	67.380759	124.124685
64.479527	91.505474	69.975800	116.139047
68.726886	86.883568	67.995542	114.749643
61.077822	96.261786	67.758882	117.532991
59.282374	94.993225	70.237875	117.703434
55.848653	97.133378	73.067063	113.288949
62.284274	93.636271	68.911887	118.706940
69.261517	90.074517	69.393163	120.948756
72.625607	87.306306	66.299623	122.602164
76.472710	90.872379	66.213247	121.246200
83.436168	87.509394	67.136608	122.187216
86.717093	82.749609	67.490290	123.155685
93.367926	84.917271	64.612198	122.040621
97.344644	85.452899	67.192096	123.019659
98.837753	89.561374	66.373442	119.864103
100.803762	88.871663	67.781449	123.408258
98.750664	89.810776	69.169408	125.448090
97.060566	92.139386	66.626344	128.696900
97.230353	99.324128	67.496237	119.152706
95.733801	98.308568	66.440190	121.752412
97.138218	98.798123	65.164221	122.309547
92.020926	95.794533	66.719519	124.830422
90.965832	101.504422	66.593438	117.935508
88.356145	96.258524	68.649055	124.280254
91.286930	92.866621	66.474736	129.927275
95.645751	92.407918	63.994275	129.040311
92.240220	91.331725	67.350408	123.619097
96.647377	74.072276	67.509252	120.662828
101.327671	63.810322	66.083834	117.438516
112.341878	106.256735	68.025678	120.969366
112.818147	111.280322	66.860669	121.500140
110.826897	107.535601	69.021897	126.206154
117.642206	111.691532	67.570021	117.815248
117.631621	112.269324	68.244373	119.559843
117.257800	109.211138	67.947487	123.406373
116.915165	111.876421	68.790824	120.751395
115.001972	105.666678	68.340365	124.309653
118.043565	109.048310	65.548146	121.310797
119.822863	109.930148	67.091448	121.560514
118.915880	113.217495	68.480650	119.655317
117.932106	112.691906	67.384704	122.187699
122.287951	111.070641	66.485304	122.180453
131.586586	107.741054	68.818278	121.907619
128.680743	116.726650	63.480583	115.130813
128.060055	112.135473	66.942510	122.651334
150.967975	112.175495	68.250594	120.849033
140.362877	105.864464	70.459804	125.793410
138.861274	107.468606	67.940915	128.451936
134.181933	108.378905	66.841384	125.923058
123.789840	105.294893	67.193088	124.179824
120.194857	106.221941	65.873400	124.931764
118.733671	113.839704	65.005615	116.950362
117.388188	105.461874	67.738871	124.193905
116.687066	104.580628	68.242150	122.510468
112.033256	108.158206	68.976704	124.005694
112.026394	104.937476	69.406339	121.324005
113.743617	103.609346	70.389556	121.982099
121.487580	104.838104	68.651773	123.571017
127.874892	103.530408	68.855158	121.281685
128.355327	98.993278	66.260423	121.459167
136.521652	94.130633	65.739997	128.904911
148.331802	102.040416	67.029718	114.499625
151.841403	98.070599	67.272133	122.171727
153.040920	95.781958	68.183975	120.762830
153.648272	92.733288	67.844948	124.372843
151.608800	92.344816	66.757404	123.952524
145.465760	93.062491	69.819587	123.441415
142.036378	96.870447	68.937784	117.630321
139.556931	94.765237	68.294343	122.619092
136.275293	96.882702	67.908812	121.993740
135.401652	97.768468	62.476341	121.105569
125.203052	93.350896	62.448628	121.999209
92.132375	97.836944	65.248007	118.609011
89.536110	96.339681	64.080144	134.690225
81.838021	97.866048	67.674368	121.709039
89.355831	105.190059	67.364294	119.582866
93.221878	100.283608	67.436585	124.206703
87.420826	102.880642	69.629102	127.500289
79.365578	108.590740	68.418823	123.027691
80.779346	101.671937	68.031755	124.911088
82.400328	102.794162	69.347498	122.941632
89.034337	101.003823	66.944507	121.545990
94.691847	99.270098	66.706912	125.071027
100.303861	95.744725	68.643802	124.911838
110.097187	85.257547	67.146954	122.685809
113.039677	85.430099	66.078701	122.871867
110.149440	81.271509	67.942920	125.407395
114.800995	84.637891	66.899209	124.580044
121.239476	82.010164	68.757552	121.979059
127.894662	73.259061	68.174749	120.742835
127.347038	77.737383	67.262944	122.017955
125.298547	82.350247	68.592756	123.272666
124.888392	83.190750	68.239538	124.964798
126.077846	84.267363	67.966471	124.214205
127.238886	82.907179	67.538474	124.088280
128.655350	75.851838	67.857643	122.861678
131.041084	70.517401	67.228614	123.427054
137.226916	62.643393	67.360833	120.669929
140.346184	58.278159	66.294126	123.206347
137.142009	62.140583	69.824186	125.766382
131.198203	66.817538	68.740137	125.434481
125.235706	73.924758	69.028558	124.604977
120.974254	78.507494	67.313619	125.166019
120.684901	82.938041	67.037046	123.561850
121.176514	82.948720	65.093187	121.086604
119.943671	75.664933	69.230236	123.257988
123.772380	78.625074	65.520089	122.869616
124.798497	72.105064	66.380690	122.573838
124.546460	67.914516	68.144838	124.501927
127.264306	71.755093	67.337080	125.327584
126.061965	76.849289	66.816800	123.509432
130.459179	67.939270	68.634571	124.277167
132.696384	57.211920	66.874959	126.586558
135.297263	59.484967	65.288790	119.151890
136.605372	56.669086	64.287500	125.034904
136.188787	52.097680	63.557464	121.491031
134.514384	52.791968	59.740832	129.917137
127.037794	56.237798	65.130764	114.389093
134.779163	45.601572	58.190284	106.951310
130.189988	47.867685	56.509705	125.508615
120.048870	64.403332	67.337368	121.954213
117.165410	78.958577	66.266105	122.870967
116.652137	82.369691	64.872977	126.440712
120.040475	75.497921	66.250657	125.613778
120.545366	75.955462	66.263694	123.394624
121.963508	72.020530	67.513690	124.972646
125.072233	73.724812	67.814833	123.393965
130.352975	80.146981	67.699210	123.977515
134.181840	83.709956	67.542722	124.841852
133.775589	84.979101	67.941943	122.298980
133.307093	82.522929	66.745107	122.415804
127.177667	82.834682	68.762559	122.512356
126.157115	83.551157	65.862744	124.769064
120.361699	95.684917	64.334027	121.488524
113.423352	106.761493	62.744502	122.287585
101.582390	117.674838	65.922562	120.494403
102.597614	124.951243	57.743672	118.042262
99.265005	113.011277	62.916270	118.900357
104.763818	89.297287	60.075021	126.106705
101.021414	65.707521	65.054055	121.850794
95.339141	54.510184	67.332248	124.174481
92.100086	54.289444	67.272443	122.545459
91.940797	48.940231	67.951189	121.791964
93.385385	44.178577	67.708490	126.377219
93.213805	40.238460	67.161177	123.633809
94.745538	30.235000	68.151226	122.112177
91.620053	26.121852	69.125546	123.537758
92.148170	16.746853	66.734184	122.986825
89.555190	20.108631	68.509135	123.465571
90.975034	30.146293	64.623080	121.829024
88.707853	30.368344	68.049374	121.214978
86.716240	26.738333	67.891389	123.949361
86.804771	29.480888	67.322500	119.160613
85.912473	28.952302	66.751297	121.661072
87.639338	24.321758	67.679360	125.563549
92.646360	25.487270	66.729035	126.005225
95.390335	35.549333	66.181037	123.386005
96.933305	37.868367	68.746751	124.603681
99.722345	38.617997	68.067381	122.883779
104.052705	43.942656	67.074573	122.442501
108.471632	45.919885	67.657864	123.271477
112.835937	48.502435	68.127790	123.364388
115.346304	51.903718	67.457580	123.760861
117.179059	50.625909	66.537723	123.306100
118.679515	58.759922	68.051325	123.053066
122.918182	60.961652	67.431710	124.156924
125.212795	61.673340	68.038995	121.149681
127.258698	53.750087	68.162165	123.036691
127.670620	48.704199	67.823764	124.123516
129.947643	48.041080	67.779391	121.827708
130.619928	47.458625	68.445033	123.708628
130.297598	44.606493	69.068024	122.437253
132.356489	39.646041	67.292527	123.568913
132.478613	87.046269	67.193672	114.307824
134.959604	98.547805	67.411265	126.159550
131.254445	98.652525	66.291718	125.030180
124.644066	106.257085	67.242924	119.652666
121.578899	104.197144	66.401581	121.270675
116.732947	97.452295	66.546012	120.238883
114.418441	94.935524	66.497711	124.262016
113.008807	94.360391	66.790931	123.546307
108.707887	85.681728	67.149854	123.342425
107.619437	81.639907	69.593874	124.471937
111.977248	85.181807	67.083704	123.030639
112.631283	91.720919	67.723553	117.657857
114.541430	81.730453	68.458987	122.105615
114.885497	87.599463	65.646976	114.208405
123.354992	91.102473	66.898047	119.726576
127.767836	87.489049	68.808774	122.049353
129.758385	87.794458	67.735517	120.976088
135.830688	88.500340	67.373787	118.203475
135.003458	90.039216	69.141582	123.482439
137.139461	89.242305	69.148359	125.415799
145.858355	88.889548	64.573115	120.117080
155.035976	82.161452	67.083547	121.593010
162.169775	85.983071	69.058063	122.113495
165.612078	76.320429	67.702289	126.624390
166.896087	76.735752	67.073761	124.474168
169.040430	83.380741	68.917714	124.426105
174.379311	84.148725	64.674234	121.354052
176.404845	86.266958	65.526236	122.299693
172.285402	103.130188	65.767309	123.333675
170.649984	102.445693	68.369548	123.296248
171.831006	101.099711	67.310009	120.811200
176.589757	96.490698	67.429147	122.785440
179.330202	96.181781	68.797000	123.927403
180.972526	100.726393	67.732693	125.424900
192.353632	122.266414	64.056188	116.707153
196.427293	118.123111	67.219338	119.821029
197.424424	117.240897	66.704774	122.314221
198.968431	114.449351	68.005641	124.228937
199.531167	109.960850	67.727143	124.257283
203.405878	113.455353	68.230919	122.143961
202.420193	113.253987	68.959687	122.030820
196.011380	117.567488	67.096846	122.049264
202.110682	87.584344	67.492935	121.338268
212.253654	85.366670	61.636010	128.302424
199.913604	90.736330	65.992378	132.624433
191.326893	78.015248	65.131782	123.980473
190.516888	84.824274	67.998243	124.342832
188.847701	85.507735	67.593738	123.449062
182.366529	87.139645	65.391208	109.151867
184.951730	23.182424	65.409511	126.229054
186.765307	47.245091	62.677931	119.115076
181.571120	30.806526	64.702339	124.893794
191.450598	78.975982	62.052837	122.467869
189.000000	49.000000	58.000000	128.000000
189.823506	54.936118	58.503352	130.229048
191.491305	52.423605	55.138175	127.830303
183.996213	54.734896	58.220986	129.083544
182.734438	61.036354	56.994645	124.284498
178.802422	68.379437	59.339952	126.215900
178.804347	79.413677	57.067583	125.928424
174.619050	76.904805	56.706315	126.688194
168.999402	89.517691	58.050731	125.796775
