162.000000	188.000000	34.000000	84.000000
162.215054	190.996270	34.520433	84.014980
162.269076	192.289592	34.234991	83.674089
162.888602	191.857848	34.122262	85.227100
161.881270	191.512096	34.384180	83.234038
162.374463	189.786097	34.460554	82.121527
161.229318	188.292260	33.630266	85.428919
159.616274	187.154566	34.706272	83.579107
159.294370	186.188804	34.015134	83.134685
159.435377	184.555300	33.853192	86.036749
158.791454	183.115299	34.810832	85.594198
157.597420	182.186517	34.843123	83.452862
158.832070	181.311474	34.704862	83.080105
158.653871	181.880326	34.954319	86.462012
159.976530	184.019852	34.834971	81.670148
159.346596	185.508105	34.339160	81.804838
159.105405	186.261194	34.129202	80.056064
159.509541	186.903573	33.499442	83.123046
160.506037	188.928746	34.783947	85.400009
159.704259	191.097966	34.473253	82.008414
160.113494	191.180119	33.136333	84.417074
161.855258	194.383582	33.750110	83.249829
162.541315	191.287847	32.485331	83.856730
162.486570	194.149762	34.508411	80.399404
164.193998	195.466963	31.795520	78.237933
163.303116	194.511457	34.198809	76.812893
165.677026	190.679193	33.045481	81.403925
168.063610	194.432205	34.105580	84.552207
166.897042	193.679734	32.601980	83.440745
166.140105	194.263908	33.786076	80.524896
167.129027	192.972046	33.841248	80.516553
166.944021	191.671788	33.903985	84.589781
166.736452	192.333197	33.566672	85.391771
166.269473	189.558056	33.973391	83.866196
164.695399	193.220108	34.308217	82.663542
164.051028	192.901642	34.925335	82.495145
163.957929	194.392714	33.975334	83.406570
163.268784	189.820238	34.127357	84.198008
161.952789	189.987563	33.695281	83.826118
162.060555	190.416161	33.703285	83.663560
160.328533	190.598868	33.468738	82.861090
159.218807	190.959464	33.891701	84.044453
158.274130	191.731549	33.837671	83.711912
158.858047	191.840434	33.382389	83.729099
159.199445	191.887734	34.202205	85.748965
156.619832	191.695281	32.909953	81.269617
155.131526	191.607546	34.556461	83.846359
155.820906	192.513250	33.397011	84.173364
154.883797	193.188397	33.906170	83.876223
152.862760	191.839046	33.807260	85.880749
153.434128	190.498334	34.070573	83.495977
153.671427	191.920353	33.971623	82.671061
151.880134	191.526128	33.914896	84.442879
150.872044	191.729589	33.784780	84.398322
150.745528	190.714681	33.608141	83.710086
149.981950	189.971901	33.414163	83.736425
147.661703	190.614309	33.497572	83.424322
145.900761	189.751594	34.340947	83.566062
145.452809	187.988616	34.099446	82.676514
143.446847	188.051658	33.840863	83.059834
142.913662	187.524819	34.081746	85.421761
144.347283	185.538168	33.884311	84.394644
143.941105	185.066531	34.717404	82.771983
143.974702	188.252919	33.902405	84.638873
145.520926	190.757404	32.906449	82.663636
144.222389	191.827924	34.216383	84.326123
143.200191	193.515781	34.109971	82.526367
143.475688	193.062112	34.001756	85.127106
143.620928	194.284787	34.092621	83.540164
143.738441	192.820005	34.308815	82.493235
143.505560	192.712595	34.501193	82.113784
144.449752	195.075734	35.925244	79.522988
148.043986	191.923813	33.584284	77.939264
148.547876	187.745961	32.987423	80.696227
145.991079	189.370400	34.851670	82.789110
148.063281	188.659883	34.051107	84.267055
149.934247	188.458358	34.521327	82.199399
154.916463	187.926329	33.471250	84.378796
158.911352	188.248038	32.572495	86.205707
161.442730	188.914014	33.633267	84.978147
164.254117	189.566091	34.160787	86.142939
167.416097	187.480718	33.676678	85.451275
171.158488	185.647451	33.510776	83.935550
174.758419	186.426574	34.655753	82.923256
179.061173	187.348779	33.489022	83.879946
184.270886	186.331936	33.139275	86.767265
188.493302	189.797488	32.024743	82.809457
191.516924	192.030921	32.482435	83.709357
191.115973	187.477637	35.335346	82.623557
192.895153	186.191212	34.011194	85.119887
194.949274	184.149814	35.040512	84.699633
198.280770	187.283653	34.059539	84.344545
199.349920	187.642530	33.837386	86.195835
199.801780	187.099273	34.022990	83.711384
199.944048	189.013397	34.050525	83.905010
200.262939	186.438467	34.466280	84.012575
200.834672	188.537058	34.338789	84.840649
201.982665	191.427139	34.158181	84.401106
201.972134	189.689622	34.053578	85.707266
199.860893	189.648663	34.425523	85.413146
200.511051	187.923714	33.856051	83.173343
201.201418	187.663127	33.742002	84.064950
200.674913	190.042811	34.200985	84.671902
200.721656	188.232591	33.645649	83.513490
201.773084	185.984864	34.037944	84.264501
203.852038	185.756796	33.649186	83.991863
205.539096	185.142046	33.610338	86.658225
207.804404	185.003677	34.018749	84.455719
209.969482	182.845993	34.029163	83.725057
209.599525	183.191717	34.425423	83.452173
211.615147	184.245870	34.961666	83.937413
214.746854	177.787291	33.963244	85.208584
216.506123	176.664406	34.350325	84.215584
217.642788	178.162116	33.301302	84.253555
218.169116	176.259347	34.129186	85.283721
219.850508	173.393165	35.016200	86.053490
221.383437	172.042260	33.926136	86.194929
221.621478	171.074431	34.924860	85.001583
222.238789	171.593039	34.035993	84.933773
223.735047	171.464454	33.949331	84.646007
226.780900	170.557425	34.555127	85.197915
228.411603	170.889129	33.372197	84.485338
228.930594	170.052028	34.575275	85.276440
229.586976	171.975101	34.664929	84.898073
231.774419	170.458667	33.629565	84.157239
230.130841	172.361929	33.729952	83.646770
229.705560	170.389763	34.767973	84.873881
229.828088	170.036097	33.742681	83.287182
229.869138	167.856050	33.530865	87.353301
229.693544	167.860852	34.414227	84.983554
230.491957	166.394976	33.396157	83.310972
230.751574	167.431906	33.432087	85.383188
230.316299	166.354772	34.164910	84.487096
230.135791	167.275606	33.604365	84.631029
230.586488	167.641552	33.682523	83.457743
231.393283	165.899425	33.682384	84.458960
231.336369	165.872868	33.822404	85.477735
231.976399	168.902621	34.008601	83.116566
230.758810	169.340349	34.692451	84.894266
229.979566	171.174087	34.497294	83.955427
230.573369	171.009793	33.865083	84.593128
230.286057	170.909344	34.116761	83.740085
230.290754	169.806464	33.739092	83.502682
229.189886	170.253130	34.713318	84.394723
230.762093	170.094847	33.857849	84.142147
230.529066	168.864039	33.415717	84.264991
230.655163	169.346023	33.608652	84.674015
228.548945	169.894685	34.305768	81.608792
228.642829	168.657217	34.150319	84.420260
229.141413	169.175351	34.722808	87.339087
229.637600	172.503970	33.739096	82.292694
230.481702	170.815270	34.597973	84.346335
230.512308	172.727745	34.995173	84.350615
230.781391	172.291378	34.711454	84.904529
232.098017	172.292482	34.366588	85.825454
232.152023	169.891344	34.282820	84.117072
231.371850	171.891417	34.026112	83.253182
228.368617	173.933280	34.119309	84.891897
228.691893	175.044073	33.884419	83.852904
227.978174	182.415227	34.004740	83.396252
227.282024	183.344580	34.011601	85.735072
228.348182	184.706028	27.366527	81.449968
226.227166	181.949239	30.570863	83.823347
221.442934	178.553757	32.226986	84.236432
223.712744	178.817256	31.978853	87.439788
216.526428	177.470929	35.416419	92.266516
219.674378	177.625253	33.369135	85.542692
220.409205	172.969291	33.322408	87.264842
217.467758	175.020370	33.657586	81.647314
215.513818	171.583849	33.878476	85.099149
217.835351	168.435965	33.485939	84.223772
216.777059	165.993180	34.163356	83.653359
216.535721	164.923444	33.676527	85.518424
214.970264	165.086148	34.344914	81.972306
215.727093	161.391245	33.861430	86.698822
213.909106	164.273222	32.614315	84.430441
213.057453	163.951638	33.318229	86.564220
208.196078	162.626095	32.755631	88.179129
207.006599	156.435347	34.081651	83.135148
211.012291	160.451958	33.624532	81.510878
213.405460	161.667880	33.192860	84.647739
215.108683	159.634481	33.730440	81.754093
214.642355	160.224607	33.896508	84.509969
216.505083	159.876515	33.283213	85.163491
213.741705	163.458784	34.227822	83.985713
213.266149	163.324581	33.690756	83.582882
211.660828	164.219092	34.158419	83.301066
212.248531	164.559446	33.687728	84.108658
212.290624	165.255308	33.527413	84.375521
212.485135	170.020779	33.559259	84.876785
213.334958	172.152799	33.682234	82.913583
211.055286	171.867810	34.090845	83.761997
207.276641	172.860982	34.176148	82.375295
205.218033	175.409407	33.978114	84.434074
204.605452	174.611263	34.439781	84.993187
204.443048	175.280913	33.862578	83.114246
203.204109	174.811051	33.942419	81.877514
202.431198	176.430531	34.131908	81.326726
200.987164	176.617366	33.488901	83.262457
202.029964	175.629943	33.634850	81.488323
200.016860	175.464725	34.455635	83.851771
197.983276	173.541199	33.589046	83.650136
196.833574	175.460223	33.295724	82.253441
197.778001	177.332407	33.814021	82.938696
196.645857	175.903232	34.152528	84.908473
197.545118	177.293036	33.754062	81.719283
195.247341	178.517801	34.154525	84.973600
192.633834	180.334050	34.317101	84.002923
191.300795	179.828390	34.120819	84.313448
191.463600	181.281356	33.310337	84.035812
191.005106	180.753811	33.282922	81.533609
187.303050	180.170734	33.240241	79.345201
183.384441	174.246514	32.461842	82.310216
184.108884	174.496421	33.281975	81.060571
185.542373	175.414397	34.232193	84.155789
189.081719	172.982483	34.231606	84.767046
190.284888	174.172982	33.702707	84.947092
191.454615	171.599200	33.735106	83.992694
192.077413	171.622873	33.789075	84.144375
193.317132	170.574815	34.235247	83.786840
195.764181	169.489182	33.896204	84.858296
195.978310	171.075933	35.090385	82.948578
196.183611	169.060815	34.348892	83.001885
197.317569	170.061735	33.808668	85.455667
197.542997	171.904500	32.310928	83.037809
195.468802	171.358616	34.038384	83.480209
197.294565	171.345178	33.681060	85.460934
194.725303	171.479383	33.585640	82.827907
188.079910	164.398783	33.518318	82.525438
184.694821	161.675625	31.985352	84.719136
180.620831	164.414165	33.024344	81.981806
181.299610	160.806540	35.049233	85.310045
179.163947	163.251463	34.604211	83.862483
179.916747	162.509717	35.277149	83.183196
181.902065	161.235309	33.485601	84.165392
185.166196	160.634804	33.324471	85.126071
187.573722	162.131925	34.001035	83.543986
186.745688	159.576298	34.068116	86.077135
186.757225	164.231468	33.797527	82.818789
188.588970	162.836235	34.010079	85.380372
188.680156	162.328145	35.280463	83.980968
189.576435	163.848402	34.820001	82.013415
191.124654	161.252650	34.661422	83.407892
191.596830	161.100063	33.467135	86.541388
189.984231	162.713982	35.291638	80.184020
194.440659	162.822831	34.131550	87.902751
199.725652	170.544292	34.663126	83.913137
199.668496	168.302806	34.351664	83.707293
201.018836	170.021917	33.413832	85.579775
202.921277	171.827642	33.799775	86.666382
202.811054	169.912785	34.718839	84.029548
203.525243	165.331324	33.530520	85.637718
201.343468	159.300617	34.404313	81.917028
196.802602	153.865125	33.927239	82.020732
192.865132	152.646962	33.977161	83.636795
191.253333	156.077487	33.548767	82.222361
194.016096	162.168385	32.331046	82.876032
192.032743	169.029038	34.720235	88.072031
193.893292	176.306567	33.887724	83.029036
198.340089	172.895787	33.320395	84.587543
197.863634	171.999595	33.323153	84.592195
195.568592	170.550103	33.667037	86.479743
198.555579	168.620861	32.564937	84.383535
201.317425	162.553161	33.856002	80.480724
204.256472	165.226068	32.121430	83.023091
203.028877	165.960353	32.597135	75.977775
196.296113	161.467032	32.902339	81.111984
194.414938	162.122958	33.314619	83.387768
199.674012	161.960433	32.545273	82.200792
202.393823	163.681457	34.298790	88.496835
200.969901	161.762544	34.396824	82.406038
199.523218	159.008715	34.501591	84.296185
204.377487	163.230803	33.936727	85.861312
208.167396	165.612949	33.521785	83.201631
223.042755	165.073582	35.636171	85.232642
223.080070	167.024543	33.758745	83.865775
228.595993	173.069254	33.937641	83.242669
233.341583	179.878219	32.816015	78.386742
230.658664	178.476648	33.268862	79.896661
224.428096	168.637272	35.199104	81.922466
232.656816	182.008682	33.884134	72.008423
235.138756	169.625098	33.919214	85.196554
235.040996	176.316361	34.749383	81.920249
235.984662	174.570948	35.345895	80.597322
238.241584	173.316556	34.000284	83.186997
239.475736	173.762447	31.168581	82.363037
242.082802	180.974904	32.311275	79.189364
245.601612	185.442199	33.672519	83.365555
245.734677	178.607477	34.469140	79.925979
245.939468	174.197003	34.929262	82.328574
244.006309	176.762173	35.211862	82.983538
242.226101	176.810666	33.064682	82.975169
242.516096	179.533943	34.245854	82.788569
246.683059	181.859967	34.214520	84.261080
250.276319	183.503655	33.925035	82.053444
248.887098	175.508254	34.038771	83.336452
248.510232	174.762061	33.618750	83.334005
249.587381	170.074967	33.556975	83.993282
249.133198	167.809002	34.135123	85.784574
248.665025	172.383298	33.905114	84.574849
248.501866	174.420463	33.890499	84.309684
249.693646	179.756369	33.513026	83.497961
251.314478	181.249470	32.340081	87.777939
249.472666	176.354230	34.049376	78.655001
248.679300	173.811696	33.191151	83.601652
247.717499	183.854522	33.948651	78.082702
246.944211	176.608564	33.137767	85.600784
244.470350	180.528085	34.604477	75.356251
242.625840	174.857185	34.724462	84.850226
240.025264	179.443232	32.244436	80.204964
237.182554	179.755539	33.741338	80.806907
235.542729	175.172444	34.259880	85.533939
233.204043	173.550795	34.033889	86.294018
231.817344	174.378569	32.616802	84.941151
230.858117	178.280984	33.013580	79.670835
231.161733	178.895982	33.584472	78.979820
233.396673	179.017723	36.032095	81.121568
231.126137	182.402073	37.246859	81.026413
228.575687	172.237817	34.620231	81.650326
225.691008	171.381622	34.644242	86.073365
223.469513	174.843084	34.120417	83.168695
226.318433	178.047297	34.045876	81.588387
226.802205	182.409464	34.915189	78.743539
230.301403	182.819649	34.512848	74.639552
222.023462	181.521727	35.493839	84.276831
223.167569	178.853445	35.464355	82.644198
221.878276	173.029244	34.543136	84.751602
220.501699	170.098623	33.446959	82.781791
221.458196	174.607020	33.970648	81.438914
222.187676	177.530304	34.847833	85.515038
224.921489	179.805228	34.140710	84.369095
226.156663	183.484130	34.516806	83.281814
228.212610	185.176691	33.481195	81.006762
230.243216	178.839629	33.064964	88.865462
232.381125	182.505498	32.815087	77.797412
234.990545	176.406331	34.104732	85.765381
239.540929	178.348448	33.513881	82.447624
240.540011	177.435449	34.118167	82.039015
244.966866	182.743401	33.736696	80.225558
247.729334	179.451919	34.357383	84.306715
248.203462	183.090467	32.494307	78.737118
249.761833	182.462722	33.368781	82.142248
253.361954	180.719288	32.476340	85.427614
255.443734	183.038737	34.033555	81.626403
259.312968	180.308643	32.988740	83.724655
261.413092	178.889324	34.404245	85.767389
264.124882	181.375516	34.709450	83.882142
267.621862	176.458723	34.107439	86.647719
269.521633	180.678270	33.937087	82.266503
269.456115	176.931123	34.648671	84.945547
274.921655	179.657683	34.012086	85.174834
279.248849	178.968677	31.893039	83.173937
276.570687	183.376824	31.775421	77.508131
280.610657	181.617066	33.992148	84.546090
285.440656	182.010419	34.151537	85.058817
290.306892	184.653154	33.235325	83.421892
297.624388	180.745595	34.701401	83.691137
303.596122	176.150932	33.508152	85.297099
308.035628	177.805144	33.944344	83.818153
309.702690	178.991570	33.784353	82.326681
310.201502	177.440491	33.460774	84.752188
314.327297	179.755685	33.712928	84.373889
314.182315	180.403974	33.357735	83.899085
299.757123	194.496559	34.396969	82.573165
288.955885	190.227598	35.174674	85.501890
288.018319	191.330182	33.989143	85.652194
289.509261	189.420489	33.758566	83.205675
292.388014	189.594596	34.099125	84.978008
294.921167	186.802502	34.250354	84.333967
297.673777	184.595993	33.960239	83.361637
299.091605	186.375646	33.355752	84.164930
300.491134	186.620040	34.128868	83.879345
305.040033	184.261029	34.468527	82.608984
308.121913	183.704289	34.111000	86.179986
310.812133	188.134041	34.618821	85.367963
312.831196	187.149500	33.767236	84.077474
313.107414	183.419951	34.549573	85.453089
317.040875	180.660626	34.194657	82.859011
320.584327	180.488100	33.887846	86.120243
321.369903	184.411328	34.201960	84.554040
319.200048	188.048432	34.641917	85.510939
321.957624	192.742701	34.524014	85.036538
325.641753	194.339862	34.247410	84.400386
326.978780	195.683091	34.139289	84.507382
326.563796	197.944372	34.579755	83.364650
328.276495	196.720962	34.648807	82.285321
328.443760	193.543903	33.659612	84.459463
328.986055	189.636803	34.357333	84.168425
329.832157	184.189485	34.057517	85.118838
332.448443	190.327392	33.356769	83.576784
334.838078	193.581130	33.023848	84.625040
333.955439	196.526200	34.771732	83.223681
333.683319	196.382833	34.128207	85.160715
334.929286	201.463979	34.089588	85.988622
334.693781	204.560660	34.117024	84.159903
334.924417	204.618550	34.073348	84.202039
336.375273	200.644989	34.727517	82.630562
340.125787	197.639326	33.815991	84.752318
340.858335	200.390783	33.542428	82.990007
343.154121	193.943170	34.301076	86.753119
