16.000000	88.000000	19.000000	51.000000
16.330659	87.550062	19.019733	49.874508
18.209412	86.905623	18.883323	51.014480
20.041365	85.431417	19.063135	51.340346
21.675370	85.659819	18.651004	51.304276
23.477090	84.719488	19.176018	51.552144
23.929054	85.748425	19.122399	50.862113
24.371911	86.090956	19.221902	50.485670
26.699634	85.328012	19.415770	52.026555
29.478170	86.392169	18.911643	52.018845
31.116719	88.690399	18.913206	51.079170
33.221478	87.565911	19.241486	52.194191
34.157172	87.333271	19.232690	50.503076
35.694513	87.922874	19.166978	50.843176
37.995526	88.206252	18.696725	51.369422
39.329653	89.764953	19.119048	50.475796
41.115186	90.435100	18.633991	51.030072
42.026463	90.483853	19.094694	50.425912
43.733604	88.638437	18.775890	50.677364
45.420214	87.218382	19.514317	50.880464
46.828044	86.589436	19.141462	50.889590
49.447686	88.112769	19.289280	51.070743
51.588587	88.459399	19.041648	50.057362
53.199662	87.957856	19.148594	51.299349
54.703913	88.751172	18.988431	51.215805
55.851738	88.782134	18.968987	50.711649
57.083736	88.739869	18.906687	51.610626
59.026893	90.073888	18.712509	50.975855
60.730022	89.394621	19.262126	51.277247
62.882584	90.661436	18.752101	51.170429
65.185398	89.575155	18.974519	50.857815
66.471403	87.429590	18.840941	50.396434
67.454677	84.411343	18.949746	50.663547
68.428147	86.653816	18.760366	50.604300
69.845626	87.308628	19.247273	51.477658
72.093407	86.893231	18.967114	51.235986
73.719451	88.475280	18.995310	49.391600
73.474450	88.214336	18.519822	49.729075
73.330546	87.666767	17.630860	50.897004
80.454500	93.671926	18.695621	50.830331
81.879288	87.884094	19.149790	52.849047
83.100525	86.438392	19.041191	50.402693
83.538714	86.073093	18.892454	51.391355
84.432938	86.563018	19.204076	50.426116
87.044971	88.689499	18.781199	50.847290
88.119710	86.797347	19.484338	51.341254
89.261638	85.969854	19.384666	50.462095
92.012569	85.351926	18.781687	50.952721
94.029165	86.435341	18.729729	50.416238
95.519444	85.165347	19.137779	51.146317
97.418102	85.919716	19.107854	50.181306
98.714473	86.446878	19.151059	51.303687
100.991856	85.596126	19.125616	51.632273
103.082371	88.507571	18.811861	51.168256
105.526785	89.783828	19.000696	50.676151
107.873621	88.453894	18.853773	51.326495
110.453185	88.265919	18.945047	50.755991
111.494173	86.136960	18.839405	52.160712
113.316539	85.883658	19.115297	50.621528
114.009493	85.339864	19.250014	50.886484
115.273067	86.953533	19.178941	51.186513
116.617470	86.712510	18.718098	51.029581
118.042377	85.658745	18.717723	50.637388
119.429057	84.504076	18.892650	50.550116
120.468150	85.370443	19.438304	51.410123
122.645220	87.301255	18.797177	50.814260
124.957410	88.985110	19.143405	50.498413
126.689008	88.058976	18.753033	51.944393
128.275094	88.881208	18.847184	50.413539
130.135892	87.007140	19.044676	52.047266
130.908938	87.068571	19.438777	51.886889
131.718922	88.062798	19.476369	50.379738
134.662036	87.510561	18.654102	51.939461
136.845765	87.673658	18.490501	50.907179
138.411591	88.788616	18.851797	50.733240
141.193096	87.689442	19.124968	51.371945
143.423170	87.346613	19.237537	50.244593
144.469237	86.497143	18.956465	51.210453
146.086269	86.546051	19.030162	51.926065
147.528958	84.508190	18.709918	50.894914
148.709500	85.739628	18.778706	51.330661
150.527823	85.476370	19.039211	50.851817
152.600040	85.656897	18.870143	51.718038
154.196968	87.404075	19.482170	50.623058
155.989428	86.557277	19.068469	50.367516
156.652977	87.727216	18.846920	51.115826
158.696268	85.977448	18.633390	50.711961
160.620593	86.252492	19.023351	50.937106
162.042228	86.938908	19.122484	51.256944
162.777206	87.584086	18.979824	50.797619
164.544132	86.429121	18.523078	50.980200
165.783005	86.611531	18.986413	50.295948
166.991404	87.703209	19.324281	51.469652
168.447651	86.045858	19.062311	50.876996
171.147580	85.539895	19.521972	51.283170
174.629437	85.931358	18.760423	50.156516
176.890810	85.946210	19.148517	49.980288
177.870530	85.360767	19.371098	50.336187
179.243631	86.080201	18.387070	50.948557
180.180703	88.599812	18.724645	50.501227
181.327123	87.912603	19.212178	49.500376
183.445682	85.907914	19.240253	51.031310
184.860170	87.280226	19.340802	50.823165
186.183095	86.879571	19.053400	51.148216
188.145419	84.987711	18.622535	51.344532
189.439536	86.334458	18.823727	51.138771
191.209519	86.633857	18.981331	50.221117
193.744954	87.095741	19.235947	51.041087
195.684286	86.127506	18.710285	50.630274
196.719952	85.593424	19.152711	51.853821
197.505868	86.957347	19.046115	51.389155
199.619507	87.008366	18.472227	49.683401
200.779682	84.826397	19.360472	50.799610
202.203822	84.995460	19.062418	50.343603
203.821031	85.178900	18.805385	50.958588
205.777915	84.969236	18.636585	50.738801
207.299507	85.691807	19.140740	50.446604
209.304952	85.044814	18.733558	51.388672
210.666905	83.970731	18.655795	51.098607
211.787682	83.968012	18.980213	50.872172
213.668051	82.836609	18.868464	52.180874
216.053485	84.280157	19.911423	51.572080
217.413981	83.728577	19.108210	52.896911
218.953347	85.385755	19.160898	50.058459
221.492725	84.207036	19.078557	51.132613
222.970204	85.955676	19.020362	50.192800
224.977664	85.748440	18.503940	50.034676
226.194772	83.577252	18.541432	53.071863
228.068569	85.695449	18.945698	49.928778
229.646208	86.804826	19.361962	51.359030
231.026928	87.406461	19.043977	49.639686
233.315688	85.429711	18.796569	50.700658
234.859956	82.626870	19.308910	51.070684
237.053143	83.396487	19.086560	51.853903
238.484870	85.241338	18.605052	51.110031
239.456894	85.458797	19.362018	51.478168
241.513521	83.939694	18.965943	50.776431
243.786346	83.961220	19.345367	51.948967
245.519398	86.005173	18.634887	51.476658
246.847946	85.062263	18.187107	48.896315
247.846660	85.542113	19.234467	51.485437
249.664580	85.301675	19.417733	49.897756
251.923254	85.858067	19.405740	50.332594
253.276111	86.217217	19.131813	51.237009
255.222039	85.291376	19.285519	51.698768
256.048293	85.000661	18.881794	51.307286
259.167642	85.268954	18.819033	51.471215
261.705224	85.165313	18.685546	49.923676
263.218686	86.867398	18.745241	49.559581
264.238763	85.443250	19.090384	51.886661
265.742898	86.096982	19.390125	50.624347
268.141544	86.012958	18.937987	50.888900
269.283211	85.046798	19.168696	51.201616
271.565363	85.314392	18.233578	51.394750
272.901916	86.658774	18.355044	50.441011
274.379159	84.904049	19.057712	50.891645
276.099500	84.925621	19.081088	51.126959
277.949530	86.375158	18.568114	51.156239
280.065977	86.014806	18.958892	50.959479
282.032861	86.622857	19.106591	51.110180
283.542276	85.578688	19.281679	50.628579
285.568194	85.304632	18.994813	50.593853
286.966131	84.188576	18.934069	50.900301
288.671457	85.071191	19.167994	51.043652
291.722844	84.643649	18.909949	51.656583
293.194290	84.090276	18.888276	51.214247
294.040908	84.356150	19.114325	50.794341
295.512854	84.288614	18.820064	52.063123
297.456110	83.636886	18.429728	51.240157
299.039419	84.566409	18.774155	50.991028
300.718755	84.936264	19.386272	50.281394
302.257458	83.927426	19.104697	50.287327
304.104167	84.178953	18.715695	50.486193
305.216364	83.084957	19.473592	52.227898
307.745262	84.793865	18.923448	51.961852
