275.000000	137.000000	23.000000	26.000000
275.757360	134.537742	23.409963	25.825439
278.404156	132.319097	22.791555	25.811098
279.046830	131.758016	23.019107	26.219352
280.168617	134.392057	22.969929	25.432239
276.899540	135.797079	22.893873	25.998556
270.587702	141.230224	23.753287	25.571172
267.996953	150.584389	22.604728	25.748910
268.653897	151.598874	23.323010	25.593842
268.759590	152.676968	22.669447	25.623396
272.374002	152.642104	22.733278	26.850458
275.972518	151.002995	22.777094	26.343092
278.084658	143.917832	23.324750	26.324680
278.856001	141.735243	22.113520	25.493268
278.281662	132.455020	23.949238	25.404344
278.393748	117.700084	22.872181	26.365526
276.969024	101.689315	22.495332	25.938889
274.485932	86.017641	22.777253	26.026837
273.178898	83.149588	23.075984	25.417893
273.988060	76.001266	23.962651	24.905240
277.575268	66.165267	23.139518	25.993938
280.008378	56.974260	23.329224	26.125972
282.141624	51.592164	22.858070	25.963403
281.622466	49.686900	22.834112	26.432285
281.614341	51.159181	23.626672	25.996313
282.894550	55.664357	23.018033	26.094511
286.314127	62.703680	23.019924	26.103505
286.512794	70.290834	23.323388	26.077023
287.121752	72.501646	22.563934	26.427346
284.800725	73.692305	23.154037	26.384369
280.296779	70.838556	22.911436	26.632606
277.800442	63.292778	23.708156	25.863964
278.563257	56.095036	22.949149	25.634802
279.868073	55.150417	23.041330	25.201520
278.994325	54.420456	23.155307	26.098140
277.211910	52.824266	23.091582	26.333248
278.068755	48.623842	23.012803	25.965475
279.450256	45.781153	23.074115	26.420005
280.238967	45.301671	22.955463	26.437917
278.581916	44.186751	23.210971	26.567108
274.722866	40.982623	22.922851	26.147975
268.352450	32.702819	22.872231	26.324226
264.522815	26.824309	23.095666	26.652179
263.006386	24.176545	22.630983	26.662227
262.869116	26.429842	23.257060	26.032196
258.834002	31.362136	23.514091	26.615818
253.393983	34.199637	23.332078	26.566068
252.094127	34.930768	22.625237	25.721392
251.374720	33.406612	23.014919	25.835265
258.543476	40.744725	23.740503	24.000081
268.276680	52.619672	22.585801	25.363373
276.026320	59.624223	22.514181	25.563314
284.382723	65.477543	23.207553	25.167406
287.005924	66.536865	22.773669	26.556276
294.252180	72.384694	22.901202	26.120533
298.523395	85.492623	23.627245	26.651163
295.731162	97.731680	22.594959	26.499970
286.081230	102.886545	23.629712	28.684422
283.109008	102.418424	22.831508	26.731501
274.815792	99.408531	23.439676	26.031867
264.035125	90.123678	23.026383	26.098832
256.418623	81.024135	22.805790	26.678743
249.497016	75.411898	23.274487	26.013923
248.727993	73.236725	22.115696	26.150839
246.329898	72.410500	23.333613	26.056578
244.636048	72.084556	23.120477	26.455152
244.419696	71.495325	23.224702	26.012331
244.261703	69.627462	22.982099	25.679969
243.267447	68.051119	23.034045	26.122071
243.684125	66.943886	23.467791	25.557033
243.935333	65.194716	23.377258	26.477307
243.299847	63.879163	22.795810	26.598655
241.948500	64.047593	23.011721	26.519585
240.801750	64.123709	23.468512	26.605178
241.554096	67.991327	22.783615	25.575897
244.336633	74.114702	23.121329	26.646247
243.948007	81.419567	23.241585	25.892215
238.005044	88.945505	23.269614	25.990094
235.887980	89.141788	22.821312	26.394793
230.896766	98.341942	23.608731	26.124727
226.991418	105.365277	22.565960	26.609048
220.545153	105.314812	23.032665	26.765398
212.395496	104.298719	22.333114	25.153386
209.924148	102.914803	23.731075	26.453506
201.408832	104.010113	23.029071	25.919940
192.569686	104.692167	23.088668	25.900315
191.201717	101.931028	22.580833	24.451386
190.760020	96.823749	23.382481	26.288159
189.804229	94.678347	23.254913	26.292155
191.214086	95.431039	23.498091	25.917411
193.294511	99.415329	22.781038	25.868564
194.283878	100.560069	23.362748	26.144159
198.019533	97.226151	23.517973	26.100374
199.238457	96.200318	23.254716	25.848651
201.913230	93.778768	23.199848	25.772884
200.353795	95.396692	23.653901	25.486606
193.326592	99.183173	23.389156	26.224568
185.882829	100.250069	23.281442	26.843197
184.343071	100.039790	23.763205	26.004426
182.408004	99.820019	23.523309	25.474033
181.005004	99.293088	23.426900	25.929221
179.014830	99.978426	22.666978	26.116398
172.387579	103.633848	23.344944	25.999322
171.408656	105.007441	22.335994	25.999795
169.210364	108.940967	23.141618	25.917561
169.559527	110.877075	22.989864	26.356290
170.694413	108.287263	22.993953	25.953347
167.701315	100.928897	23.272426	26.312780
166.606354	96.505173	23.094864	25.878353
162.602149	90.947761	23.143371	25.629624
157.520139	82.908731	23.026746	25.807662
154.129962	74.878838	22.800481	26.147230
148.799840	65.720786	23.477120	26.504961
146.747629	62.499691	24.131379	26.175697
140.576352	52.515253	23.688295	26.522773
133.694932	42.820974	23.291465	26.448094
132.602572	40.524372	23.453370	25.598095
137.250645	38.326725	23.957864	25.453496
137.901941	38.932641	22.805925	26.464242
139.844576	38.704131	23.107340	26.507882
141.567886	42.048258	23.406960	26.754705
145.433285	48.078291	23.792041	26.697432
153.150224	57.964251	22.623467	25.617763
153.333210	57.999948	23.118991	26.487100
157.700995	66.712772	23.977211	26.881042
159.488756	76.348831	23.924893	26.933801
159.059876	87.040105	23.980394	26.593174
163.271567	96.206967	24.842250	24.994299
164.097524	96.473748	23.063234	25.851036
173.143126	100.862519	23.417464	25.714503
184.247405	101.907622	23.514672	26.033455
193.062479	97.026458	23.296151	27.160171
201.854417	90.718660	23.188393	25.830597
202.720630	92.783530	24.773053	26.941206
209.151513	93.188348	23.244364	26.456516
214.274756	88.221974	22.732515	27.490628
214.225352	75.552516	21.642740	26.315599
207.868527	57.425433	20.993572	28.500297
207.665296	47.144180	23.222259	26.006677
202.464680	34.952328	23.483328	26.197670
197.793870	27.034131	22.815778	25.832889
194.781400	18.851923	23.370415	26.629131
192.312448	10.818183	23.153486	25.503173
191.730443	7.459387	22.721064	26.143252
189.951788	2.752425	23.181757	25.227252
189.377883	1.818280	23.393050	24.004526
192.291103	6.655528	23.110981	25.230055
188.248349	10.465590	23.656023	25.644510
187.903435	12.213431	23.190651	25.832386
180.216651	17.595137	23.115574	25.460496
168.003626	31.983249	24.918580	26.043552
164.748148	51.487149	23.044625	25.285622
154.262555	66.508829	25.277951	26.593492
154.579334	67.415706	22.567326	26.432989
146.893386	74.033899	23.133565	25.759037
141.478639	78.998128	23.081207	25.860830
137.970315	77.512221	23.638332	26.231696
137.289190	68.700686	23.805157	24.783547
135.583915	67.233899	24.807743	25.664513
134.029762	58.001216	24.160177	27.251085
130.082577	47.399939	24.097163	26.163264
122.974113	36.734235	24.627923	26.847450
117.962059	33.096360	23.795303	26.757139
116.479007	33.289203	22.669179	25.753009
116.811900	38.902140	23.118667	25.481200
120.286387	46.085372	23.834695	26.128913
127.877865	50.538858	23.055816	25.652803
137.304841	50.903592	23.158858	26.803551
137.675655	50.807870	23.319520	25.781662
146.397747	50.501737	24.227835	26.779080
155.980933	51.366899	23.546102	25.704111
164.266532	47.365877	23.288029	25.706147
167.610652	39.637646	23.425769	26.354229
167.039977	36.864469	23.331612	25.877710
165.343920	30.848315	22.963097	25.879220
163.494357	27.182567	22.869242	26.346883
163.967743	29.280328	23.358174	25.998682
168.135392	35.617256	22.695635	25.937432
168.504906	38.608647	22.932704	26.668391
171.275328	48.266661	23.157725	25.238299
175.592334	60.186528	22.911552	26.037779
179.682653	73.048691	23.301065	25.646529
183.904340	81.844916	23.381522	25.605606
185.869789	85.316924	23.685597	25.884332
188.407589	85.460966	22.640565	26.242400
188.943809	84.611536	23.194875	25.970534
188.097379	84.196144	22.970064	26.284987
187.085580	84.003003	23.049587	26.435740
186.439180	84.114617	22.976690	25.862778
186.334551	84.854066	22.977091	25.842063
187.117160	89.066018	23.356487	25.709255
190.402700	97.680907	23.208662	26.547360
195.940303	108.586930	22.730782	26.218668
196.031081	109.818006	23.471557	26.359812
199.924182	113.294815	23.135330	25.997057
204.752591	117.987565	23.142221	25.893708
206.474612	122.191492	23.797232	24.850078
205.592580	128.397961	23.533792	24.754122
205.863008	128.176369	22.905727	25.343579
204.150196	130.000196	22.787055	25.483754
201.341433	134.538442	23.440351	25.923322
198.921206	136.596724	23.751095	24.700736
195.847861	136.605962	23.039368	25.395378
194.939540	136.318430	22.536475	25.812399
194.400178	137.094359	23.085947	26.263149
194.078803	138.241047	21.521989	23.144373
194.196370	138.389453	23.960962	26.012937
195.118460	137.734014	23.593811	26.572956
195.289435	136.960841	22.736482	26.479563
195.341916	133.268369	23.975661	26.435863
198.713162	129.146456	23.543777	25.398111
201.613869	120.927140	23.921301	25.579954
202.532927	117.402856	22.965292	26.376260
201.979613	116.027223	23.299452	26.585537
202.855755	116.525650	22.966429	25.833147
204.068824	120.024440	23.297523	26.075009
207.645419	122.162807	22.976824	25.696186
211.892094	119.517727	23.388883	26.246541
212.205744	118.738907	23.163046	26.456463
214.967907	115.804265	23.696752	26.071745
219.900936	109.772825	22.403267	25.833497
224.838121	103.778347	22.812683	26.073854
229.017590	96.719212	22.989111	26.221563
229.006979	96.454874	22.636150	25.964962
230.341050	87.458987	22.823485	26.697169
230.433270	82.113161	23.188485	25.965807
228.802340	77.906204	23.633495	25.880110
228.311734	79.179150	23.050594	25.283204
228.959805	79.566885	22.921578	25.917917
226.925227	83.739981	23.152071	25.822313
223.818939	86.693512	22.877343	26.173467
221.874018	91.350613	22.909051	25.054942
220.890853	92.953593	23.189237	25.881680
221.342267	93.623579	23.034494	26.187814
223.253455	94.009094	23.005176	25.962868
226.376903	91.897123	22.788747	26.305077
231.442122	84.028754	23.224892	26.616376
237.342027	73.323763	22.977875	25.560287
239.883359	69.553255	23.260231	25.553845
243.124416	62.988823	23.311412	25.890068
246.555375	55.615976	22.767020	25.970723
251.113421	50.398959	22.720202	26.175711
255.604289	48.488676	22.631811	26.306087
256.359241	48.441868	22.966999	25.986153
258.859817	45.231648	23.357269	25.763486
263.682586	40.519564	22.823487	25.861604
267.678338	35.324200	22.926528	26.122267
271.990718	30.258448	23.289665	25.798062
273.384854	29.989664	23.076549	26.032864
275.517651	29.465521	22.958103	25.992544
276.855977	30.028649	22.991644	25.888439
278.775548	31.631796	22.805603	26.010131
277.685011	36.568788	23.471896	25.740301
276.646582	39.503926	22.767512	26.219357
275.018053	46.308156	23.033033	25.919387
273.688804	53.144959	22.953157	26.322317
273.009012	63.317773	22.832137	26.101157
272.440697	72.333506	22.865256	25.771199
272.138729	75.913705	22.932052	26.031051
272.214795	77.362027	22.811916	26.278085
272.069397	76.545641	22.839178	25.980813
271.809241	74.252020	23.331354	25.652741
273.603450	69.854280	22.820646	26.167917
274.634951	66.755925	23.090933	25.737459
274.428102	61.930338	23.323332	26.268495
274.621400	56.959816	23.016693	25.942807
275.026392	53.540823	22.792065	25.831523
275.278257	51.313396	22.955774	26.317739
275.358387	50.010952	23.045806	25.998546
275.575394	48.294279	22.988288	25.695291
276.974951	45.731439	22.806683	25.810852
279.340801	43.764972	22.886097	26.026570
280.854090	43.539645	23.086187	26.270376
280.336646	44.392191	23.136220	26.191368
278.462594	45.422766	22.959997	25.780069
277.107567	47.391027	22.909976	26.041617
276.146917	50.801949	22.848240	25.624510
275.075266	54.142668	22.945252	26.178302
274.589994	55.813858	23.154630	25.526013
273.672074	58.953228	23.241564	25.750426
271.635694	62.336569	23.024869	25.975872
268.373466	64.512957	22.924355	25.778546
260.661878	65.680489	23.100861	26.167567
256.786680	65.281584	23.418371	25.742571
249.897274	64.332295	23.095974	25.928124
241.066933	64.290257	23.152430	25.748679
234.246636	65.491260	23.037561	25.840410
227.408600	65.634375	23.101117	25.679820
223.831732	66.326042	23.104860	26.199033
219.014977	66.629421	22.958177	25.792815
213.682151	70.696830	23.116804	26.398544
208.784741	79.481411	23.011278	26.126628
205.995486	89.002414	22.922099	26.094442
204.741687	92.605887	22.971923	26.050534
203.618591	97.574186	23.551127	26.237257
203.707845	101.433354	23.065942	26.203813
203.805330	105.459277	23.375316	25.996438
206.622334	110.111364	22.949194	25.910385
208.214320	111.873172	22.782040	25.880271
212.559053	114.635753	22.797429	25.976240
214.887725	120.665880	22.704883	25.693796
214.516529	126.782603	23.053743	26.606351
212.575959	132.025182	23.234966	26.163438
211.497468	132.358133	23.145406	26.043686
210.655516	132.542845	23.156116	26.069153
210.092162	134.138670	22.605974	26.158007
210.556629	137.112902	22.999787	26.217229
210.821577	139.834691	23.318449	25.571634
211.970720	140.591137	22.547609	26.146523
212.564077	142.534188	23.172117	25.842770
212.532593	142.875673	22.759068	26.559309
210.932621	143.657383	23.070559	25.873281
209.217739	145.816806	23.019986	26.485401
209.851986	146.293621	23.482838	25.623753
211.019528	147.458233	23.290746	25.283145
211.819710	149.168013	22.929843	26.217797
213.310945	155.350631	21.788398	25.771820
213.552252	162.429573	23.536288	26.262268
213.972247	165.547922	22.408856	25.131497
213.708078	168.174286	23.176536	26.010923
214.816408	169.431075	22.899219	26.186007
217.223159	168.190154	22.721613	26.346048
222.667690	162.521356	22.822251	26.880286
224.732097	161.783453	22.512599	26.677372
227.738421	156.041322	22.420018	26.522054
228.581245	144.910830	23.013681	25.718367
230.476400	132.211671	22.986043	25.702860
234.030176	122.414254	23.467888	25.057234
235.425660	120.275643	23.204831	25.304352
238.072073	115.874942	23.396770	26.259772
242.538156	108.982551	22.779946	26.741045
247.002830	99.674313	22.878568	26.646958
249.888224	91.378280	23.229021	26.281291
250.100830	88.749094	23.246798	26.074163
253.206979	84.826328	23.117470	25.867708
259.320817	78.831591	22.948412	26.315968
264.030943	74.163190	23.040207	26.039603
269.480099	69.221032	22.659156	26.107276
271.195363	68.252306	23.376971	26.538644
272.610224	63.647103	23.068012	26.208106
274.127020	57.253861	22.969132	25.996492
276.038130	52.832787	23.206754	26.311531
277.250032	52.776893	22.577926	25.607007
277.574580	52.596145	23.111268	25.829980
277.927752	54.300649	22.493645	26.277600
277.548641	57.884325	23.026226	26.328748
278.834050	61.051261	22.906474	25.982172
282.039086	64.383118	23.232224	25.798508
284.175115	65.208100	23.362538	25.959390
287.064230	66.779687	23.071002	26.453149
292.154892	67.236722	23.461324	26.604956
300.166661	66.209206	22.587458	26.531947
305.544427	66.355088	22.942922	25.847298
307.136911	66.910258	23.070662	26.148522
310.256421	69.273081	22.751099	26.538826
316.928855	72.674248	22.983099	25.989231
325.843754	78.046401	23.145244	26.232164
336.175907	79.720746	22.709574	26.179005
340.238510	79.240429	22.866775	26.022869
344.906171	77.657726	23.179708	25.987277
353.375155	77.559570	23.222243	26.840988
360.638160	79.168647	23.193560	26.573673
365.311637	78.527623	23.226425	26.743762
365.101219	78.321567	23.438502	26.014309
366.621181	75.617179	22.737379	26.179911
365.835713	74.133397	23.583993	25.747998
365.823022	73.200166	23.058283	26.798921
362.302382	75.449052	23.629477	26.886700
361.930201	75.245152	23.414027	27.100351
360.359505	82.188867	23.188943	26.283707
364.131171	86.526804	23.901571	25.959451
368.846244	93.674410	25.181819	26.742219
377.859594	105.126100	22.642856	25.692447
364.000000	110.000000	38.000000	31.000000
373.339066	124.336577	35.107313	31.532985
375.263917	139.207341	38.251328	30.629522
