142.000000	125.000000	91.000000	40.000000
138.519949	123.113755	90.729824	40.314881
132.601958	124.112850	91.218976	40.258186
127.305161	124.120690	88.437075	39.625380
123.474062	124.638714	91.519189	38.495301
121.717538	122.584650	89.958840	40.105063
113.309616	123.556204	90.466613	39.557624
110.092870	122.525788	92.271106	40.080005
106.680732	123.144725	90.728691	39.997421
100.183662	122.105165	90.946600	39.967330
95.398628	120.885753	92.460844	39.992463
92.293776	118.880541	91.872995	40.619743
86.825733	118.186801	91.348368	39.673366
83.230770	118.134810	89.182862	40.032657
75.176968	116.465626	91.762551	40.113281
71.745074	117.338088	90.437068	39.642209
67.383928	116.133957	92.509054	40.079254
61.623764	115.799267	90.598912	39.688588
55.277947	116.488357	90.203545	39.268633
47.418504	115.270950	91.825173	40.080275
43.405315	114.281695	92.757736	40.027801
40.359953	114.582736	92.796002	39.737923
33.318145	114.020624	93.848658	40.131777
26.448269	113.076108	92.119051	39.634544
23.793803	113.550158	89.906261	39.943113
17.144591	114.042243	88.863434	40.497102
9.161461	115.530735	89.991273	39.137841
3.645709	117.226041	87.241085	40.476027
1.662993	119.137554	80.953221	40.097621
0.279281	120.189538	71.747464	39.810639
0.114772	121.612603	71.705656	40.883886
-0.063768	122.301080	67.844456	41.098827
-0.035098	121.486950	57.197431	41.430509
-0.064089	125.108757	51.623924	40.579955
-0.030691	126.581889	50.953795	40.576492
-0.019151	127.281066	45.052386	40.073296
-0.035579	125.175369	49.979429	43.068307
0.000000	125.098638	58.690629	44.450242
-0.001552	126.360972	54.482026	41.587750
-0.009110	129.862142	40.150290	37.605589
-0.025090	126.110828	45.365419	38.338978
-0.007998	123.848364	55.958556	43.764116
0.000000	128.161970	58.176648	39.173934
0.000000	119.462298	51.956152	41.666036
-0.053356	122.096436	48.927975	39.761533
-0.041010	122.289906	55.955874	39.818513
-0.068343	120.491058	61.243026	39.430750
-0.068217	119.369981	58.704837	40.705403
-0.060000	118.715359	65.192228	39.774285
-0.101623	115.972193	66.903958	40.204324
-0.071018	116.608361	68.367088	39.417028
-0.068225	115.653642	68.794148	40.415163
-0.053104	114.972954	71.609975	39.106636
0.013383	113.494826	74.218934	40.655583
0.189739	110.449822	74.622489	40.351485
0.295400	109.419706	80.095221	40.288398
2.395889	108.553846	82.303951	39.222432
3.820724	107.149149	85.490459	39.855429
8.628167	106.974227	90.011994	40.004707
13.343277	105.665636	90.007998	40.327485
20.546365	103.579350	92.089930	40.043843
27.544962	103.643404	89.396038	40.122535
32.724927	103.108220	91.125787	40.699453
35.928910	105.585836	89.303504	39.564993
42.011868	103.377640	88.791316	40.301621
42.341335	103.021612	93.502516	39.388063
47.899685	103.847581	92.255838	40.488222
54.488455	103.317679	91.018280	40.412817
56.979296	105.706685	89.240734	40.150560
54.186787	108.727467	93.881057	40.123385
56.219775	109.713902	89.706647	40.224181
56.609906	110.211388	89.351128	40.034113
55.064156	111.949247	92.367710	39.447237
57.651970	112.739298	91.176199	39.033978
58.655536	114.376745	91.727738	39.434145
59.205037	115.720509	88.401953	40.219399
59.966431	117.733021	90.152249	39.220754
58.903165	118.658679	90.216684	40.133219
58.093160	118.421860	90.274348	40.124456
58.847381	118.761479	90.402049	40.389695
58.873197	119.757743	90.180284	39.902132
58.582734	121.741037	92.408481	39.631028
58.804089	121.261169	90.574804	39.613746
58.715563	123.809914	91.818112	39.279497
58.363789	124.143212	90.800778	39.610350
57.654970	126.672758	89.940103	39.419006
59.525729	126.633669	89.194495	39.494396
57.378714	126.000217	91.758542	40.210482
58.311596	127.210526	89.064756	39.957875
57.492447	128.815707	90.120528	39.965592
58.668556	130.117447	90.349558	39.123006
58.515811	130.202668	93.231240	40.113015
57.051794	129.911596	88.039085	40.532174
55.727605	131.731941	91.680263	39.996053
53.377182	130.974254	93.203046	40.707105
53.618807	133.054929	91.969648	40.464113
53.723062	133.091409	91.931158	40.925347
58.514753	135.294315	93.943908	40.175238
59.015849	136.466954	91.290753	39.682125
61.212796	136.667226	91.309796	40.172017
64.604641	139.805242	89.295635	39.963183
67.335599	139.198227	91.224248	40.450046
69.206084	140.903974	90.667060	39.317556
67.882330	142.295852	91.360331	40.555872
67.918402	142.232273	89.830277	39.855610
72.286720	144.862470	92.940421	39.170690
77.619925	144.318507	89.685415	40.733992
82.749458	144.298046	91.472431	41.212181
85.296787	146.044439	90.588721	40.042721
93.317734	147.956718	90.601049	40.537920
94.561281	150.234489	91.693746	40.075168
97.761952	148.583212	91.202279	39.364555
101.368036	148.938412	93.457654	39.793774
106.203068	151.422103	91.668565	39.862223
112.406260	152.587001	90.981947	39.748409
114.969493	153.958605	92.420990	39.419141
119.326849	154.123836	91.004088	40.080031
124.711703	154.645121	90.543751	40.866782
128.364501	155.695964	90.870805	40.008802
132.837643	156.164805	89.091380	40.083786
138.316291	157.408550	87.951173	40.457676
138.697975	158.629005	91.464265	39.692603
147.236050	157.347214	89.382258	39.895383
149.130591	159.568029	87.496644	39.342663
154.173283	159.646193	91.303469	40.737271
159.085936	160.157392	90.730810	40.210519
161.974874	161.605972	91.034933	39.780632
163.605397	161.161869	92.501155	40.058288
168.487518	163.293411	90.480141	40.458788
171.151145	163.489244	92.789124	38.689263
174.367333	164.030611	90.310748	40.004719
179.208770	163.653687	92.648489	39.977377
182.339817	165.675952	91.391874	39.972528
188.006735	167.321241	92.672455	40.631629
189.353491	168.361207	89.625976	40.277229
193.492861	168.835441	91.813282	39.781859
197.969683	170.096958	92.062501	39.825948
200.163461	168.711901	93.774282	39.548220
202.034700	170.333437	89.737933	39.646069
203.427133	172.035278	92.409934	38.392301
204.238318	173.884420	93.333845	39.870621
206.367388	172.391326	91.537929	39.120133
207.702853	172.719646	91.245989	39.002480
205.325458	174.268363	92.264559	39.370106
206.877686	173.583046	91.456112	40.635724
211.091138	175.073621	90.751920	40.074027
211.991184	176.534214	92.147237	39.712239
214.526945	178.133333	92.585135	39.665083
214.443090	177.822219	90.578018	39.810026
211.179134	179.443801	90.208173	39.192811
211.080626	181.535669	90.885925	40.155729
207.911683	181.397515	90.746669	40.925439
205.892833	182.744951	91.463420	40.384297
207.115840	183.138182	90.419735	40.003931
207.774183	184.439708	89.028687	38.882011
206.019167	184.523108	87.383151	40.737197
204.848748	187.272760	91.106421	40.459010
204.166048	189.686875	91.710826	40.614424
201.643565	191.935015	92.197317	39.248044
201.466488	191.958113	90.249884	40.043027
201.195800	193.055875	91.256921	40.972739
203.731761	195.329313	87.780272	40.104811
198.439654	195.944962	90.349972	39.978479
195.939321	196.664334	93.072533	40.364210
199.685270	197.197132	89.170027	38.417714
197.465594	196.279063	92.664726	38.589359
194.780013	194.763422	91.769196	39.355587
193.385369	196.983456	91.341748	39.979464
193.106097	195.905206	88.193917	41.330991
190.393762	195.849315	90.587588	40.519818
192.874996	195.624755	91.539312	40.034025
190.515591	195.099530	91.648671	39.332116
188.968016	193.529874	91.547181	39.125930
188.767260	191.498490	89.322130	41.196148
182.742623	189.493289	94.064662	40.175245
188.392624	188.784642	87.166962	39.440686
186.567950	186.487677	89.683596	40.538791
181.367606	184.969395	92.914186	40.163060
181.061582	185.825765	92.103534	39.666616
180.052389	184.876427	92.855209	39.895139
178.000271	183.137468	90.571522	39.517727
180.821194	183.288070	91.573812	39.359674
177.132616	181.738758	88.461137	39.394423
176.334677	179.185367	89.715403	39.206029
177.563591	177.670925	89.412870	40.010051
170.164051	177.735226	94.223088	40.965752
170.975176	176.324895	91.050902	40.410939
171.127168	173.395261	89.110388	39.716295
170.415469	171.714741	93.713926	40.052629
169.369543	171.016026	90.858066	40.177521
167.063923	171.099628	92.467637	41.046203
167.332116	170.301081	92.197168	39.564410
169.182040	169.257342	90.087908	39.397898
164.688650	169.070653	90.926287	39.811177
162.270121	167.868062	92.272065	40.287510
162.309965	166.288982	90.591589	41.270503
163.190407	165.922969	89.828158	40.213523
158.071453	163.876568	92.884986	39.360979
157.070444	162.730595	92.140339	40.171742
159.182631	160.697073	90.879887	39.576376
155.356261	161.381012	90.465405	40.015214
150.655695	159.734821	92.733199	40.179135
152.287570	158.498939	89.291696	40.012395
151.630750	156.757930	87.344285	39.976667
148.314637	154.823854	90.099353	39.389577
147.107553	155.169663	91.586631	39.817990
145.818201	153.862701	88.665893	41.351703
144.626656	153.412790	91.846216	40.888049
142.390467	151.146236	90.994226	39.452862
141.578901	150.956416	90.454405	38.956824
139.199851	150.324263	90.835437	40.571433
138.030555	149.905663	90.614770	38.863387
136.656887	148.618450	91.065147	39.748434
133.550798	146.689486	93.159402	39.961016
135.323445	147.290285	89.183784	41.023551
131.370721	146.676348	89.175439	40.503377
129.070124	144.826017	92.192786	39.675247
126.754432	145.307198	91.519472	39.840292
124.785581	144.015422	89.986474	40.123656
123.245904	144.286609	92.350784	39.858402
124.890763	143.714337	89.970042	39.164034
124.225066	144.753564	90.210313	39.855017
123.086433	145.241366	90.846282	39.677193
120.353556	144.029181	91.609105	39.571689
119.095422	142.309186	90.711058	39.875105
117.181061	142.481326	89.430513	39.964061
116.547600	141.161200	90.964841	40.648746
113.533475	142.343797	91.998039	40.306269
113.110376	142.583795	91.142712	40.910659
110.855151	141.210086	93.360408	38.967872
110.756128	140.742815	89.401012	40.329468
110.824615	141.446099	88.559898	39.451683
105.183766	141.565366	90.033328	40.518482
104.350490	141.629879	90.851333	40.905760
99.774156	142.324991	91.704161	40.552597
98.183443	141.820094	91.191209	40.244749
98.430095	143.067098	89.950824	38.786917
99.135046	140.406644	90.605141	41.401822
92.467544	141.268250	89.591781	39.204208
91.271253	140.281829	90.128832	39.713867
92.227576	140.039861	92.953065	39.801610
96.708931	140.995681	89.471924	40.120443
99.447797	139.634322	89.333166	39.780442
99.170123	140.459008	89.673479	39.677184
99.994019	138.300867	91.102778	40.758944
109.739558	137.444427	89.764945	40.277306
110.275616	135.770134	91.026996	39.912942
113.413200	135.326859	90.388388	39.673544
116.237714	135.551153	90.174437	39.791725
122.185263	134.395826	89.649549	40.857748
125.069548	132.970613	92.031102	40.281781
131.879253	131.188031	90.053679	39.029845
132.350126	129.701775	93.183804	40.392570
134.889318	130.314707	89.808081	39.712217
142.139290	127.184623	88.348292	40.189570
143.675374	127.375823	90.482261	40.230774
144.400737	128.190266	91.481968	40.113102
152.135455	127.169773	89.444480	39.934694
151.395589	125.353937	90.620902	40.355288
157.972187	124.974290	93.056086	40.202625
161.012546	125.728015	91.094711	40.342870
162.354035	124.936707	92.243304	39.523486
164.438133	123.460755	92.084454	40.218058
170.288045	123.423083	87.844808	40.049687
172.062409	122.817337	89.573325	39.041992
174.972319	121.390804	90.209133	40.272982
176.162522	120.940579	92.262053	39.103133
175.982700	120.810074	92.046847	40.308411
178.133686	120.170108	92.381587	40.578504
180.957022	119.442525	90.471876	41.007380
178.951780	121.152744	91.501004	39.435193
183.044537	120.777249	90.695810	39.387986
182.091857	121.820997	91.156925	40.065779
183.034654	123.898481	89.860295	39.944275
180.552843	124.762954	91.876416	40.613860
176.123816	125.350358	91.223876	40.149525
173.977603	125.023124	91.933908	39.997093
173.678572	127.120395	88.747448	40.228821
167.865101	130.542566	89.773056	40.155515
168.183554	133.647781	91.891538	39.531579
163.479035	135.831819	90.257303	39.194048
160.330759	136.108824	92.840523	39.720936
157.890270	138.443823	90.374400	39.317957
155.539504	139.751899	91.253428	40.037236
151.130533	143.452342	90.850100	39.667916
148.162676	145.726774	92.180582	40.295720
143.833371	147.026707	91.418414	40.234413
142.204746	148.262910	89.605885	41.152978
143.776971	148.826799	88.911185	39.632925
141.069100	150.211384	90.309778	39.614753
140.430833	148.590021	90.797524	40.281871
141.008384	147.112947	90.265966	39.907877
138.108007	145.175775	92.261929	40.170218
132.917233	144.579331	91.330090	40.741757
129.120484	143.941611	91.539755	39.619246
127.652504	142.604563	90.765122	40.010443
126.511070	140.279222	90.705477	39.694997
122.945349	140.109497	90.865330	39.760542
119.571799	137.487597	91.405381	40.348794
120.513432	136.418935	93.185506	38.994490
118.295611	135.125409	88.189675	40.490660
118.581083	133.304883	88.432322	38.835688
116.278633	132.373366	89.332391	39.701213
112.645560	130.138361	90.510741	39.756800
112.020635	128.625518	90.410569	40.274382
109.884540	127.859395	92.476643	39.653424
107.992762	128.786990	92.896509	39.520461
105.856923	128.844291	91.109744	39.600711
107.567503	130.313035	92.317332	39.873922
108.152217	130.709156	92.379186	38.172485
108.334487	130.772579	91.153549	39.215400
108.466254	130.382458	90.308642	40.110890
111.498432	129.609137	90.430494	39.873369
112.121407	129.846853	91.361707	40.481185
111.298838	129.642220	91.741788	39.866719
115.820139	129.662711	90.736857	39.431501
118.308588	129.478463	90.027608	41.197456
120.448803	129.129303	92.242789	40.854865
126.612603	128.971036	90.452405	39.960674
127.181181	129.040092	90.245855	40.205697
130.693023	130.075733	92.334782	39.928320
131.980025	128.417385	91.706896	39.552666
134.279967	127.042661	91.668059	39.354001
139.170733	126.313812	91.281467	39.691644
146.261520	123.704437	90.912139	40.328120
143.631356	121.890722	90.962896	39.584998
150.316974	119.819757	90.275506	39.249660
151.280312	116.225951	89.761437	40.084201
150.589511	114.057662	91.648811	39.487312
154.249501	109.411946	91.979474	40.441586
158.655261	108.052636	91.242317	40.892595
156.565044	106.873436	90.206909	40.386372
156.744760	106.509845	89.706599	40.153197
157.618310	107.684088	90.677964	39.730361
160.073666	107.932981	89.545541	39.073077
161.267829	108.211777	90.095582	39.961231
160.887962	108.643151	91.021853	40.148755
159.103896	110.862549	91.705523	39.166541
159.251697	110.961292	90.501568	39.559527
158.762169	111.660112	91.347058	40.268041
161.074212	111.757877	92.105509	40.360083
161.847206	112.960451	92.204101	39.492361
163.036576	113.684520	88.423931	39.738969
163.795978	114.381661	90.879632	39.951386
162.739970	115.826371	91.853340	40.229561
167.176662	115.062294	89.438826	39.967084
168.485467	115.691704	89.437304	39.463156
166.539952	118.418082	90.204284	39.748300
167.292630	119.600138	88.588739	40.710266
164.271217	120.130970	90.578472	39.678354
166.315337	120.132165	92.384956	39.880762
167.713813	120.789780	90.397170	39.945069
170.218308	122.227576	90.399270	39.772883
170.611939	122.700968	90.025670	39.793946
168.691809	123.129276	91.293475	40.387996
170.880171	122.182752	89.842909	41.100932
167.833993	123.135414	92.470745	39.862991
168.435612	122.836693	91.659244	40.423431
167.604211	124.153963	92.092872	40.469035
170.970271	125.647786	90.870396	40.004864
170.679462	124.814684	90.739528	40.818586
171.158806	125.416212	92.837089	39.613526
173.328754	123.610537	89.507388	39.764324
170.828608	124.686835	90.451921	39.775363
172.731273	123.871181	90.875938	40.278698
173.551559	125.363012	93.108269	39.437054
174.902634	124.186707	92.368127	40.886438
171.988141	125.438607	91.193295	39.697822
172.103708	126.476669	91.416929	39.788145
170.387002	126.910420	92.872036	41.184511
170.765591	126.473118	90.605698	39.903360
168.149055	125.777167	90.891828	40.636770
166.420197	126.852367	91.777776	40.444203
163.481913	126.989426	89.067741	39.675411
161.201499	127.222416	91.241410	40.293686
157.528680	127.779042	91.704039	40.073578
154.689073	127.810189	91.603465	40.197010
153.879317	129.438450	90.061793	39.409853
151.745177	126.138778	91.992673	41.999939
152.115761	128.238662	92.191553	39.115146
151.808015	128.984192	89.748710	40.250230
147.250352	128.264361	88.997935	39.940914
144.507818	127.109745	88.686540	39.685300
142.399984	127.609345	90.729937	39.551669
140.094292	129.068533	91.077457	39.322774
140.617847	128.646752	89.568812	39.019613
136.843547	129.476661	90.717776	39.582733
135.072318	129.023428	89.713678	39.635774
132.439366	128.627084	92.286772	40.600247
124.981281	128.522506	94.888088	40.417403
127.034620	129.252163	90.885971	40.152099
124.642866	130.213669	91.504817	40.388690
121.488945	129.516304	91.476443	39.345722
116.112865	128.981763	92.308032	39.988115
116.541231	129.005067	92.609917	39.708476
112.607500	129.764201	91.835945	40.428272
112.855333	130.426238	90.674870	39.213045
111.497285	129.197462	88.623614	41.020978
106.182360	131.160785	91.879819	39.618869
104.737841	131.715306	89.643588	39.027558
101.876959	131.603413	90.865316	39.984274
97.396049	132.786948	91.938381	40.373074
91.530012	130.456758	92.913889	40.455894
91.687973	132.539483	92.465951	39.850477
90.363261	131.950793	90.985142	41.216443
88.690799	131.758796	90.796119	39.955293
87.259009	130.770557	90.035745	39.501139
83.874036	130.758226	89.402457	40.147497
80.972030	132.740905	91.232814	40.049436
78.491525	132.844445	92.821045	40.112330
76.503885	132.750088	90.246155	40.175201
70.841232	133.131734	92.533141	40.460494
71.190378	132.855442	89.662569	39.835587
68.222298	133.351502	92.133813	39.419731
64.008620	132.851203	90.599213	40.181664
61.858145	133.581171	93.269562	40.042802
55.511127	134.811355	91.011702	39.658641
56.057885	134.720244	88.515971	40.466066
53.502164	133.973955	91.246523	40.203075
52.754802	132.179483	91.496890	39.676274
52.325626	133.140171	89.152022	40.336845
50.099895	134.631831	91.101560	39.484793
42.223145	134.425222	91.502678	40.473610
39.052840	134.566268	90.368637	40.137624
38.073016	134.445134	92.808300	39.122370
36.151832	134.364447	92.283357	40.457449
37.278927	132.407953	88.935188	39.973743
35.148699	133.346756	92.404638	39.679740
33.309105	132.934785	90.368366	40.356455
32.410251	134.127142	89.850878	39.517222
25.735547	133.429230	91.822699	40.047145
24.892582	133.867016	92.490249	40.434480
24.002094	133.467634	90.725561	39.997725
21.166512	130.511520	90.769784	41.256271
22.240444	129.241742	88.623797	39.997896
17.821967	127.382159	91.467655	40.420887
10.736109	127.920549	94.626369	40.881475
12.555644	128.956404	89.067273	39.275957
9.293880	127.492538	90.422685	40.591158
8.060443	126.119615	91.959147	39.987898
8.186255	124.093174	88.817007	40.359866
10.048382	123.221877	91.245513	38.877556
11.227937	122.706031	90.184155	40.129122
11.080644	119.914690	91.385661	40.083808
11.574858	117.335968	90.762310	40.328453
13.568373	115.497827	90.794718	40.865937
15.375824	114.014846	90.979133	41.029720
13.795305	111.858796	91.004158	40.287431
18.686725	111.148197	89.499577	38.983724
17.608271	110.721434	90.535285	39.940756
15.996035	109.263319	92.391481	40.035160
17.080335	107.997075	90.749430	40.105301
16.992197	106.738389	93.123066	39.733617
19.989775	106.273652	91.176932	39.737845
18.441693	108.139055	92.614722	40.321835
22.285171	106.858283	90.850094	40.108505
21.509489	106.393319	91.175185	41.215795
20.013327	107.583439	90.715028	40.237609
20.033170	108.092245	90.780851	40.863047
23.844178	109.562513	91.736458	40.507630
22.274765	109.820818	92.807906	40.232473
25.972901	110.028949	88.959769	41.590002
25.703122	112.099221	89.345026	39.888392
24.819549	112.039469	91.315844	39.963354
24.930531	112.940985	90.174435	40.321449
24.436746	113.402150	90.450122	40.071089
27.233972	115.335482	90.667137	40.439184
27.129297	117.180560	92.204268	39.467129
29.631516	119.824804	90.259415	40.365541
28.704137	120.579915	91.212284	40.007966
28.845835	120.940094	92.236797	40.627433
30.160050	122.720772	91.356394	39.952877
31.612422	123.795414	91.238677	38.828180
32.965113	124.180802	90.186036	39.844622
36.617763	126.593351	90.738264	39.278938
39.369443	127.470888	91.222406	39.909428
36.614972	128.266526	91.504662	40.840180
36.098702	128.764471	90.071848	39.462902
39.263103	130.547904	91.787117	39.979689
38.621884	132.817611	92.439348	39.985269
39.535153	134.723988	92.597202	39.952245
41.752883	133.829275	91.573909	40.744942
41.254002	135.389943	91.894051	40.444964
44.623949	135.594408	91.319303	40.409898
47.823351	136.610175	87.733237	40.211733
45.431120	139.179398	89.320551	39.686758
47.537768	140.029392	89.507374	39.768564
49.239225	140.730924	90.592031	40.364175
50.978403	142.149123	89.474140	39.343061
49.813304	142.357592	91.053761	40.103672
51.960568	143.247142	89.919180	40.082313
56.408298	143.233193	91.359654	40.005406
54.809173	144.197185	92.105154	39.089991
57.314163	145.664297	90.333262	39.696493
55.124496	146.845857	93.890618	40.539051
59.705886	146.990677	91.722493	40.775398
60.062298	147.041808	92.388198	40.164108
65.208985	149.332029	89.367740	40.061772
59.814325	150.417856	90.791247	41.703248
60.467482	151.681073	93.140220	41.229608
62.484672	153.699442	91.266888	40.060512
63.771033	154.614308	93.190167	39.881268
67.459882	155.213126	91.171136	40.559767
67.944790	156.472641	90.026927	40.020369
67.449605	157.068447	91.928560	40.561836
69.679879	160.036327	90.785119	39.964933
68.816383	158.696972	91.446086	39.973158
73.569212	160.662922	91.013738	39.372428
72.666319	160.898224	93.234536	40.276064
75.346240	160.637391	92.427030	39.818905
78.023940	161.693973	92.143290	39.142347
80.206223	161.812880	89.566785	39.775910
84.714168	163.700068	89.702007	38.517265
86.417092	161.091930	87.268167	40.104010
89.835816	164.791059	85.184021	37.392491
83.584278	163.578424	88.476216	39.819455
81.660422	164.712326	94.457420	39.623200
87.621586	166.270912	89.721947	37.835615
90.053297	166.104800	94.945848	41.169008
114.595352	169.643858	89.253494	40.340878
86.000000	171.000000	89.000000	39.000000
87.577853	172.519802	86.401064	40.409632
88.179969	172.967120	89.637371	38.835574
85.335399	171.965198	88.951428	39.219345
87.153462	172.589303	88.568117	37.058405
90.190836	173.506859	94.151037	38.599141
96.119604	172.584597	89.100760	39.159382
119.321193	175.393137	91.502399	39.311929
133.989236	171.899291	86.285751	42.403084
135.325287	175.020229	91.545929	38.024571
123.213047	175.348574	89.717249	37.875911
102.297071	173.368514	86.184035	38.734610
95.034470	171.486912	90.046133	38.675861
93.000000	176.000000	89.000000	39.000000
97.183882	174.309089	88.806339	38.532899
107.416055	172.898964	90.498517	38.736698
110.565113	168.715316	84.143728	40.990532
101.337505	171.483168	91.545062	38.962177
104.497022	169.350096	85.623872	40.262855
110.061981	168.667372	87.353360	37.603879
99.495393	169.646790	87.896072	40.851278
97.008765	169.700168	88.938640	38.921202
102.236141	168.751353	88.983957	39.850860
110.631644	167.271346	88.191240	39.471826
119.584165	165.869015	86.805891	39.485587
120.790602	163.884324	84.527409	39.843859
120.322972	162.029115	89.966443	37.903309
121.566528	161.689997	86.370019	37.101706
121.913736	159.823830	88.640686	37.591830
126.268792	158.035164	89.858405	37.952426
103.169014	158.994660	93.532701	38.323163
119.231370	157.000786	85.916814	39.406432
123.504971	155.851398	93.750624	38.310751
132.571955	154.627290	85.890359	39.153817
133.240777	151.228013	91.539609	40.190166
121.691415	155.037671	89.047810	37.271193
132.354531	153.036324	86.011316	37.098081
133.798138	151.005498	86.510878	39.515823
128.622258	152.775172	92.191177	37.798075
116.233302	151.072018	89.567121	40.087120
111.213299	152.792037	90.522365	37.725399
115.086912	149.581522	87.913840	39.263338
111.367521	150.444908	89.648653	39.120187
108.868526	150.206220	88.547871	39.130445
103.530844	150.423360	91.056240	39.706134
94.068402	150.537177	90.571133	39.689838
88.881324	151.356069	88.267304	38.345400
85.501026	151.141118	89.094004	39.618055
82.402983	150.454113	90.126375	39.072578
81.898128	150.025443	89.327009	39.308344
81.939707	149.757052	88.308125	39.480271
84.420063	149.806272	88.694565	38.831221
79.606137	149.391721	87.117032	38.498130
78.556670	147.164172	88.979097	38.212416
78.735664	146.927080	89.613116	37.978800
77.391729	146.394448	89.871019	37.972471
75.652766	144.389594	89.972975	38.740182
75.225835	144.125040	88.672737	38.731369
73.929826	143.668513	89.158995	38.434911
71.922929	142.595412	89.513636	38.817214
71.623442	140.701146	87.375776	38.936405
72.051529	140.073167	88.104784	38.914740
71.442218	139.954885	88.875246	39.268287
68.279862	138.463726	89.065543	38.992423
60.085373	139.580502	89.395834	38.804047
58.810018	138.641124	90.092108	39.285723
61.438299	139.536727	87.807581	38.308005
61.267437	137.958986	88.294663	39.314511
59.715901	137.694007	89.716541	38.488884
60.452573	137.024077	87.283501	39.290506
57.685330	135.879416	88.296239	38.998086
54.901676	136.914356	88.348621	38.942347
53.640167	135.886379	88.501993	38.694317
52.332123	134.271165	87.735697	38.186465
54.746743	133.525146	87.448287	38.578717
52.802756	134.216644	89.566703	39.527566
48.257774	134.565380	88.670926	39.056978
48.166600	133.478146	88.495294	38.470545
48.791808	132.026484	88.244689	38.756714
42.775553	133.235799	90.082726	39.262273
38.971998	133.252149	88.794836	38.649655
37.833192	132.631460	88.607495	38.646107
39.560383	131.671625	88.930247	39.064171
38.243283	130.864428	87.809685	38.765028
32.867849	130.070552	88.058025	39.791982
34.101249	129.660336	90.207871	38.953865
38.423644	128.947447	87.439285	38.563151
38.468894	127.797537	89.577563	39.371470
39.269014	127.893001	89.735677	38.528734
37.310978	126.921226	89.004905	39.370673
38.535846	128.813890	88.486768	38.518423
40.906177	129.030149	89.987530	39.022359
50.865870	129.338137	87.971814	38.714666
55.434576	127.564455	87.977444	39.806338
58.509147	127.212551	88.553519	39.065692
60.296445	126.079249	89.368989	39.192113
62.860542	126.050773	90.606020	39.174200
69.626125	126.868404	88.865272	38.973665
70.746294	127.921730	88.350070	38.705090
74.471052	126.051526	87.743326	38.743350
77.271661	126.067535	87.668738	38.621661
88.394884	124.779169	87.691168	38.833286
94.037923	124.376651	89.829876	39.554501
91.221678	123.726996	90.099276	38.949771
91.996667	122.878671	89.388820	38.757451
96.454108	121.625489	88.413682	38.791950
98.501424	121.539244	88.766741	38.343754
101.750647	120.889715	88.088584	39.201535
105.311951	120.537723	87.637852	38.953009
102.392521	121.361113	89.311328	38.698989
106.670442	121.646198	88.759684	38.059344
106.689352	122.144658	88.675606	39.440130
104.733412	121.572386	89.258928	38.926194
105.197067	121.363541	89.339519	39.385904
110.793281	120.952467	86.207587	39.068306
114.247480	121.705775	88.416606	38.703602
118.849304	120.883594	87.910465	38.535429
118.091980	120.968236	88.659180	39.454654
122.272820	120.224965	88.929144	39.237421
121.372288	121.129249	87.938567	39.203907
124.845431	121.983285	86.630599	39.112199
128.925620	122.246273	86.246874	38.890482
130.230435	120.941879	88.164595	38.288223
128.976029	120.154469	90.005156	40.198807
132.113022	121.094636	89.556951	39.635014
132.556584	119.723065	89.522238	39.443278
134.305750	120.212315	90.321440	38.796092
136.359909	119.574332	89.016892	39.242881
135.806746	118.748837	89.480864	39.604115
137.652126	120.865421	90.003260	38.607301
136.479829	118.327267	88.715758	38.848671
125.888282	118.223071	89.680103	38.753453
117.769616	118.239203	88.449508	39.163897
110.373938	119.084072	87.596805	38.849742
104.870257	117.499943	90.737310	38.759591
102.876687	117.643714	87.372621	38.954421
95.382142	117.061113	89.214451	39.286822
85.661970	116.263229	90.028101	39.080042
79.186265	115.720247	89.341736	38.722352
75.423549	115.423016	88.593662	38.873903
75.372644	115.578872	88.459672	39.957232
82.402115	115.757100	89.142133	38.972742
97.141785	113.044710	89.075502	38.391432
116.919616	112.860337	88.257654	38.983908
137.087988	111.949694	87.460058	38.518298
151.437956	109.838998	88.091896	39.837669
164.112647	110.614810	87.934188	38.257086
178.860519	110.116786	88.768198	38.832524
185.913782	109.934072	88.395735	39.256423
190.542426	109.013182	87.864847	38.487461
196.361837	107.582421	89.450033	38.917944
203.098252	107.996907	88.191442	38.789432
206.314244	105.966264	89.355998	38.851344
209.547263	105.594594	87.933842	39.013955
215.427467	105.791763	87.529456	38.528074
216.492096	104.407845	87.951754	38.987842
209.796948	105.847310	89.680663	37.353003
209.838493	103.436921	90.321336	38.642051
211.912088	102.454067	89.936178	38.982078
209.419597	102.913486	90.151142	39.308458
207.368065	102.542455	93.302631	39.062187
208.714133	103.728193	87.823090	39.927676
223.235631	102.726149	91.412488	41.579513
204.527237	103.008185	90.008805	40.027850
199.958458	104.706981	93.412700	40.751701
204.000000	101.000000	93.000000	42.000000
202.185487	100.013931	94.570587	42.445195
200.726815	99.842471	91.176593	41.751193
202.785853	101.072752	94.517398	41.731551
207.343111	100.850744	91.708902	42.032578
206.714398	99.063864	93.928093	42.295804
205.260702	99.576848	93.252029	42.316312
204.214313	98.517685	90.340461	41.873974
202.495267	99.498615	89.313605	41.303066
200.610879	98.925114	91.230913	42.434635
200.240901	99.249701	93.789342	42.170298
202.718443	98.159768	93.585332	42.236003
204.469820	98.278493	92.340256	41.967417
204.467892	96.205616	90.124119	41.631689
200.128091	96.698876	91.702912	42.371526
201.943242	98.555668	92.777525	42.321504
199.683196	97.441450	94.289442	42.161293
198.782910	99.279004	94.632732	41.690450
196.764897	97.443162	92.806086	41.390492
195.545402	96.329676	94.503937	42.071477
199.349930	97.012942	92.392130	41.506002
197.266910	96.424481	92.812964	41.754183
195.040582	96.431377	92.007891	41.846875
196.387847	94.713449	91.250308	43.265960
195.952917	95.416323	92.442307	41.635633
194.636984	95.950677	94.665813	42.934092
194.195441	96.192569	93.536655	42.144412
192.632522	96.191125	92.039772	41.025820
196.884919	95.501676	91.899902	42.510574
191.414923	96.905765	92.375746	41.860129
186.809549	97.050821	92.046759	41.966439
178.113233	97.707380	92.111868	41.664678
174.071162	97.773454	93.198858	42.601412
174.465687	97.078198	90.031637	42.318248
168.940501	97.540449	92.096026	41.375365
166.209995	98.474047	89.465697	42.543919
164.643737	98.560987	94.577873	41.845837
160.988839	99.774191	93.174954	41.461944
157.833449	99.812131	91.141439	42.574346
148.856608	101.125917	93.613896	42.195450
140.596158	102.835680	92.173129	41.617150
134.483861	102.477318	91.355170	40.727390
124.333902	103.783299	95.885048	42.033144
122.381567	103.614336	90.896215	42.896969
116.298790	106.084776	92.359518	40.810726
105.024504	107.151874	90.801408	42.385011
97.654256	109.388483	92.520064	41.296958
95.906271	109.522511	92.435376	41.442305
88.674163	111.503599	93.430198	41.601672
80.079274	109.960875	91.516897	41.830936
77.725456	112.416918	93.649026	41.073784
75.070429	113.035844	91.356373	41.114847
73.109331	113.828740	91.442981	42.160044
69.491279	113.860707	96.066755	43.229765
75.665679	114.638324	92.374203	41.994943
75.818999	115.952249	93.522218	42.522920
77.926457	114.721383	94.167106	42.461572
78.344627	114.738563	93.131193	41.996207
78.644972	116.577692	93.242678	42.026557
80.706413	115.575382	92.559985	42.769209
83.422019	114.428350	94.170243	41.680264
86.287326	111.413860	93.318728	42.515451
91.349685	114.888537	93.200348	41.642134
91.944762	113.815389	96.625108	41.949362
94.194995	115.343054	93.476035	41.513474
97.007013	115.728133	90.977572	42.410685
93.979676	115.226673	92.578679	42.672574
98.039413	116.480085	93.108032	42.404568
100.456832	116.943057	93.884010	41.929142
102.273940	117.595146	92.421533	41.985990
101.538753	117.180003	95.990495	42.649969
104.837526	117.899650	91.678261	41.456911
105.124778	121.505088	92.024348	41.936120
107.375209	119.865247	91.408623	42.110505
112.167968	119.398616	91.995553	41.980384
113.398232	118.117380	92.166206	41.753987
112.108615	119.912080	93.617743	42.254511
115.794132	121.203229	92.308049	42.112554
119.757575	123.491787	93.588588	41.867934
120.977600	121.011190	91.396335	42.036409
122.031396	121.839426	93.116646	42.260661
127.407483	122.182687	94.116906	41.172420
131.242887	123.467158	91.398619	40.637704
132.070418	123.645039	94.609060	41.879293
133.908724	122.738454	94.552842	41.354430
138.454498	120.599197	92.008877	42.213990
141.413900	120.499222	88.350258	41.025288
148.188909	120.403577	84.456731	40.597536
163.384741	123.098091	88.174655	39.632044
165.510625	123.121761	90.308175	39.817615
209.013771	124.879064	92.482843	41.288777
205.986015	120.043525	96.845509	41.431847
206.391093	122.821198	85.498868	38.804385
206.205068	122.162600	87.047759	40.160220
210.463016	115.732294	85.062938	39.231101
221.454330	111.295604	81.723086	38.584110
221.369706	111.246934	81.156955	45.956106
229.805870	112.378183	79.836452	35.875924
237.259251	111.034512	80.969151	40.817015
243.345723	109.662072	76.709574	39.712554
123.000000	124.000000	91.000000	39.000000
123.901802	123.568464	88.219414	39.271534
114.385782	123.109573	91.418924	39.378049
115.074928	122.581803	91.015561	38.059181
110.566153	121.164370	90.801956	38.280967
110.736861	120.058053	92.105173	38.926308
108.165072	120.378577	92.215655	39.310152
101.088844	119.886164	91.755697	39.158255
96.702114	119.079811	91.541741	39.346326
96.478835	119.425657	90.975092	38.112848
93.999140	119.782791	90.487209	38.496352
90.850461	119.731666	89.507055	38.870306
89.146382	118.538924	89.848993	38.910736
86.151715	118.365191	90.236418	38.148832
84.104863	118.320513	90.465626	38.650195
80.717116	119.268236	91.890856	39.089159
77.501367	118.526205	91.564823	39.858457
75.979512	119.039173	90.389958	38.696561
76.068505	119.152352	91.048725	38.627108
77.651534	117.675634	90.618370	39.156884
77.282850	116.818185	90.544819	39.349669
74.333150	116.122794	91.047958	39.445426
73.889635	117.408252	89.687345	38.574509
75.083049	117.035026	91.496933	39.040647
78.283280	116.591129	90.739744	40.260765
75.189847	117.441645	91.042518	39.321924
71.557570	118.268173	90.745903	39.055668
72.448267	118.271967	92.350700	38.972167
73.689057	116.358695	91.985890	39.136338
74.444121	117.509347	91.426872	38.206019
74.825585	117.454392	90.969806	37.992055
74.001256	118.284149	90.434050	38.984645
72.667854	118.020659	88.890115	39.627026
66.054421	118.322864	91.451322	39.018308
64.643829	118.835749	89.847002	38.612421
59.502340	118.287305	92.494014	38.552407
58.149359	118.288584	90.462297	39.494888
58.839433	116.907587	92.189401	39.510629
57.490426	116.361891	92.736190	39.981714
53.731511	116.417779	91.280476	38.750859
50.566915	117.980303	91.817276	39.039745
48.721421	117.306940	92.184374	39.116545
42.454718	116.183148	90.318982	38.985049
41.466421	117.462320	91.128398	39.528388
42.379726	117.679415	90.263815	38.653383
42.121754	117.820637	90.147506	38.912031
42.575588	117.949705	92.255433	38.798869
43.180737	116.490951	89.854824	39.132701
41.169922	116.951235	92.591902	39.294110
43.793816	116.734181	90.954649	39.458436
46.285402	115.991215	90.959454	39.063323
42.863850	117.121347	90.951494	38.940476
40.847923	116.956851	90.951968	38.694726
40.960490	116.999090	91.291852	38.943730
39.413687	118.462237	91.451330	38.758417
40.445767	117.191399	91.837237	38.977059
43.081870	116.539550	91.780539	39.042469
44.504185	116.814029	90.301491	39.207299
45.036107	117.161709	91.637884	39.157955
43.280187	118.814849	91.136127	38.335811
39.266811	117.888112	92.893500	38.862639
41.537602	118.161858	91.572688	39.209869
41.117350	117.267389	88.611645	39.777555
43.041290	117.274316	90.636220	38.204868
41.155928	117.243849	92.707036	39.011387
40.736367	116.785645	91.515956	39.249737
38.481589	116.785359	91.188933	39.308853
37.792076	116.197998	91.412627	39.249315
39.323405	117.299177	91.883138	38.540068
37.250937	116.507621	91.814195	38.979994
37.994147	116.999815	88.994198	38.431705
39.721290	117.760748	92.149908	39.266593
37.073079	116.644675	92.527037	39.654124
36.295446	116.556231	91.861557	39.288785
34.806071	117.231549	90.814225	39.334811
32.604841	118.561193	89.158741	39.396323
35.412607	117.281467	90.706338	38.547273
36.021866	117.074141	90.399673	38.935724
34.946615	116.227813	91.190346	39.303467
33.059204	116.555379	90.648160	39.706009
37.146621	116.243529	89.193928	39.264084
33.608814	118.507536	90.747283	38.742994
30.817261	118.996351	89.819427	39.504700
30.664729	118.832086	90.943230	39.708419
28.875614	119.792923	89.850998	39.369372
26.929970	118.967155	89.279092	38.867350
26.876714	119.457625	91.090768	38.598566
27.276828	120.125789	88.379219	38.536241
26.286330	118.916313	90.433565	38.778625
26.519904	118.518490	90.848046	38.778188
29.809875	118.701454	90.480921	39.588115
30.273019	119.626894	90.603129	39.112957
31.792899	118.653398	92.980283	39.741564
35.436718	121.030255	91.440120	38.884525
35.968320	121.661707	90.234129	39.129083
36.949120	122.523678	90.865472	38.235225
38.897536	121.536623	91.012593	38.889753
40.822508	119.964769	89.732362	39.199673
46.445225	119.884909	88.546656	38.907645
47.166851	119.098351	93.279333	39.279235
50.111553	119.478466	91.380375	38.815609
52.041852	119.550606	90.060752	38.843544
54.055585	118.826579	89.327033	39.008555
54.978531	119.255429	89.939551	39.129198
56.488151	119.565483	89.832594	38.377123
57.426716	120.475517	91.137711	39.406772
56.651057	118.734613	89.730858	39.698194
60.472899	118.146801	89.328440	39.264131
59.341978	120.219323	90.541520	39.433876
63.085266	121.847701	90.100553	38.818953
63.555046	122.238988	91.156354	38.141517
65.390106	119.969564	90.315528	39.128861
69.430355	120.291160	88.659621	39.363865
70.908742	120.558270	89.725349	38.770259
70.001919	119.836965	92.352772	40.036329
72.381062	120.286184	89.728703	39.927892
71.718931	119.341731	90.805656	39.527521
78.054157	121.299239	90.933889	38.566252
79.811787	120.925241	91.488924	39.548735
81.667774	121.093418	90.242039	38.687909
80.849714	120.080495	90.571084	39.614981
79.478243	122.358815	92.546321	38.724956
81.263110	123.568475	89.992301	39.843582
82.599036	122.297354	89.630568	38.987597
85.926157	120.986576	89.614056	39.094651
85.772974	120.551749	91.683871	38.813950
87.828813	121.273497	91.275418	38.421353
89.799155	122.260449	91.340529	40.153029
92.181290	121.605928	87.999577	38.819579
90.745880	121.881522	91.873055	38.249710
89.374448	124.008408	90.348683	38.119892
90.981073	124.277367	91.738389	39.240739
93.205835	123.635176	90.986941	38.746943
99.480590	122.506684	90.962476	38.918017
100.710174	123.608898	91.041827	38.865885
98.893353	125.134069	90.314549	38.454146
98.666466	126.730692	89.353794	38.145055
98.710033	126.224220	90.533215	39.438271
103.535383	126.133745	92.184979	38.809159
108.177405	125.614183	90.119497	38.950729
111.768460	124.699221	89.528207	39.503922
112.057497	125.626192	91.330960	38.827291
112.335070	126.652121	90.694687	38.644461
110.664336	128.005521	89.877004	38.899786
108.497279	128.876280	92.411241	39.242086
112.343323	128.580712	91.596413	39.101866
118.388701	127.706240	90.070447	39.133295
118.022179	128.089954	90.626807	38.641080
118.942170	129.599657	90.916737	38.512989
117.207942	131.442961	89.406788	38.632559
118.471716	131.948039	88.833243	39.626668
116.855448	131.645203	92.313126	38.577672
118.518359	130.584888	89.597216	39.288610
122.460048	130.881220	89.908306	39.345799
122.138085	132.372064	91.541488	38.587927
125.070982	132.225673	91.350357	38.752956
131.256697	131.728195	90.100557	39.167411
126.319072	132.456531	89.921429	38.926805
128.982199	131.614695	90.163461	39.308358
131.725516	133.264700	91.827248	39.248988
