122.000000	51.000000	51.000000	61.000000
121.621079	52.112088	50.971699	60.116977
122.797810	50.354190	50.118124	61.993421
121.979716	52.134693	51.152465	62.308776
121.952583	55.008132	49.964977	60.873946
120.372059	53.395036	52.229497	62.574642
123.117519	55.564626	50.823147	61.961653
121.987166	55.178695	50.417087	62.960058
120.951992	55.693405	51.993856	60.881867
121.533750	57.165452	50.501824	60.455127
122.412662	57.478387	52.545894	62.548659
122.661421	56.587797	52.641680	61.478121
122.107255	57.146384	51.318920	61.879579
119.390326	58.746474	51.751785	60.597234
121.703352	57.337754	50.483557	61.985199
120.396528	57.694666	51.472087	61.139892
120.844797	59.510612	50.538730	59.723487
119.538999	59.234145	51.800539	60.881344
119.099245	59.868259	51.453133	61.489443
119.481130	59.876284	51.831165	59.972643
120.587870	59.496618	51.350824	61.505933
120.150923	60.948512	50.772751	60.095488
119.957623	62.045352	50.671875	59.663404
119.977458	61.886343	49.904269	61.021396
120.059120	61.572915	51.401348	60.041237
118.878818	60.851408	51.058348	62.591432
119.207587	62.731231	49.948279	58.520625
119.947768	62.145275	51.704087	60.798111
117.953031	62.232357	50.493423	61.408723
116.558372	63.306409	51.328572	59.586639
117.745299	61.028039	50.813242	60.196332
116.342782	60.623210	51.452069	61.302122
116.245090	60.676918	50.617843	62.273385
113.784916	60.320179	52.238002	59.874718
109.218405	58.223502	51.341119	61.481271
105.764949	56.387077	51.030290	60.532357
104.602675	57.095317	51.607635	61.529513
105.129357	56.257200	50.778289	61.773061
103.239192	57.051388	50.577384	62.061504
102.996349	57.951470	52.013475	60.520424
105.927846	56.292203	48.970338	61.258244
105.901430	56.177818	51.080634	61.974515
105.489613	54.901021	50.170917	62.098411
104.954861	54.341418	52.078994	62.944353
108.073901	54.212848	50.774519	61.480941
108.767859	51.757391	51.526806	61.759462
110.212935	51.731253	50.524502	61.068611
109.894452	51.774925	51.743211	61.485932
111.380894	51.693332	50.650816	59.860105
113.598503	51.451562	49.934937	60.707523
113.543569	53.391336	50.845203	59.872037
112.120373	55.687181	51.266775	60.312134
112.610317	56.201001	51.635848	61.600832
114.647914	58.411724	50.733334	60.651534
115.538780	61.188198	51.383456	60.118405
117.679908	63.366845	50.042954	60.901172
115.464187	65.067843	51.897471	60.312762
114.215140	68.545495	51.628006	60.440373
115.062153	69.778165	51.697410	60.428171
114.578509	71.298540	50.812379	59.570153
114.719513	72.401260	51.299128	60.815178
113.025561	73.432896	51.195594	64.088211
111.654048	79.251354	50.410208	62.541449
113.373760	80.872801	49.834310	59.289586
113.927227	82.286793	49.872630	62.082157
114.226508	83.279565	50.778073	61.201306
115.200639	84.437076	51.054740	60.087118
116.385248	85.489437	51.359639	60.096015
119.335838	84.914827	50.541304	61.525845
118.060345	84.364956	53.581017	61.508059
120.319401	86.776449	53.344395	57.765827
123.166228	85.854205	50.596920	60.987785
124.270060	87.148048	51.502481	58.777323
126.918968	85.147767	49.586966	61.824579
124.997189	85.332606	53.454993	60.724152
125.803781	82.003465	50.282248	61.686825
123.575337	81.658428	51.183786	60.768463
123.099381	79.024973	51.857444	60.698592
123.673235	76.073761	51.292502	60.515315
125.793528	72.677022	50.328061	61.206218
122.029947	70.982830	51.115089	60.386685
122.130516	69.675784	49.586905	61.337596
122.528757	66.092360	51.270914	60.231801
122.917187	65.465218	50.356270	60.869381
122.853860	66.543057	51.244366	60.716209
122.700897	66.983647	50.820253	61.057054
122.907781	64.868120	50.139358	59.553780
122.235987	64.039724	51.171695	61.656965
121.868933	64.904517	50.616381	60.310143
121.934873	64.147376	51.205897	59.622472
120.525869	60.502721	51.421639	62.628151
119.773736	60.600710	51.913274	62.271719
117.177036	60.016213	51.353824	61.211551
117.299382	57.092585	50.354551	59.950618
116.901759	55.610202	50.501223	62.664072
113.641579	56.883240	51.011977	60.298188
109.707506	53.347920	50.895229	61.808727
108.775761	53.686941	51.846547	62.380334
107.948630	54.569967	51.496790	58.749207
105.905616	52.968200	51.434962	60.832311
102.930176	53.181137	52.547297	61.329560
103.599858	54.067042	50.350273	61.328058
102.360776	52.378622	50.572351	63.693433
101.471187	53.542134	51.094772	61.848387
101.418905	53.874763	50.623758	61.495657
101.330457	55.374814	50.214110	60.806695
102.358869	52.884605	50.469598	60.748314
102.683153	51.116467	50.737244	61.971230
101.918195	52.345992	51.900741	59.293531
101.343282	51.251625	50.443054	62.293950
103.966528	52.241969	50.034700	61.704838
103.937060	54.266278	51.464537	60.808802
106.169406	55.147898	50.653776	59.824455
106.112910	56.430133	51.094782	60.206871
107.258386	56.179429	51.577712	62.974070
108.334532	57.049209	52.247071	59.886434
107.798978	58.680196	51.978174	61.404161
110.048699	57.830883	51.599105	60.068234
111.905303	61.147458	52.219359	62.031183
112.010929	63.284538	50.168550	61.095717
111.486690	64.118920	49.636682	61.414960
111.878566	63.561380	51.667376	60.156153
112.933888	65.326471	51.225652	60.728629
111.022710	65.660348	49.508435	59.986781
111.564625	66.056199	50.714314	60.159106
114.396245	66.417729	50.863855	60.735106
115.658060	67.199937	49.925336	61.229812
113.845287	68.385854	50.468711	59.491239
113.030526	67.266957	51.742124	61.272530
114.609349	66.707248	50.333387	62.542972
113.913788	65.156152	51.645968	62.890894
114.451976	65.417545	50.728965	61.868713
113.822342	65.528788	50.870693	60.681211
114.222924	64.826394	51.805591	60.776941
114.868995	64.964905	51.228673	61.458590
115.069631	62.687130	50.628828	61.185936
113.745706	65.794967	51.740524	58.461011
112.985950	64.952551	50.704768	60.421138
111.645371	65.468793	51.278879	62.729414
111.443586	65.319351	50.447982	60.825981
109.990217	64.628854	51.722792	61.403758
109.821117	65.764910	51.585795	61.104261
108.971744	63.763253	50.244288	61.241986
107.308307	64.649182	51.270198	60.730155
105.134816	64.250970	49.102309	61.299174
102.813488	64.343972	51.384001	59.850333
102.174910	65.316377	49.754855	59.677067
101.541210	66.138096	51.511100	60.471303
102.427096	64.228032	52.342582	60.854678
102.041156	64.343087	52.030372	59.019890
101.840315	64.327654	50.989698	59.856367
102.681199	64.577427	50.119084	60.573794
104.052010	65.390185	50.357404	61.031277
105.281321	62.752912	50.863063	61.352283
104.864480	65.268793	50.676369	59.949517
103.810308	65.581265	50.680852	61.586015
105.039148	65.405679	50.858180	60.700137
104.900174	65.534923	53.129910	61.157641
106.667330	67.828748	50.847660	59.386626
106.873849	66.531946	51.496026	60.390786
105.603157	66.519956	51.199384	61.333313
105.926935	66.501131	51.645779	60.687874
106.702347	66.394948	50.549958	59.888284
105.902564	64.391935	51.593561	62.301637
107.984551	65.112251	50.333594	60.743879
109.120449	67.789661	50.810377	59.394849
107.203480	66.524039	49.870399	62.397707
105.765081	66.135533	52.650036	60.487179
107.536651	65.403530	51.163694	60.310545
107.514157	64.973262	50.511427	61.267935
107.774380	65.995277	51.083714	61.188341
106.500172	65.574637	51.503649	60.905138
107.096287	67.821017	50.149328	59.886207
105.113777	65.479314	51.099955	62.625935
104.941842	64.443309	50.472990	59.859849
105.154149	64.514637	50.660485	58.766347
103.897323	65.034312	50.929310	60.528480
102.780290	63.813075	50.340661	60.726900
101.955399	64.469847	51.162014	61.319318
102.564058	63.122865	50.814253	60.094004
102.443393	63.149223	49.961778	60.377409
102.061901	63.870887	51.405523	61.404894
100.748316	64.182229	50.656986	59.952204
101.413535	63.828645	50.828279	59.369422
101.224118	61.990193	50.831947	60.656823
100.389336	63.389332	51.821828	61.050669
101.566818	63.154970	50.882131	60.539879
101.019764	64.092679	51.231988	61.197275
100.756474	62.552057	51.258958	62.368727
102.883180	64.418495	51.835042	60.716697
102.502008	63.394123	52.488618	59.855115
103.352286	65.104787	50.788127	59.613889
101.695198	64.023440	48.946192	63.308479
100.707468	64.753685	50.574666	60.255647
101.925102	63.799520	50.542167	61.838182
102.031385	64.534951	50.998243	61.560034
103.008872	64.179307	50.346995	59.967286
103.473676	64.819964	50.796491	62.402229
104.178766	64.845179	50.478861	62.930169
102.294961	65.046038	51.387781	62.176025
103.145659	66.652381	50.844530	61.391150
102.600263	67.005223	52.113602	61.008142
105.583948	67.434904	49.607973	61.976839
104.872438	69.027080	51.541831	61.872926
104.632753	70.590667	50.806080	58.979694
106.123377	69.193617	50.852359	61.211592
106.472412	69.881846	49.584549	61.938741
105.292163	72.154381	50.715065	59.481382
104.882049	70.734233	50.575959	61.046043
103.436836	71.637707	50.510506	59.208281
103.104059	71.721723	50.556332	60.306031
103.696690	73.068606	51.293009	59.712330
102.614428	72.666574	48.588702	62.182388
103.572713	74.460263	50.862853	58.663446
101.110598	71.180065	51.354207	60.497209
102.654485	69.138296	48.018876	61.865104
104.331474	71.329119	48.492359	58.308636
102.381915	71.638306	50.268033	58.055881
101.456602	72.902641	50.526974	58.301456
101.018669	69.923660	51.000409	60.967027
99.597991	71.442299	50.303933	60.324853
102.366053	70.520468	48.762354	56.568803
101.899148	72.128913	45.596238	56.488939
100.841557	70.186013	46.461824	57.417914
99.592465	70.368191	47.556395	60.378626
99.506926	69.221763	50.351690	60.936501
102.152567	68.920066	47.674275	57.315855
96.814139	69.316106	49.325516	58.966429
100.072866	70.569639	46.248996	56.004683
97.039977	69.847045	48.235719	56.944389
100.133002	68.079398	46.860983	60.370617
97.298708	68.935107	49.693836	58.223844
94.178561	68.981693	49.823236	57.252300
97.178937	68.678842	47.253956	60.133219
100.121605	70.402535	46.676673	62.242893
99.373725	70.880836	48.112261	56.786130
97.131938	72.098353	51.127154	57.359730
96.847883	69.450878	49.634647	60.159148
97.613203	71.659774	47.095524	58.088382
98.325840	71.030574	50.341365	62.265070
98.071252	71.785814	49.741893	59.917622
96.643205	72.204193	50.188505	58.585491
97.608726	68.794489	49.746577	59.838475
99.132758	70.489125	48.742551	59.697771
98.465124	71.286749	50.427333	62.221467
97.208129	71.403947	52.569200	59.137542
98.976986	69.378960	49.944398	61.744333
99.616062	70.877007	49.784053	59.994908
97.981559	71.803204	50.999373	60.459491
97.744754	72.302144	52.181506	60.967319
97.880600	70.600295	50.680483	61.758403
96.283788	70.372012	51.107140	59.011616
96.370767	68.333937	51.940386	61.981073
95.699573	68.515458	51.996000	61.923927
95.624678	64.537966	50.913216	62.007887
95.196405	63.354235	52.216678	59.110164
97.653324	61.200071	50.121494	61.625670
97.394323	60.151995	50.836032	59.582441
97.762967	58.309504	50.687773	60.312160
96.337432	56.926792	51.089180	61.305482
97.457961	52.261957	50.599920	60.273936
95.603461	52.651247	50.506583	59.349451
97.781903	51.820871	49.757175	59.235684
97.024974	49.029347	50.097874	60.796826
98.802809	49.947078	51.288740	58.007933
97.066770	45.187547	50.774481	60.814954
97.996221	44.303865	48.871701	60.400024
94.390247	41.079577	55.157673	61.731692
97.701546	40.928062	50.278263	59.434988
97.656472	39.605082	49.822992	58.984921
98.481749	40.248097	49.130217	57.754608
97.488212	39.561185	48.387760	56.782359
99.784498	38.774403	50.332549	61.134873
101.474240	40.483336	49.040021	58.606172
100.194729	41.803176	51.581804	59.771125
100.773065	41.262169	50.546634	60.655427
101.751960	43.680754	52.173919	58.527111
103.962445	44.399507	50.244329	60.283098
104.621508	46.021844	51.549752	60.136139
105.439182	47.837389	50.916623	60.369808
106.026137	48.443203	52.683045	62.370877
109.302956	49.378477	49.579486	62.235067
108.708282	50.855795	51.803359	61.241406
110.769978	52.091116	50.459853	60.478036
111.888223	51.465117	51.612837	61.583406
112.231516	53.613688	51.622321	59.861644
113.456791	53.628729	50.411257	61.444278
111.811254	52.826843	51.156344	61.624394
113.694947	54.024111	49.955873	61.156952
115.676533	54.368835	50.441433	59.935114
114.908926	55.830490	50.997802	61.349355
115.721625	58.505130	50.062427	59.174278
115.670917	58.368956	52.292695	60.071092
116.780880	58.903290	50.872988	61.028947
120.629827	62.085869	49.650357	60.287757
120.393103	64.518630	50.052606	59.708322
120.364659	62.980145	49.795541	60.912751
118.691107	63.192279	51.468656	61.666059
119.533763	66.707398	50.400713	59.315043
120.109003	68.206341	52.834012	61.896206
118.661277	68.229466	51.392506	60.321504
120.137810	71.997689	50.373202	59.807054
119.328797	73.803728	48.194196	61.288504
120.423599	75.351803	48.264607	60.019263
118.383506	76.368150	49.382909	56.875042
116.009894	76.113475	50.415642	60.160238
115.041540	75.064746	50.414869	60.918226
114.713407	76.018874	51.103773	61.131831
114.665305	78.309443	51.464276	61.151918
113.887434	80.232938	53.120398	59.159557
114.558829	77.591768	50.989467	61.872790
112.787821	78.267692	50.638235	61.901026
113.600459	78.130251	49.570780	60.471865
113.510260	76.546247	50.923800	61.300679
112.017567	75.738201	49.893509	59.350873
109.894862	75.502187	50.416810	62.061197
108.568847	74.756623	51.767570	60.780598
107.780902	73.002313	50.361879	62.372553
107.165502	74.210285	49.788846	58.927534
103.565370	73.899112	51.566727	61.027883
103.267466	73.076028	50.364607	62.070135
101.120060	73.397182	51.701288	59.859757
99.568160	71.458106	52.044000	61.898304
97.954268	71.500755	52.405969	60.084211
96.067148	71.281308	51.709643	61.014859
93.366206	69.918418	51.759170	60.193903
92.318805	69.632698	51.068034	60.110697
92.744009	69.476142	49.165804	60.861593
91.155209	67.699362	51.257618	60.560227
90.469291	68.429565	49.842619	61.370784
88.124472	69.417050	51.280878	60.274172
87.120114	66.538488	51.044238	62.228348
85.358394	66.413835	48.557629	61.912889
84.865431	67.687459	51.022713	61.063017
84.736907	66.836429	50.681952	61.686196
80.515691	65.370908	52.629116	62.802156
80.615850	66.850230	50.290144	61.081588
79.021768	65.763829	51.164319	60.959163
78.262187	67.437203	49.286442	57.174676
76.397755	66.513114	51.853281	63.017710
74.338866	68.095905	51.433331	61.198786
72.824022	66.805070	50.731819	64.541173
70.725958	67.687370	52.151384	61.832326
70.803677	67.767724	50.711865	62.129604
70.905214	66.670259	52.123219	63.288318
68.345133	67.412153	51.490028	61.281052
65.653639	69.859875	51.616534	61.786244
64.888279	68.491104	50.921304	60.406929
62.872538	66.980376	53.050078	65.368349
61.974864	67.509162	51.128248	62.318407
59.092576	68.667997	52.631845	63.791616
59.750992	68.734405	52.335918	60.776236
59.416763	69.665961	51.085436	60.526189
56.827273	68.591527	49.853488	62.520975
57.236277	69.339383	50.296834	60.677691
54.907275	68.590536	51.227510	61.698845
53.852980	67.642827	50.356063	63.738983
51.729403	65.747461	50.743981	65.837579
54.309069	66.408496	48.897959	61.588904
51.240702	69.789505	50.958706	59.848182
51.678257	68.434661	51.635086	62.073123
52.898178	67.102114	49.549063	61.990445
49.972678	67.837531	51.675206	60.388617
52.385345	65.759718	51.984826	60.874618
54.465106	63.903483	50.986326	63.111569
54.981722	63.291574	52.744220	61.346327
56.678412	61.358436	51.475908	62.662750
57.566406	60.393715	49.898014	59.793913
58.765716	62.373059	51.741293	58.311618
61.591576	59.464448	49.921572	59.257144
59.761300	56.739654	50.897544	61.706361
63.365393	55.064831	51.481549	60.026040
64.104119	52.701917	51.934841	62.228780
65.164996	50.476356	49.279729	59.936076
65.929376	48.034920	51.452323	61.112709
67.847325	46.427547	51.047607	63.127392
68.388776	46.267542	51.156838	60.379837
69.635733	45.173746	51.636299	59.825633
70.719958	44.030150	51.738951	60.726851
71.798311	41.815737	52.061409	61.012067
74.219412	40.339371	51.480610	61.861222
76.587494	41.150951	52.733821	60.141406
78.677652	39.059151	50.690339	61.185940
81.193408	36.405752	51.132405	61.720510
84.139321	36.947748	50.651064	62.911464
84.791108	40.076606	51.369325	61.141279
89.125763	39.218217	50.838210	60.176215
89.991830	39.609328	50.723028	61.503974
91.773645	40.951308	51.570841	60.789158
92.623286	43.111825	51.205979	60.344308
93.335904	42.073671	50.885792	61.838521
96.242082	42.018142	51.165788	62.859232
97.066227	46.723040	51.612383	60.738594
99.488610	45.659343	50.988110	62.417949
100.733345	46.932874	51.466008	62.755871
101.101665	49.438310	51.709304	60.684306
102.022416	49.439195	51.036429	62.415335
101.864073	53.122903	50.512455	61.179304
101.602138	55.534466	51.490817	61.271253
102.363719	56.418740	50.551621	61.303496
104.680566	59.911921	50.784239	61.009015
103.690916	61.560521	51.054814	61.824611
103.910637	64.667913	51.567042	60.501257
105.257188	67.396823	52.035657	60.703218
104.548641	68.402943	51.139733	62.112394
103.663210	70.340514	50.896812	62.101914
103.903893	71.944260	50.609615	62.200010
103.445485	76.755272	50.255273	59.877763
105.416992	78.285897	51.660580	61.468056
105.730180	81.820836	51.228558	59.944828
105.379376	84.345533	50.889363	61.056417
104.457910	85.999928	51.826925	61.709557
107.419791	87.538863	50.698082	60.478215
107.978924	91.346852	50.645491	60.857850
108.539748	93.396132	50.467568	61.882800
109.800483	96.463257	49.653563	59.921696
103.771290	100.605023	52.568681	60.159254
106.262079	101.663095	49.728131	61.313631
107.096674	105.036920	50.631510	58.889821
107.110965	105.809657	50.652042	61.847877
107.229769	110.542315	50.027793	57.479853
106.253465	111.129559	50.471116	59.796692
106.034021	114.049568	50.640857	60.096281
106.702073	117.921903	48.246031	60.294573
103.239820	118.900623	53.848757	63.013392
103.276337	123.938170	51.567859	57.768471
104.307956	124.540428	50.845336	60.614917
102.611627	127.030057	51.972612	62.306702
103.676859	130.160860	51.017424	58.596196
104.035822	132.196995	49.395977	58.684482
104.301544	133.046286	49.009557	60.118579
102.679859	135.274532	50.493182	59.875131
102.959485	135.746412	51.292794	63.284866
102.009568	139.251088	50.270729	60.755654
101.305742	140.961490	51.347736	60.475355
101.196058	142.374135	50.195655	60.665545
99.173234	142.976812	52.629208	62.579305
98.476062	145.776183	52.141972	62.577853
96.685816	145.029145	52.783988	63.378750
95.716171	150.674728	53.673979	59.235240
96.820242	151.254981	53.774299	59.188894
98.095095	149.975539	50.038621	61.462230
97.421497	154.041216	51.662117	59.588694
96.452028	152.266733	50.913407	61.373737
93.137142	155.262847	53.250301	61.782490
92.661256	157.005646	51.885123	58.815708
92.714992	157.862740	51.563792	60.459889
91.269991	158.689052	51.574830	61.715968
90.735478	158.744353	50.984369	59.742948
87.930622	158.709653	51.729662	59.900868
87.461331	159.593857	51.581646	61.104008
87.813377	158.477256	50.575944	59.241038
88.330531	159.948481	50.628019	58.675496
86.237318	161.045687	50.754516	61.996247
84.969321	159.290503	51.259500	63.618479
84.279491	160.896909	50.175555	61.320356
84.077313	160.869099	48.763097	58.287581
82.331577	156.941556	51.246569	61.163828
82.437529	154.741999	52.102374	61.078471
82.724804	150.225703	50.650620	61.397516
83.780592	146.330214	50.587131	61.015283
82.953773	143.477800	51.599542	62.095603
81.345802	142.109897	50.311687	60.103690
82.794977	137.043613	50.895625	60.537126
84.406356	132.815452	51.146343	60.024046
83.572449	128.328061	51.440460	61.816067
82.199093	124.034762	50.204729	62.814871
82.473700	121.885882	52.546567	59.166289
82.015481	120.265839	51.631375	59.895030
82.242187	117.789733	50.827662	57.960918
83.838316	112.417194	51.265453	59.408106
85.707559	109.449191	50.668789	59.144926
86.720994	105.763598	51.652214	59.314998
89.145184	102.452240	51.778195	61.728663
91.078795	102.003582	50.586178	61.160514
91.155602	100.120780	51.284177	60.870393
91.565889	101.256846	52.153069	60.755785
94.881341	97.934311	49.516923	61.467624
95.528818	94.794774	51.360609	61.759041
97.769442	93.726268	50.548163	61.034474
99.999333	93.653978	49.420383	61.270048
102.299448	90.188260	51.734751	62.204168
104.561005	94.592729	52.041016	61.566672
106.169078	95.223234	50.990629	60.212870
107.740409	93.531950	49.222134	61.692379
109.972465	93.556514	51.108900	61.503732
112.950210	94.416323	50.213029	61.741868
112.780203	93.117312	52.635251	61.688551
114.747365	91.913698	50.349314	61.692455
116.421659	93.444460	50.025349	60.683619
118.122420	89.870264	50.189307	63.623423
118.268218	93.211323	52.147254	60.701137
120.825870	92.090920	51.275419	60.782529
121.683241	90.826524	51.237765	58.948358
124.218066	89.552965	52.430535	60.613290
126.947411	89.995666	50.400782	61.180309
127.647504	91.672775	51.530868	60.421944
129.531110	90.159595	51.441668	61.278493
131.459106	89.800423	50.440708	60.807822
134.773062	87.364385	50.666015	61.285620
138.365283	86.539678	51.488261	61.335535
141.291839	86.790486	52.076144	61.237193
144.533068	87.392886	50.233740	62.062820
146.523345	89.667393	50.448194	60.460388
149.235049	88.275900	50.795234	61.905634
149.834671	90.082979	51.325535	59.919434
151.922590	90.949217	51.367503	61.134313
153.540461	92.087383	50.762490	59.738871
154.582154	93.115269	51.647018	61.666519
156.160275	94.885547	50.031148	61.258970
157.819662	96.735905	51.462903	60.822795
159.096424	99.241404	51.150985	60.265456
159.915847	100.620458	49.854354	60.621100
159.418364	102.404132	50.533401	62.327170
158.271885	106.412072	50.036612	61.559337
160.318435	110.052804	50.916580	61.543934
163.240290	112.337269	50.776590	59.923178
164.499727	111.447037	51.547323	63.716104
166.360484	115.071389	50.122140	57.961792
168.957496	113.860810	50.045923	60.510166
172.469338	113.862956	49.510354	60.526493
172.779361	112.356729	49.804022	58.316384
173.021726	108.963467	48.611465	58.127597
177.301476	106.430228	49.611976	58.982761
179.406907	101.733697	48.645875	58.565360
178.176173	96.136781	47.446462	63.461877
177.990954	93.460087	47.849396	58.458237
179.603403	88.411383	50.284327	59.618053
181.158225	83.823601	50.494504	62.012129
180.497840	81.527022	51.690990	60.242883
179.124418	79.385479	51.866464	62.230210
181.792591	77.792906	49.147354	61.424459
179.853720	76.005223	52.859872	57.880430
181.212040	72.041663	49.848043	60.516350
178.859058	70.845510	50.323668	57.410152
180.978310	66.701578	50.904450	60.987875
180.559382	64.958191	53.373193	59.091973
178.606329	61.151081	50.306146	60.362485
180.334308	57.957568	49.360335	59.289302
181.366456	54.918379	47.980495	59.214879
181.734799	54.581098	47.287842	57.310061
179.567586	52.735372	49.313842	56.823552
179.082129	50.225506	51.866021	60.607070
181.558540	50.685429	45.671955	57.149296
180.324726	46.140693	48.102785	62.046526
176.435246	48.431400	51.156655	58.534005
176.752589	47.380546	49.816420	60.228442
177.918357	50.781497	46.325178	57.474754
172.766541	52.348899	52.292801	58.243615
171.332110	50.885387	48.204689	61.245955
170.193869	54.548116	50.744597	59.162029
168.617331	55.463969	50.250500	59.040265
166.168065	56.993943	51.290716	58.767490
163.346191	58.313058	51.845234	60.524651
160.947863	61.519983	51.032600	60.176796
157.917671	62.850431	50.848152	60.104869
154.489726	64.350433	50.268360	58.820895
151.733402	64.816707	50.685706	62.118110
150.113990	63.005380	51.834489	61.083432
146.794432	63.544859	50.571121	61.219783
143.078966	63.433887	50.822040	61.202347
141.126948	64.820697	51.301369	59.139969
137.669998	64.152472	51.127856	61.292574
133.312645	64.354732	50.531215	61.633839
131.271384	64.391417	50.067011	60.724514
127.864144	67.542094	50.846560	61.061153
124.829190	70.532957	49.586325	61.053328
121.662379	71.255245	51.303462	60.164297
117.812552	73.208551	50.728369	60.342296
118.359026	72.733417	51.545984	62.237694
122.010459	73.316996	49.951907	58.598198
125.793652	71.808371	50.232469	60.377511
129.961103	71.005123	49.924941	61.516338
131.677386	68.989065	51.031449	62.726693
136.775167	68.978169	51.581684	62.304403
140.449469	69.013516	51.599868	62.096778
143.870840	72.056200	53.317365	60.515622
148.633644	71.494480	52.125224	59.320699
152.685629	70.875235	50.408256	61.550969
154.885608	69.806304	49.954035	59.597936
157.761330	67.449121	49.395209	60.181909
154.884240	60.807259	48.534281	65.397635
153.668316	64.727120	50.294932	62.308907
152.956178	65.908788	49.186948	61.009762
150.391296	69.424210	50.369401	58.322483
150.462931	70.416908	48.134697	59.733243
144.380081	70.257133	51.486153	59.610250
140.918413	74.744305	51.173131	61.350656
139.740734	78.184672	51.911756	61.629371
134.111488	78.971943	51.593196	59.696226
131.542759	80.541296	49.528951	61.238182
126.602726	82.738406	50.837832	61.188068
124.200650	83.151725	50.504398	62.495751
120.283572	83.838220	50.056441	60.918714
116.663935	84.145783	51.062268	61.676688
115.769466	86.638025	51.423605	62.006917
112.219071	87.300485	51.457560	61.778938
113.490850	90.280725	51.274949	60.949638
111.427504	92.076529	48.838129	58.927515
114.784742	92.114423	52.111020	59.314789
121.477295	93.469638	51.224164	56.387706
123.127882	92.363172	51.075109	63.029431
111.320171	102.724340	51.303801	59.205961
108.520923	109.760266	55.350746	58.060002
124.533841	107.506936	40.419921	59.371072
110.000000	120.000000	56.000000	47.000000
110.588087	122.856471	54.429875	46.259907
109.233001	125.697184	55.354799	46.449819
110.624080	127.026721	56.609842	47.124968
113.108883	129.203856	53.633938	47.630284
111.968748	135.055037	54.187883	43.219965
112.493749	137.607613	52.224147	41.238013
107.109543	136.356802	57.638265	45.834830
109.610267	135.303144	54.320158	45.899295
108.201471	132.934251	56.565018	46.341314
108.989103	131.998919	55.409341	46.457674
109.630925	131.353129	55.810332	47.394748
106.271448	132.110082	55.911457	47.331357
103.789038	129.903102	55.687958	46.973599
105.135613	129.876351	55.769774	46.982453
104.039848	128.407575	56.807868	46.530303
105.099438	125.839535	55.213336	47.976528
103.408399	121.840277	54.653686	47.879107
100.868870	118.250010	56.627025	47.262650
100.566746	115.173102	55.707337	47.831634
99.960696	113.556756	54.372341	46.988772
99.772572	109.180081	54.460021	47.446617
100.445974	105.381605	56.599817	46.488248
101.701153	104.094028	54.357966	47.175826
102.587492	106.212165	55.466916	47.971974
104.555160	102.770114	55.225011	46.772569
99.354710	105.507468	54.200313	44.332712
99.479543	100.260568	56.989052	46.463193
100.321645	98.490721	56.960887	47.752854
98.739381	97.707950	56.635516	46.356323
99.999405	96.333706	55.258226	45.086781
99.605777	92.495276	54.741294	46.067536
98.733304	90.044893	55.636933	47.181670
97.840712	88.025671	55.536061	47.403953
97.358186	84.363393	56.547354	46.744898
98.289120	82.470790	56.207613	46.287462
98.598887	80.386536	55.510353	47.063831
99.641302	76.599160	56.166898	46.490972
100.058711	77.228471	54.710864	46.001319
98.415677	74.679159	54.800191	46.676682
98.782920	73.338363	55.189680	45.809792
97.097338	71.196324	54.284542	47.293809
93.242393	69.806081	55.440466	48.308043
91.806201	66.629106	55.681745	47.979936
90.391361	64.909809	56.633085	46.620210
88.510268	65.051988	55.648740	47.592773
84.724148	65.556690	56.027915	47.141984
83.734738	66.027180	55.602675	46.798662
81.976459	65.707160	55.237759	46.887297
78.234257	61.594792	56.153307	47.099678
78.187936	60.913881	54.146843	46.343003
77.317875	60.475788	57.271173	46.402285
77.417353	61.390363	56.553492	48.045895
78.798583	62.589722	55.085577	46.127905
77.582559	61.921719	55.796288	47.899193
76.759849	64.445238	56.481982	46.425003
75.908674	64.846231	55.632521	48.181436
71.212116	72.149216	56.936742	46.303645
70.021353	76.511483	55.548440	46.204541
67.976056	80.244188	53.488488	45.166723
71.014790	77.203446	53.908260	47.548690
68.544381	82.290810	53.946147	44.489827
69.246084	78.520942	56.079666	45.378218
74.008518	69.692830	56.582684	46.898086
75.542454	65.829617	57.047988	47.311181
77.394598	75.089339	56.231812	47.771543
74.040648	69.243589	51.977002	54.463491
62.727189	88.328338	57.926811	45.664921
61.222879	91.834164	54.998432	48.306147
60.482428	94.134920	55.445891	47.565893
63.286568	97.116252	55.025309	46.218405
60.652991	100.009574	57.008022	43.346181
64.296784	102.096924	53.937447	43.879039
64.207463	100.411508	57.291589	42.597406
68.594586	94.266651	56.343785	45.476474
67.104479	99.749829	56.196970	45.224378
68.145804	99.518258	56.378698	44.602410
70.466988	94.836602	56.616433	46.916884
71.825851	91.598234	56.168170	47.395344
74.838320	89.137336	56.773278	46.996867
80.105877	85.263608	55.178965	46.771885
82.371607	81.569653	56.995461	46.441097
87.885017	77.954709	54.623955	45.622984
90.366458	76.277213	56.612282	47.444397
92.992826	74.139661	57.088722	44.214561
96.357076	71.656589	55.794748	47.403567
99.166597	70.784294	56.775194	47.562110
101.980334	69.227010	55.220604	46.912000
101.084737	67.985007	58.902488	47.699681
101.347503	68.496856	56.734275	46.396413
100.739589	66.653559	56.422030	47.340138
101.752833	67.228732	56.347886	46.408257
102.104320	65.067316	56.485042	48.055462
100.796538	63.388154	55.074392	47.974898
100.389552	63.685693	56.233673	47.031989
100.514019	63.305034	55.544530	46.806754
98.593777	62.868553	56.190174	47.115803
97.773490	60.292110	55.856321	48.009207
97.275569	58.871781	56.617847	45.581015
97.050386	57.157986	56.313784	47.217506
96.272487	55.127287	56.279189	47.643014
95.549736	54.412658	55.512525	46.760206
94.469276	53.251269	55.511122	47.482383
95.242463	54.035108	54.877814	46.591971
92.083763	52.903788	56.511780	47.328876
91.152995	51.133718	55.117578	47.887132
88.005904	52.355216	56.471494	47.221622
86.510956	53.699044	55.945544	47.305179
83.531841	53.869586	56.134677	47.475620
81.095414	53.025994	56.785504	47.456287
81.150059	50.442517	55.327520	47.742184
80.094778	51.727204	55.630781	46.055091
76.906280	48.995351	55.800412	46.227386
75.873872	48.159417	54.498659	47.297888
74.475071	46.772965	55.642548	47.275029
71.584942	46.838495	56.525956	47.884703
71.182307	44.414145	54.588960	47.711910
69.767838	44.197091	55.435885	47.192458
69.089948	42.178767	56.093399	46.783405
67.457596	39.592118	56.971030	48.265493
64.881420	38.242118	56.108805	46.986877
64.516262	35.532096	55.844132	46.866816
63.310754	34.827645	56.623106	48.270008
62.758596	35.496403	55.993556	47.416822
63.047685	33.726710	55.634007	46.821843
62.066928	34.142637	58.249758	46.944181
62.410663	35.158718	55.068277	48.628818
63.537106	38.290030	55.009870	47.269075
65.701188	39.320321	55.280890	48.390497
65.917480	42.408730	54.421269	46.447088
66.696112	45.113643	55.284547	47.056810
67.404736	46.475606	55.036933	46.636590
69.293198	49.014717	55.064525	44.565840
70.164587	51.408613	56.204471	45.666395
71.994068	53.383023	55.967877	48.341590
69.719408	57.316296	55.512507	46.739244
69.730557	60.082010	56.946725	45.585790
73.102726	61.134994	55.588963	46.395975
76.262899	59.412821	56.827363	46.200910
78.314926	59.217600	55.140649	47.306596
81.189079	60.178758	55.469104	45.317289
80.454290	62.031139	55.292952	47.407487
83.544522	61.610539	55.336126	47.406901
86.580751	58.638498	56.060465	47.582230
89.808089	58.135096	55.393938	46.359572
91.073056	56.403749	57.341710	47.432034
94.875295	54.452504	56.630182	47.422214
97.208233	53.252759	56.286211	46.849609
99.126514	52.923242	56.367553	46.985178
101.874004	51.598461	55.486435	46.894739
104.540902	48.572603	55.661351	46.381486
109.195529	45.742280	55.787596	46.548765
109.578236	42.587627	56.833587	47.266656
111.254964	43.674450	57.912868	47.907407
116.322193	44.058993	56.491948	45.770018
117.200091	41.463653	55.429533	47.634537
118.604084	39.632035	57.468499	47.688556
120.520658	40.235484	55.538701	48.907257
122.614563	39.090831	55.019327	47.554378
125.313090	38.322784	56.510374	45.851493
127.968092	37.986972	55.189919	46.890816
130.614713	36.769807	52.574070	45.725603
131.884956	37.989280	54.628384	46.478988
135.371046	35.989505	54.546327	45.311051
137.551837	37.327620	54.937062	45.854643
140.416248	37.059233	53.970693	46.742093
141.359796	37.761644	55.860167	45.805366
145.080701	35.317233	52.723768	49.472360
146.953259	37.087666	54.576921	44.795141
149.000919	37.339524	54.293860	45.649246
150.663298	34.260572	55.758460	48.675982
154.926659	34.808043	51.391398	47.296956
152.755235	37.662056	54.803637	46.716628
152.793955	40.653201	53.924625	45.980719
155.597999	43.135424	53.116761	44.269444
156.784690	41.526478	54.161905	46.062105
158.199012	42.028692	54.034337	46.835557
158.331535	43.769239	52.910251	46.333159
161.135193	45.133243	51.698846	44.353622
160.498947	47.176589	55.185958	46.524294
161.705637	50.960772	55.035557	45.464997
164.533428	51.527679	54.588823	46.561444
166.427101	53.012239	53.109972	44.947166
165.915248	55.991615	54.869507	45.642832
167.898162	57.861305	52.974648	45.586845
168.162469	58.715544	55.406128	47.909547
168.450466	59.338823	55.613841	48.239241
168.783284	61.985171	54.631616	45.823392
168.507912	63.865547	57.383790	45.889267
169.580638	64.479720	55.645467	47.059895
172.216739	64.639420	53.264643	47.549920
170.041730	66.182723	54.118188	45.797317
166.775335	67.633503	56.195874	46.234811
166.837915	66.661664	54.133002	48.445428
165.606909	64.901684	55.733576	47.632389
161.705747	66.485118	55.641162	46.424386
161.075498	66.733576	56.906478	46.394439
160.132599	63.661639	56.385096	47.994865
158.607019	64.531250	54.765045	45.892030
156.271385	63.174401	54.743551	47.845725
158.704420	62.331226	54.554342	48.477647
156.116923	64.138938	55.831182	46.749668
152.379331	63.299317	53.873732	46.964761
146.311565	64.717888	53.441125	47.230791
143.193182	66.019495	53.917982	46.950297
141.752813	66.972001	55.075588	47.401831
141.124699	67.777442	56.528806	46.787318
138.443957	69.046025	57.041983	46.533649
135.831735	68.801380	56.958683	46.711003
131.909024	68.785314	55.673956	47.179179
127.350232	70.976788	56.166806	47.511109
123.269845	70.581431	55.675519	46.063868
117.766747	71.578744	55.707265	45.948850
115.022838	72.738491	55.566135	47.126172
110.929825	73.274264	57.194697	46.360711
108.609677	71.948118	56.036362	47.366911
106.099784	71.840840	55.432260	48.041900
103.592398	72.319069	54.981426	47.793961
99.576093	74.540167	56.226759	46.973844
96.710906	76.458693	55.969645	47.091791
97.973289	75.053611	55.439263	46.690521
93.532052	77.687365	55.829701	46.820855
89.999729	79.272712	56.256856	47.789455
87.751720	82.450585	56.734405	46.772005
85.878504	82.489089	56.649865	46.221349
83.693433	83.683499	57.536486	46.215912
82.269126	83.857115	55.763970	48.071075
83.054133	84.223592	55.798587	45.888760
83.712141	85.385205	56.494190	46.431301
85.702780	85.271905	54.849122	47.692146
86.849990	89.139087	55.655684	46.971205
87.601226	90.176041	55.542653	47.126126
88.912018	96.019582	55.186194	47.714739
88.647069	102.080394	55.422713	47.393385
87.462378	107.284467	56.322967	47.668481
91.103304	105.145648	54.309961	49.210985
91.390500	107.972562	55.802227	46.632535
92.529687	105.875996	56.473738	47.873851
94.098356	107.196619	55.371272	46.026748
88.654935	122.433375	56.012145	45.840562
88.452864	128.261150	56.105341	47.633321
87.905090	131.575288	56.512607	46.967340
89.954259	132.460016	55.148685	47.340818
90.181427	136.797535	56.997880	46.171112
90.225063	139.130862	53.943794	46.786718
88.551621	138.837490	56.483888	44.888215
89.488375	137.733942	57.805477	46.275397
92.147918	134.864070	53.521137	47.158218
90.274206	130.013856	56.103511	45.878807
90.041599	124.779069	55.748017	46.653941
89.285694	117.524807	54.430995	48.221978
88.027080	113.548047	56.038309	45.809288
88.638376	107.382291	55.841677	47.129920
88.574795	102.521841	56.478606	46.958675
87.569163	96.146366	55.738178	46.374355
86.717849	90.839802	56.030225	45.711531
84.874757	86.822375	54.640734	47.646151
84.455795	86.003131	54.838901	46.740619
82.973878	82.811525	56.571396	46.882004
84.293800	79.007615	55.183027	47.307652
84.628767	76.071567	56.868408	46.992610
86.756946	73.920991	56.197769	46.895924
88.854311	75.607049	56.241544	47.154912
91.858910	73.523955	56.458578	45.442032
95.336172	70.761513	55.374712	46.007719
100.262318	70.314097	56.363807	46.402629
105.120185	71.162613	55.899012	47.217471
108.813934	71.741390	55.586331	46.911042
111.661940	72.074899	55.710601	46.784844
112.050877	73.219382	56.618497	47.052661
115.065303	73.792982	56.822169	46.539840
119.870161	74.409292	55.461190	46.353100
119.090635	73.309834	55.372887	47.685792
118.451150	76.480994	56.675577	47.019333
116.982804	76.651754	55.341815	47.439872
120.210475	76.258066	56.090851	46.633019
122.392823	74.436031	56.128512	47.164749
124.422766	73.992002	54.834129	46.637240
121.483809	74.425947	54.994817	47.180984
119.807685	74.871129	54.635729	46.130043
118.329235	75.197797	54.972780	46.296313
115.261292	75.075309	55.685484	46.756156
113.725152	74.218014	55.515495	46.630457
112.980993	74.464450	55.878965	47.136491
110.714903	74.425504	54.900031	46.660523
106.438102	74.889035	56.421520	47.172748
103.290876	74.634731	55.734174	46.941279
101.689136	73.722594	55.374880	48.754783
98.901345	75.045112	54.101257	46.649909
96.528810	77.812536	54.937084	46.125209
92.119716	78.557225	56.031324	47.829379
89.631106	78.728074	56.211248	47.053755
86.172735	82.735186	56.638130	45.670211
85.020932	82.735839	55.883200	46.733092
82.395465	84.277670	57.100603	47.339933
79.936294	84.820202	57.012092	46.513094
80.626899	84.607685	55.980299	47.315960
80.780503	86.134326	55.315353	47.646028
79.221153	89.539467	55.523287	47.506275
78.133155	94.336650	57.307802	46.131829
80.203255	95.077642	56.867901	47.182817
79.507336	98.830925	56.410974	47.113691
80.393515	102.127765	54.812939	47.298165
79.746572	106.745622	56.229332	46.527841
79.875233	108.321248	56.553688	48.645796
80.860602	112.996269	55.165283	46.366543
83.578098	110.125146	54.796640	48.321083
82.626743	112.206496	53.914084	48.048452
78.833832	119.391332	54.644031	42.387180
84.675583	124.037851	51.745636	45.343361
83.507900	126.355350	56.661280	44.529336
85.231290	129.024874	53.576534	42.615671
85.243404	127.994198	54.838883	47.986677
87.914645	128.070599	54.966240	45.931294
91.110268	125.245838	53.423736	48.443401
92.485646	126.517047	50.168085	47.324936
89.513255	125.743139	56.573564	47.192236
91.924279	124.161134	55.614122	46.930761
96.287358	118.868750	53.781832	46.705322
99.374505	116.330313	55.232056	44.194868
101.228462	111.494652	55.393727	46.574231
107.277085	109.623831	56.730232	46.866167
112.132080	105.966806	56.210089	47.498446
112.182595	101.846399	54.476067	47.008660
111.529128	100.459237	54.867449	46.222353
108.402201	97.488152	55.924847	46.710347
107.998907	94.283781	55.609129	46.732438
109.013803	91.447713	55.558886	46.720257
105.519855	88.138813	55.496853	47.568461
104.965031	84.917317	55.455164	47.177029
102.472865	84.167587	55.816215	47.005565
99.331320	81.536521	56.126584	48.200282
95.283365	81.942375	56.293096	48.095817
94.338970	80.519805	55.420798	46.739775
91.532333	78.200124	55.564039	47.662956
89.656610	76.086918	55.204624	47.137994
89.477314	75.470725	55.152354	47.967656
85.064349	73.540105	56.711428	47.220742
87.167946	70.651956	54.071509	46.695691
87.204364	68.015624	55.950763	47.142483
86.785389	66.645182	56.655862	46.181047
88.155473	64.887906	55.588499	47.471494
88.012125	63.345040	55.951159	47.474357
87.559332	65.141047	55.672620	46.696704
92.328747	64.956238	54.349162	47.293576
93.032573	64.681974	56.698576	46.502583
95.868379	66.102415	54.558276	47.010273
96.974285	65.411855	56.841214	48.176308
99.939379	66.491794	55.579431	46.906383
101.143944	64.005733	55.785050	47.851383
104.902918	65.133409	56.127769	47.240160
104.717879	65.676744	55.647182	47.664855
105.887829	67.299811	54.879066	46.162032
107.858603	67.528318	56.227596	47.400732
110.830350	67.556334	56.137499	47.281767
113.117208	70.124722	56.293940	46.228578
116.509330	68.920018	54.297285	47.914485
117.577540	70.415264	55.507329	46.038991
121.385770	69.494530	56.289701	46.772584
124.091557	68.772749	55.583947	46.254455
125.142084	68.456461	53.935058	48.385204
127.296876	67.712647	54.220102	48.564596
126.834249	69.658101	54.186816	48.842507
125.501904	67.985482	53.735678	47.627156
124.719703	68.602580	52.970927	47.660523
126.255380	65.614955	52.757229	48.707353
121.656900	63.059209	49.232766	49.711445
123.390892	63.402269	49.835618	50.822562
123.697739	64.108948	52.614522	44.622731
124.702608	66.355191	48.963911	44.739572
121.940505	65.895260	53.185758	45.875626
121.777091	65.004248	53.377875	46.343946
124.892937	60.596379	50.562342	47.606459
124.777872	63.800147	55.302995	44.103341
125.672107	63.458572	53.322404	48.019795
128.013656	64.649218	55.100477	46.883427
128.707621	64.043192	56.159991	47.613196
127.716424	63.734707	55.499482	46.584221
130.051250	66.914764	55.527407	46.253441
129.489020	67.427062	56.745293	47.007156
129.441286	68.665142	55.884392	47.269243
129.857618	72.579771	55.387151	47.991986
129.096796	76.662335	56.092600	47.649810
129.438389	81.688178	55.186082	47.031676
128.218027	84.859599	54.563926	47.147925
129.078284	87.903740	55.064482	47.463043
129.942587	90.171624	54.384090	48.188102
129.451535	91.538106	53.775112	46.561274
126.486160	93.034531	54.951738	46.090835
128.441408	95.435311	54.038964	46.849638
126.261342	98.378658	52.139835	46.427404
122.432541	100.871628	55.024124	44.692722
124.480419	104.447072	51.911811	44.520869
123.782690	105.958483	50.426128	46.732891
123.447057	108.592454	54.014831	46.080180
124.485878	108.156084	48.402231	44.980793
122.212805	109.796119	50.777703	43.522363
121.542544	103.112427	52.603435	49.262012
118.935306	100.842255	55.133920	46.526186
120.761112	99.128221	51.939110	48.465212
119.892247	95.528030	53.500431	47.374529
118.483279	93.016018	54.448367	46.780614
116.927417	90.232637	54.262458	45.716014
121.665625	85.692198	51.949885	48.653356
121.065413	84.590168	55.142240	46.178696
120.836029	80.161484	55.767293	48.084290
121.742976	77.272669	52.711806	47.335773
117.722227	74.041520	55.250537	47.407325
117.516665	70.596929	55.767511	47.332582
117.945424	68.852844	55.612238	47.694334
116.765067	67.979234	55.638751	47.289240
114.209068	64.131963	56.457115	47.860300
111.676244	63.651320	56.422377	46.973491
110.695054	64.227693	56.070091	47.470272
110.251324	64.323976	55.078248	47.443573
107.487288	63.242124	57.051105	46.421598
104.402649	62.024502	56.144017	47.431108
101.369822	61.027197	55.922944	47.600530
101.805864	61.510718	54.678212	45.940168
95.322314	60.492931	55.048780	46.957020
93.052693	60.908559	54.889880	46.374050
89.658317	60.442474	56.289945	46.856321
86.815120	59.441641	56.222013	47.187286
84.078175	59.037995	55.650824	46.477166
81.283896	58.923116	55.990493	46.955171
78.555013	59.944246	56.234334	47.029093
75.276961	60.701118	56.492334	46.689590
71.601556	62.199506	55.720847	46.122953
69.204623	61.606688	55.825790	46.628651
65.538679	62.695846	56.111249	47.774995
64.802796	63.868652	56.477918	47.204584
64.001325	63.684746	55.644498	47.677872
64.223301	62.298058	55.245566	46.665900
63.776136	61.923688	56.307040	48.047038
62.883956	62.614616	55.175765	47.116970
62.974593	63.603611	54.472129	47.414051
61.471764	63.810709	55.147183	46.508463
60.844848	65.272667	56.331025	46.424873
62.867103	64.120023	56.851179	47.186937
67.006812	63.116128	56.632278	47.511797
70.826816	64.525870	56.185447	47.417937
75.937779	65.943279	54.836868	47.215995
79.754560	67.003219	55.530384	47.378616
84.362172	67.443126	55.492980	47.264500
83.624289	69.991298	55.201014	47.197200
87.638172	70.030514	55.951774	47.256518
94.955542	71.199288	55.305205	48.462316
99.235451	72.750488	55.563162	47.079279
102.705973	73.466537	56.056393	46.801302
107.211974	74.066818	55.385649	47.124052
108.483037	74.139499	55.530333	47.931383
109.705398	72.691360	55.509486	48.064069
112.409834	74.481303	55.256069	46.306702
114.927661	74.201553	56.578442	47.102898
120.270853	75.578840	55.110461	46.720827
127.784750	74.502210	54.737735	47.619000
130.530002	74.450052	54.555949	48.757941
134.414519	75.216509	55.650262	46.239627
135.939533	76.677518	54.963991	46.522155
140.238749	77.718575	55.192044	45.351152
144.377292	75.820879	55.331845	46.322447
149.099355	77.730818	53.186456	46.815813
152.883933	81.405398	54.279560	44.143308
153.509601	81.044846	55.335321	45.963304
154.895905	83.702298	51.851277	47.217424
158.559998	87.025933	56.014998	45.826605
158.932531	89.074010	54.033486	47.175383
160.769083	94.279155	54.767545	45.302870
160.525817	95.450940	54.374710	47.046297
163.612463	100.752474	55.741243	45.603234
163.513473	105.442165	53.968159	43.550610
161.101611	108.607444	53.072413	45.660495
160.981528	114.422225	54.322374	42.924739
163.566621	118.294888	54.029062	42.559537
164.186951	123.278033	55.317420	45.140438
164.118151	126.995803	53.700213	45.655408
164.671889	130.657513	53.924480	44.739272
161.704010	135.403475	55.580128	45.416553
162.050911	142.391976	57.974011	42.573946
166.088525	143.874236	50.934177	42.305862
163.493467	145.402950	55.095326	47.075424
163.048773	148.909067	51.756005	48.475253
158.591179	154.863579	52.151105	45.445501
159.236586	156.237365	54.892200	44.752138
161.464378	156.327061	53.587047	45.930432
160.771864	155.405229	53.006759	44.900576
157.604892	153.335914	56.485781	43.600528
161.629814	151.465124	55.456286	45.729749
162.103174	149.504922	56.623893	47.037820
159.519265	149.345166	57.659623	46.446116
158.809096	148.633121	56.925221	47.145866
160.104677	146.599549	55.180596	46.720336
160.755839	145.914726	55.982945	45.826092
161.358173	144.488179	55.435709	46.418258
158.356824	139.891620	56.432920	46.583415
159.286209	135.580435	54.996919	45.904558
158.637844	132.504444	56.064483	47.049676
158.313169	125.995479	56.737298	46.736028
155.679612	119.539244	55.992267	47.262461
154.192504	115.812776	54.596826	47.426707
153.919086	112.891036	55.797950	46.036156
151.268078	109.169603	56.094551	47.436579
150.652300	104.005699	54.912609	47.451377
150.553618	101.016720	55.774668	47.301690
146.983463	99.875666	55.380891	46.750823
145.119626	97.676495	54.417884	46.388843
140.754409	93.438585	55.611238	46.671320
138.701176	93.361144	55.362450	47.040951
138.976908	94.267642	55.868325	44.775991
136.529321	93.141654	56.014034	47.480486
132.345857	93.923645	55.535094	48.049114
130.205140	94.421189	55.457244	47.513679
127.058354	93.816233	56.801955	47.312297
124.510664	93.066106	55.879046	47.953969
121.875503	94.189033	56.358067	47.023940
121.340743	94.046237	55.163810	46.715909
117.629586	92.823847	54.026152	47.031027
112.969481	90.801027	54.764196	46.915057
109.872525	91.444511	56.414404	46.829295
105.371861	95.615379	58.150725	45.374577
101.161444	94.515911	56.679616	46.662977
101.129797	96.298440	54.950439	44.903478
98.566616	97.044312	56.604005	48.951605
95.364840	100.541627	56.117440	45.272497
90.352128	96.885361	54.955446	45.554692
96.513860	94.372916	58.959991	45.695123
102.924165	95.073485	53.597203	43.623309
98.013858	95.166345	55.957179	46.581204
98.431525	93.675013	54.118462	47.216621
92.615825	94.766118	55.892358	47.618865
92.121660	95.491123	56.436358	46.609192
90.251227	95.774112	54.057165	47.087888
96.000000	121.000000	51.000000	50.000000
96.377615	121.062540	51.365894	50.096830
96.621987	121.596386	50.579817	49.896199
96.808221	124.165133	50.573626	48.613600
97.002802	122.347353	50.707139	50.750793
96.152073	122.773437	51.791517	49.274486
96.571699	124.069302	51.191345	49.141727
97.109620	121.507327	52.268630	50.156097
95.882349	123.012337	50.552254	49.963148
95.045750	122.060177	52.548318	49.768134
94.551533	121.899564	50.485922	49.582345
94.019203	121.264172	51.700800	49.099698
97.264805	121.233059	51.002570	49.936423
95.480957	119.644768	50.810682	49.998643
95.292204	120.646355	52.475351	50.220582
96.942841	122.257125	51.542306	49.660224
97.765760	121.574456	50.626101	49.308282
96.246636	121.490040	51.892038	49.590696
97.464914	121.204730	51.637142	49.066577
96.776769	119.133691	51.426708	50.233536
98.106069	119.254014	51.160090	49.809333
96.956802	119.617821	50.949580	50.001872
97.834988	118.933884	51.116201	51.540980
98.409347	120.003093	50.453949	51.552338
99.221173	122.412968	50.933372	49.960874
97.740712	121.489962	50.581243	50.868755
97.425324	120.865041	50.882718	51.066623
97.145625	121.421316	51.257765	49.997510
97.023799	120.204765	51.868353	50.192919
97.215122	121.081572	51.495945	50.270299
98.030075	121.214578	50.439932	50.492035
97.672444	121.551895	51.741614	50.119111
99.187084	124.507457	50.723438	48.706416
97.641862	122.863316	50.756480	49.211810
98.671199	122.042431	50.218397	49.625320
97.285015	121.296385	49.802802	50.113904
96.109217	121.205829	50.905538	50.762791
96.757983	121.939570	50.419180	49.336027
96.813956	120.252389	52.226368	49.838173
99.318336	121.811310	49.328683	49.573976
96.157305	122.892063	51.473221	49.808855
97.375206	121.967805	50.656208	50.415269
96.996012	120.596239	51.641548	49.788523
97.015717	120.575047	51.240310	50.718248
95.817645	121.151177	52.554279	50.050110
97.113625	123.482334	51.381426	50.077525
98.284661	123.056857	50.708565	49.426708
96.585846	121.621319	51.846672	50.422810
97.829787	122.750113	51.587192	49.220815
98.224739	119.446797	51.316049	50.635106
97.038307	118.291874	51.009293	49.741248
96.093990	120.197369	51.839819	49.990410
97.069645	122.084400	51.606882	49.994104
98.094838	122.360901	50.471654	49.845108
96.533037	120.003828	51.103305	50.499444
97.161018	119.919247	49.998436	50.450363
96.477026	121.242701	50.935414	50.236347
97.391205	121.729496	51.747521	50.185571
98.473300	121.314476	50.637376	49.827209
97.452627	120.614740	52.086474	51.288721
96.289679	120.246185	51.211177	49.882600
97.977713	120.946818	49.967832	49.172821
96.797989	120.452790	49.470072	49.984356
97.109162	120.101109	51.547980	50.300863
98.042821	122.426547	50.992861	49.837445
97.553662	121.570253	50.208126	49.582691
98.731866	119.901223	51.423166	50.782856
98.137531	121.839075	50.505936	51.011788
98.461425	122.359036	50.806916	50.030111
97.922126	122.258994	51.142735	49.741093
97.516127	122.188317	52.233387	49.726522
98.231693	121.912215	51.040097	51.079932
96.500257	119.655782	51.830759	50.811021
96.881156	121.112009	50.405940	50.051706
97.236082	122.676204	50.970591	50.261560
97.598985	122.220656	52.261693	49.445920
96.690546	121.397185	50.722885	50.483190
96.816506	121.406216	51.648136	50.756765
96.687037	120.475580	52.610850	49.653068
98.269847	122.870019	50.366513	51.138667
98.011576	122.297932	50.060652	51.543032
98.263815	123.680305	50.128277	50.349024
97.247266	123.072612	51.233200	50.351805
98.790778	123.886574	50.659673	50.392572
97.329273	124.310915	51.538926	49.044236
97.831944	124.651881	51.716525	49.688476
98.995373	122.382575	50.716327	48.950730
97.488298	122.690278	52.429877	49.233236
99.522740	124.166580	50.668078	49.621305
98.891314	122.692554	50.720807	49.507860
96.467570	123.120034	52.133147	50.002250
98.504981	123.408657	50.553075	50.024511
97.745260	122.332361	51.234570	50.008050
97.937169	124.534166	50.852990	48.207636
98.005325	120.949389	51.454620	51.334124
98.586831	122.286539	50.009312	50.365556
98.900081	123.268712	49.504433	49.968700
97.784556	124.922315	52.015652	49.035312
97.150409	125.752447	52.158773	49.917064
96.951906	123.668096	52.712386	49.478219
98.223479	123.199974	51.384390	49.394397
98.190062	122.594049	50.625946	50.514710
96.012744	121.952698	52.162881	50.387746
96.893639	121.436600	51.360920	50.800486
97.112143	118.530239	50.277633	51.637492
98.575489	119.216036	50.263835	50.361015
99.257131	122.787675	49.959890	49.092025
98.745121	124.060568	51.725903	49.002200
97.619532	120.937185	51.906298	50.574378
98.043734	123.340608	50.482659	49.586445
96.423979	120.965740	51.524297	51.317764
97.145458	122.645788	52.004246	49.863416
97.881455	122.429424	52.312537	49.591493
99.075434	124.007693	50.289182	49.710248
97.959648	123.741183	51.291950	49.698308
97.621323	122.496155	51.609373	48.916952
96.190488	121.284600	52.518350	50.867244
97.822325	123.369329	50.872958	49.886722
97.491071	122.828463	51.385386	49.472005
98.906981	122.902650	50.116264	49.027720
96.385188	123.699246	51.244016	49.384022
97.440295	123.562023	50.974409	49.941466
98.211580	125.989724	51.272918	48.940756
95.928578	123.976535	53.660779	50.509362
99.323202	125.661050	51.082513	48.154579
97.950018	122.018422	50.730578	50.854822
96.245520	123.258213	52.350703	49.998373
97.060233	121.490911	50.873759	51.889220
97.319253	123.551660	50.835336	50.582906
96.723155	124.139836	51.714524	48.456695
96.961978	121.567130	51.843308	50.561737
97.322049	122.471150	51.096104	49.728505
98.336969	123.869366	50.170102	48.387897
96.718027	124.065099	51.523355	49.364374
97.150830	123.033441	51.447490	49.218751
97.183556	122.348620	50.153576	51.021992
98.249574	124.619798	50.654701	49.468007
98.173733	119.900733	50.766983	50.896982
97.416683	121.622852	50.760312	49.425879
96.910368	121.985888	50.976348	49.181120
96.712000	122.166346	51.232543	49.861797
96.980363	120.760933	51.461634	50.537172
98.118272	119.545466	49.854138	50.438955
96.892790	119.878829	51.794761	50.942113
98.451795	120.877538	50.946147	49.762534
97.990228	120.642833	50.019550	50.330982
96.255021	118.767610	51.023173	49.850602
96.561104	119.742937	51.101757	49.180942
95.993525	120.312217	51.585269	49.147807
98.257099	122.439231	50.248234	50.085454
98.521237	121.214072	51.004158	49.876163
97.726102	120.811473	51.716011	50.201203
97.037996	121.030294	52.065553	50.107292
96.374781	119.559930	52.211979	50.723428
96.370408	120.435725	51.672021	50.325240
97.672435	117.979893	51.912278	50.068310
96.531362	118.667570	51.910734	51.079444
97.967140	119.472056	51.457559	50.835275
96.641525	120.447429	51.449237	49.342501
96.347986	120.925276	51.006179	50.306148
97.017189	120.340566	50.978512	50.646773
97.792672	122.051603	51.054913	49.838435
97.683675	120.160085	50.839677	49.713446
97.618802	122.109273	50.992705	50.405389
97.149842	122.064695	51.326405	49.499457
97.802699	120.632097	51.445993	50.359821
96.893317	121.156575	52.185214	50.209184
96.691055	120.829545	52.005554	49.917821
98.148808	119.616056	50.168913	50.017573
96.671516	120.641343	51.638150	49.621870
96.435591	119.925539	51.301274	49.739842
96.424452	117.510203	50.333404	50.408453
97.222058	117.751087	50.848885	51.490375
98.061728	119.033528	51.318664	50.279167
98.223639	118.958540	49.526943	49.640960
98.347358	121.424764	50.893121	50.345186
97.316013	121.663622	50.047193	49.755493
97.130285	120.694282	50.583915	50.120842
97.881497	120.609182	51.395118	51.481624
98.807609	122.926432	50.617359	50.500061
97.320455	122.151337	51.616083	50.112192
97.184994	121.491700	50.960299	50.575328
96.494324	120.109551	50.592867	50.101114
97.877729	121.994928	48.975370	49.434690
97.284977	119.413071	52.438480	50.556478
96.582130	121.085479	51.159699	49.800676
97.258197	119.050858	51.468505	51.158093
96.927170	120.145578	51.222263	50.678173
96.155677	119.350325	51.508150	49.940850
98.223257	119.537074	51.059515	49.702148
96.804190	120.366017	52.382294	50.882201
96.971838	120.116679	50.937102	50.071364
97.386491	121.605852	50.631603	50.219606
97.880713	121.639764	50.248594	49.677655
97.276806	119.478415	50.820461	49.824060
97.059838	120.303375	51.898154	50.417508
98.066752	121.052109	50.086365	50.135631
99.513169	123.633576	50.520277	50.010761
97.776940	122.161090	51.178961	50.105970
97.500107	121.215071	50.260209	49.786869
98.130474	118.122805	50.084099	51.152347
98.144447	120.696044	50.310810	50.259919
98.305635	120.707848	51.055196	50.936628
97.330377	119.615998	50.180431	50.877729
96.645678	119.037952	51.107382	51.126661
97.340241	122.298974	51.444568	49.999510
97.337937	122.191637	50.916795	49.052509
96.811420	120.531552	51.263420	50.511956
