232.000000	88.000000	76.000000	84.000000
238.266579	88.705264	77.426071	84.715383
251.133047	95.028239	75.889276	85.864952
260.840152	102.231087	77.109295	83.004387
268.961131	102.547806	76.291542	88.186632
277.705869	106.225939	74.640440	83.851174
285.464000	110.159666	76.452686	84.473386
293.439683	110.425208	77.071330	84.254582
298.986713	114.654049	74.823557	83.811624
305.884507	118.279639	75.398542	83.119006
307.418763	117.726342	78.248909	81.692599
311.074518	115.058297	76.704571	86.346711
311.606155	112.187709	76.031548	85.246931
308.043934	107.363629	76.403798	85.160117
296.760591	101.709326	75.993621	86.153644
284.511940	93.994196	76.672335	81.503969
273.924740	90.922268	76.201636	85.630730
254.117947	89.740143	76.710210	82.594934
241.515902	86.017579	75.020449	85.553596
232.101355	87.379893	76.742322	81.043275
226.271000	88.405827	74.341573	81.070032
214.249528	90.062019	75.396306	83.084733
205.746938	89.060726	76.684956	85.740805
204.340353	95.053154	76.957872	85.924734
211.057469	98.194353	76.297939	81.360354
223.817998	98.669650	74.342916	81.323200
233.815065	101.304007	75.787562	84.386599
247.993171	106.041983	75.411153	84.488105
260.322021	112.124713	77.582844	84.211406
271.882639	110.329874	75.908587	79.308364
281.325811	108.230657	74.173136	85.943799
288.578216	117.536589	70.952772	82.719302
296.799721	104.001575	71.908519	88.400212
296.089450	103.358702	76.908247	83.281563
295.805091	109.116825	74.898855	84.109164
292.078674	114.288659	75.494339	82.543998
288.707827	116.058078	76.566444	83.074919
281.542599	117.279793	76.226721	84.581395
273.729839	113.905458	76.323828	84.208974
265.562401	108.461236	74.496554	83.622973
249.704283	103.426774	76.675202	82.481084
236.214415	94.238518	77.536425	83.707160
229.178805	84.076600	75.938801	83.635999
239.204695	78.404400	72.356211	83.735168
251.218398	77.248235	75.217272	81.349187
271.125555	77.513279	77.963429	83.561039
295.948755	79.155940	75.686842	83.557808
320.499779	78.570896	75.251845	84.050971
338.623919	74.818334	75.994132	85.844430
347.841908	79.920010	75.984613	82.942644
350.819192	83.012570	74.621015	84.962269
342.380151	91.084423	77.336832	85.327399
328.991784	94.968135	77.413524	84.490926
310.634534	100.860728	77.191595	82.237078
286.635909	105.108774	76.640653	84.839210
261.876140	113.560606	76.761942	80.844804
233.355693	109.067003	75.062216	85.020487
206.907022	109.290442	78.199409	82.247527
193.071542	112.120748	75.424423	84.422425
184.200438	109.883605	71.595695	86.008129
183.513015	110.754013	69.826159	78.933859
176.622542	107.486304	77.456028	77.739645
178.758783	94.388302	73.990532	85.849789
188.382396	86.252135	75.811225	83.911647
206.656336	71.091058	75.454364	86.298468
227.560179	52.331332	82.308437	80.626450
254.484864	45.510317	73.858194	85.833603
277.914503	44.109800	75.726970	85.374561
300.719809	50.272468	76.796763	81.751590
306.867758	51.744690	79.213686	84.619950
305.721121	58.317998	75.108813	83.997355
298.735717	64.902225	75.347957	82.954070
303.024825	72.285074	76.097278	84.746210
316.215896	79.565917	76.696663	83.784514
334.957290	79.124079	75.316893	84.694673
354.310570	78.349074	75.958926	83.180629
372.094835	71.705946	77.107914	83.421186
389.422778	65.009112	74.687722	83.860450
395.813676	59.424138	75.802773	82.288067
387.945576	51.569076	75.285312	85.438726
371.204168	53.803919	76.294325	83.270544
346.843116	58.003114	75.927996	88.304965
313.915619	64.281509	78.119623	86.509801
284.401597	69.875041	83.316241	86.597149
271.635262	73.590502	72.724243	85.598596
246.063587	77.460616	81.203404	85.663405
230.158838	76.964805	75.593707	87.749414
214.599487	80.539080	80.064396	84.628961
204.995138	79.045172	78.051180	86.404080
194.809678	76.361613	74.905501	85.849560
186.101503	72.506306	76.312480	88.887783
173.357293	61.758975	76.242147	86.408763
160.285345	55.550099	77.177008	85.390485
144.102558	52.113413	78.246763	83.088999
132.663753	52.347958	74.382913	83.649403
123.835238	57.306025	76.229311	83.724965
126.624241	62.449507	76.239548	83.604256
132.679918	69.729112	76.399394	82.130560
141.788077	70.479557	76.360979	82.767721
156.774089	72.712593	77.059300	82.692695
165.912204	82.524330	76.472428	83.308761
172.119516	85.424948	79.565274	84.559627
179.835371	92.768182	75.123346	81.512128
183.699241	101.075515	76.349565	80.595548
181.898942	101.644054	74.880278	86.043101
177.714678	103.933474	71.406609	87.896331
176.264064	109.803345	70.378531	78.966659
171.800595	107.738356	74.293894	80.653838
180.363988	109.039684	73.648086	83.102118
191.138356	108.825089	76.724990	85.559229
205.925134	102.183335	77.211871	84.770938
224.120793	101.189165	75.764377	86.145418
244.685779	101.847303	73.898195	81.126088
268.096518	104.916954	74.960472	82.814142
285.517475	106.935358	76.285743	83.260874
305.159040	105.790690	74.711411	83.657213
326.686429	100.094398	75.446213	83.557236
343.566012	96.362668	74.203918	80.918175
356.890685	94.529772	73.220222	80.565313
367.270345	92.361006	71.837940	84.199259
364.603075	95.952206	76.549690	81.169879
363.737944	97.058846	75.613260	81.181542
362.351206	99.551650	75.401453	81.071759
358.134816	105.033468	76.280104	83.456988
356.805046	106.114125	75.183397	84.203432
358.654063	101.682095	75.279420	86.562927
363.672492	95.356012	75.610184	83.922110
366.275477	86.173318	74.608283	81.902343
358.958496	78.543103	75.806523	82.405812
347.769825	70.524361	78.084902	84.337484
334.668170	66.994272	76.157939	83.671188
317.462845	69.349742	75.903216	84.565331
288.910258	74.260481	76.546630	83.655588
263.431077	74.780378	77.561474	85.227314
241.487197	77.651623	74.857779	84.183470
225.935590	82.663241	75.390409	84.447664
213.949940	85.970388	75.331586	85.573572
193.936744	91.634663	78.684317	85.108043
180.467183	92.131061	76.205982	81.583918
170.508425	93.627308	77.714383	79.769705
157.220484	96.454025	76.851865	82.986767
144.893919	93.387625	75.738702	85.518473
131.194312	93.083767	74.541478	83.619035
119.191929	96.124628	74.570355	82.556163
108.851129	93.393130	75.362457	84.491706
105.463600	96.913411	74.991587	82.634035
114.078017	91.741787	75.054548	82.081632
125.617557	91.052567	75.341888	85.382533
142.033230	87.688127	74.288896	83.609491
163.724508	87.519360	77.738557	87.748331
183.757454	87.532955	74.974052	83.872764
204.206733	87.678167	77.981226	83.576480
222.788688	91.789851	78.020046	82.237164
240.738312	84.891887	76.619655	83.244562
257.607417	76.191360	77.725795	82.626232
284.284237	68.572844	75.633630	82.852648
305.683623	60.806290	76.218952	83.226986
323.082485	51.716182	75.117749	83.852194
330.603739	48.888373	73.988320	83.238163
330.717707	46.158472	74.239865	82.999118
327.206960	50.127930	74.623125	81.868378
316.922283	50.262522	76.089958	84.000134
311.842962	43.819949	75.962271	84.300396
299.562886	39.861599	73.690315	76.148698
290.407561	46.997546	71.720190	78.116629
271.724933	57.464767	76.144018	81.723459
251.310515	75.577289	74.827250	84.852263
234.353287	88.639929	76.758719	82.939482
223.383477	88.844073	76.888180	83.948379
207.171798	83.658654	75.503773	84.994182
190.711619	81.462846	75.765974	84.883399
175.572067	81.741800	75.618367	82.934829
165.571699	80.143913	75.605717	84.796664
164.369056	81.403376	75.035976	81.162233
154.848568	81.324896	76.917122	83.538309
152.612404	81.453317	75.865237	83.693334
160.327449	85.250106	75.101062	82.300455
175.886656	86.931110	75.994970	83.317110
204.531879	86.095271	77.368271	85.436237
227.634936	82.815450	74.741227	81.283793
247.061223	74.865924	76.658552	82.958444
257.241265	66.858230	75.851409	83.761623
258.316726	62.711594	76.445446	83.896796
241.050106	59.521264	76.219239	84.915410
223.718632	60.263337	73.818817	83.523879
217.038397	52.225982	75.863568	85.539925
227.951794	50.051395	76.187186	82.738855
246.261201	47.669492	76.060454	82.209112
260.001472	49.578019	76.694447	81.459097
262.149674	67.584741	75.713407	80.146381
261.732455	85.226736	76.076473	84.355292
259.656770	100.068218	75.942469	81.345267
256.158037	103.339462	75.351260	81.374240
260.645475	100.747130	74.743482	83.505191
272.481219	97.941155	75.525672	86.221248
285.668339	91.975600	74.525113	84.676066
288.006917	85.632999	77.830988	85.673273
280.395505	78.850793	76.293987	82.865810
269.314018	74.325856	75.765629	83.457763
265.387638	70.268324	77.393828	83.532890
265.792986	60.557401	76.050850	84.367115
257.306770	53.327006	74.239470	84.271961
239.148661	53.794435	76.471196	84.187896
224.275875	68.600737	75.963142	85.152172
219.898995	84.268124	76.509802	83.467062
228.252239	86.480808	74.955045	84.962082
237.081183	85.112423	78.698112	82.827536
244.526290	79.447050	75.179280	82.568949
243.376432	72.394135	76.290979	84.164794
235.628585	68.597127	77.141141	82.863467
224.523415	73.122402	74.159624	86.606620
209.795815	77.869020	74.269904	84.377289
195.708692	93.134849	75.618650	83.974005
198.333742	107.795314	77.058906	85.009085
219.946539	105.092172	73.167011	87.774354
235.958828	104.687662	78.374520	85.086328
263.884405	95.932565	76.028320	85.157319
282.974997	82.493955	75.320600	83.150227
299.688498	65.301327	74.341599	85.206867
311.121435	58.750142	76.305264	83.015466
327.521995	51.854432	75.714639	85.783947
334.038294	54.565332	77.495917	85.772858
327.401860	68.852376	76.543141	87.258071
301.775951	87.269165	77.176895	82.840018
278.645608	97.201016	76.384868	81.781631
254.501360	100.139480	75.145599	84.451797
235.210368	93.517521	76.110268	83.904810
235.473623	87.799057	76.874023	85.957872
248.710412	78.284313	74.501070	86.424910
260.969383	81.101477	76.314000	85.283025
264.385166	85.442022	74.806705	82.988433
261.515066	93.793791	75.318636	85.891057
247.065366	100.353153	74.601954	82.333834
223.091664	94.905684	77.573834	85.238316
199.999616	96.436403	74.715633	85.307658
175.490956	100.586549	73.941074	84.809979
177.632530	104.252134	71.565233	84.047247
187.051961	101.048871	75.311437	83.655687
209.835850	91.362750	75.598269	83.299071
237.234842	86.182649	76.313346	84.404533
261.926637	79.855702	74.457909	85.557040
282.748486	81.715420	75.779384	82.957927
297.678143	90.952789	75.701105	83.499627
306.524830	91.868935	77.065865	83.583083
307.962281	94.437818	77.204152	83.327031
288.790073	100.130478	76.441283	85.513019
266.428751	110.202120	75.468483	80.373978
242.844441	116.176213	75.171586	84.977764
231.385883	115.955660	73.613948	82.148208
214.776436	116.066197	75.417043	79.532340
210.523262	111.194878	73.537380	81.503028
210.078054	102.894787	75.456933	84.720655
220.799975	97.220430	76.437518	83.951336
238.725294	92.853756	75.436291	83.225117
260.090883	84.215122	76.297675	84.196523
286.323926	71.779076	75.090450	84.293931
299.458080	65.573960	75.538163	81.513557
296.870019	63.955291	73.049618	85.023497
288.387416	64.623928	75.080256	82.268738
285.513046	67.414159	75.518775	82.951027
292.734076	73.836315	74.145248	80.613044
305.823650	77.276037	75.975272	83.443736
316.246535	73.127376	74.212820	84.936887
324.017746	64.094309	75.811210	81.500729
325.169985	47.701119	75.498944	81.072715
324.193058	42.504869	76.428092	82.653747
322.459147	45.126064	75.415383	84.128260
326.341153	52.570594	73.483721	83.406832
325.743653	61.498354	75.888482	83.538500
322.823819	65.818821	76.654547	83.629041
314.198183	66.122251	76.692682	85.801701
314.314866	68.093243	76.480891	82.385142
312.731222	66.719573	76.152956	84.862431
314.077288	56.829905	74.735214	83.778724
322.200688	42.441174	75.734306	83.209823
323.152662	27.540835	77.726538	86.494462
329.566487	12.317831	76.265994	83.702324
326.708209	4.164689	76.701044	82.666760
318.167170	2.109220	75.704865	78.728235
308.260230	2.797778	76.735212	80.119405
298.530004	13.065170	75.285885	84.154682
293.060372	25.262088	74.959031	77.832164
288.407655	47.051711	71.451995	84.204045
284.497957	61.400182	78.801052	87.708038
282.719202	60.605681	72.786969	87.444386
276.117099	76.554795	75.622107	85.775097
270.843832	90.046891	76.259897	82.392650
257.397737	93.787326	75.513904	86.084973
243.167996	97.513239	76.631506	84.839621
226.181365	97.405195	76.808064	83.319059
211.402347	98.671453	76.020474	83.965973
197.007503	92.069172	78.351520	83.413897
193.315338	77.099149	78.815270	81.430131
203.331978	66.155304	80.025485	81.748125
211.976811	57.466951	75.561659	82.912141
226.875403	59.343726	77.083754	83.471656
241.430760	68.654192	75.544820	84.825947
249.181887	74.346040	73.014163	86.638061
246.939921	62.600577	65.731103	89.790196
227.362815	47.755140	74.952157	84.714163
215.627682	56.374404	81.960850	79.141449
229.042782	43.993917	70.290491	79.394362
226.000000	58.000000	76.000000	84.000000
228.724260	43.045113	73.489030	86.325617
226.900555	39.643292	75.790254	82.864799
219.049218	33.747944	72.586613	94.300795
190.037860	50.397274	78.456614	82.888125
167.825791	64.459985	76.664328	85.448700
164.269540	72.309926	77.930386	87.900999
180.427210	82.512178	82.323384	84.833670
188.000000	102.000000	76.000000	84.000000
196.454468	104.049379	74.153205	82.904801
193.994400	99.255442	73.747847	84.616987
191.620401	105.577313	71.192448	77.326128
186.901673	102.968318	73.356764	83.105986
192.093698	104.090981	74.421551	81.639098
191.743432	102.747105	74.767910	81.408206
189.894339	104.400111	73.380852	83.234310
191.489118	103.211444	75.617606	84.228205
191.559680	103.977112	76.445929	84.304365
190.358033	104.504642	75.063984	81.865282
190.900254	103.104270	74.178358	82.895188
189.395669	104.135774	75.626029	84.373025
192.408768	101.613931	72.548626	84.193507
193.864270	105.257115	73.310768	78.901593
188.316452	104.879786	75.398149	81.079257
193.577251	103.435571	70.057240	80.921344
188.384953	103.781373	77.114617	82.957377
192.697011	103.978473	72.338358	80.873894
190.999302	105.043046	74.546923	81.312278
186.486827	107.684868	83.111277	78.483569
190.193337	105.955034	75.458696	78.281370
198.940843	99.285148	76.874698	82.248988
202.604221	102.542280	75.581846	83.514773
203.228438	102.390576	77.073705	84.659016
194.869352	100.896394	78.440449	85.733827
191.818192	105.051408	73.599239	80.762287
191.873059	102.437054	74.885284	81.891393
195.727970	104.804464	73.668265	79.863416
199.231153	97.295784	75.951197	83.390354
190.418938	102.802121	75.135191	82.346231
184.719454	105.424172	75.698336	84.581812
190.978033	104.519780	75.686632	81.184977
193.301346	102.840917	73.654228	80.036653
194.142002	102.227954	74.241022	79.162280
189.878916	103.506891	77.761535	81.664527
192.748293	106.476774	73.931450	77.838167
185.554656	107.508204	73.282205	81.585674
182.462446	110.140456	78.029269	82.264399
190.394973	106.988313	76.948282	83.546758
186.534120	104.640294	77.482160	83.841897
182.146938	98.180985	72.441637	90.321817
189.651125	103.756759	76.412467	80.669004
191.160127	104.416169	75.463644	80.001303
