146.000000	54.000000	68.000000	101.000000
148.482513	53.615633	68.230693	102.418978
147.758898	53.872593	66.045264	97.140358
147.033603	55.360307	68.104185	101.574838
152.254840	54.304808	67.321406	101.039616
152.130102	54.338941	68.097443	102.085461
152.307016	52.425900	68.452539	99.644831
154.666123	50.337795	69.047410	104.196794
158.647481	54.196447	67.712243	98.500682
160.429642	50.551027	70.571813	99.474638
161.633274	50.790917	67.338543	101.873920
161.138067	56.121058	67.544747	102.273984
163.535716	58.791879	69.582525	98.982254
162.184587	57.421047	69.388871	98.998969
163.655660	55.906693	67.493269	101.859544
169.988148	57.554758	68.449777	99.939382
169.633450	60.377126	68.676389	101.660513
173.747062	62.730212	67.650663	102.097242
177.178745	62.656291	67.828986	98.654966
181.021201	61.335236	66.775228	103.231981
181.162886	55.031562	67.488500	100.028469
182.337927	56.173490	68.590145	97.733969
186.683249	49.538109	67.203260	102.672740
189.611081	55.829947	65.380350	97.373153
190.696767	57.974104	65.470150	96.763708
191.965268	59.333563	64.587401	100.503170
190.063378	65.726160	66.895480	96.784801
186.821326	61.213165	65.347706	100.169742
186.820538	67.331543	65.380382	96.477881
185.602822	73.593915	64.113196	94.238737
182.292805	71.169676	64.237536	92.129384
174.396546	66.145152	65.575388	89.089751
174.395829	65.089691	64.485006	94.943968
172.935883	66.073833	62.077397	97.024915
167.574057	63.229997	60.810241	95.063117
156.995948	62.508756	69.562205	97.874989
160.838822	61.430281	62.350407	92.435936
148.162241	64.083746	70.394329	93.692383
151.744906	62.759551	63.776584	98.998368
145.900858	55.127506	66.361613	101.457352
144.489203	57.078595	67.758913	101.845308
147.840027	58.375989	66.438081	100.444517
146.795065	58.885968	66.942421	100.922750
143.493602	59.721616	66.829277	98.116774
142.009382	60.339332	66.939705	100.078699
141.873451	61.850159	68.675389	98.219439
139.291296	61.309951	67.610047	97.964209
136.626127	65.481123	68.607316	93.712051
139.244831	66.574411	63.852497	99.184319
137.654777	65.062715	64.562017	93.765876
140.887186	62.232451	60.832157	96.671731
141.824052	59.222414	58.976710	100.328879
138.260825	64.058682	62.223573	91.977959
139.631096	66.694188	60.824401	87.950050
148.402129	71.442353	65.550437	84.249362
145.114753	65.286953	62.750280	94.209894
145.323473	71.556635	65.140172	91.276476
142.283578	66.688479	67.745765	102.450344
141.712471	70.794285	67.212304	99.958678
141.033415	68.699773	68.781457	100.533933
143.553553	67.271518	67.040044	99.449048
144.378682	62.042928	67.248010	102.905714
148.885175	61.826444	66.900381	101.082303
152.181783	60.069278	67.832887	98.248101
153.639462	56.009343	68.448851	100.361838
152.986124	55.473827	68.977257	100.440253
157.155248	55.261565	67.367173	100.395960
162.283285	56.754853	67.655208	100.450703
164.813094	55.776401	66.481918	101.431942
165.539673	59.481783	67.441733	102.672727
167.372596	63.183690	68.024277	99.079436
170.465543	61.676558	69.095698	99.656605
171.729491	59.070896	69.006231	100.904479
171.738716	61.650310	67.936407	102.620651
172.873831	61.589419	67.216117	100.410462
175.001433	59.086958	67.995612	101.799161
175.139867	60.287762	67.165522	100.771095
173.371884	58.043015	69.713793	98.651663
172.811377	57.427421	68.623212	100.295970
172.127011	62.142281	68.739999	98.657607
168.674695	60.828069	67.057321	101.858533
165.116180	62.100491	67.772747	100.920683
165.660031	64.283345	66.883966	98.477239
165.699715	61.473975	67.454522	97.574267
162.410089	58.541226	67.795733	101.543391
161.747576	63.594498	67.334277	100.309037
157.795279	63.230119	67.622466	98.696289
161.056378	57.742350	67.313400	101.297300
159.502627	57.105357	67.110830	100.283744
156.508498	54.153992	68.334794	103.084102
151.051679	55.076675	68.543120	103.168880
148.340383	50.672059	68.872294	102.244026
146.729711	49.486292	69.774994	100.852878
146.862381	49.567135	65.760559	100.436461
144.151384	47.601675	68.617711	101.524206
144.976496	58.875771	67.489774	99.750371
144.293798	62.522292	67.683361	101.681110
146.683311	61.628809	66.303031	101.403378
144.599470	64.962054	67.680570	102.441157
139.243746	62.261008	67.363312	100.637179
139.308844	63.996543	67.806841	101.167939
142.260364	64.696822	68.100969	100.795635
146.956373	62.601728	67.537630	100.927215
145.716588	60.717719	68.253528	100.695250
147.861672	60.496684	67.373766	100.774646
148.287929	59.117200	67.192919	101.550963
148.059374	58.050000	67.011616	100.114314
154.605106	62.051600	67.254381	101.147294
158.811621	62.389073	67.713427	100.665591
161.909175	59.699408	67.870144	100.803623
165.316948	61.501088	66.006607	104.680501
167.203580	64.834562	66.569870	100.110888
167.533620	58.250084	66.929486	101.197389
166.642457	61.154449	67.420683	98.799081
168.756643	60.231042	68.485948	100.963168
173.692924	61.320502	68.285482	100.802917
177.087221	61.740842	66.775435	100.841961
180.384152	64.838997	68.575672	100.985379
183.319137	61.275633	67.700616	102.632699
181.368358	61.249850	68.262418	100.810824
179.702820	60.159170	68.739509	98.324007
180.590363	61.483940	66.249056	99.853886
183.382437	65.052889	67.388497	99.879257
182.201909	67.165669	68.404499	98.499621
184.527896	70.217162	69.546131	100.901049
184.841810	68.521020	68.505768	101.259947
185.886756	69.442611	67.609453	99.471524
180.710680	64.358574	68.566631	99.154979
177.664174	63.232312	68.566718	101.590109
174.112573	61.193588	67.282460	100.229383
171.261231	58.347369	68.717100	99.537163
172.082264	53.825588	67.281366	98.442698
170.410419	48.516524	65.917736	102.756819
165.860302	53.912444	67.727988	101.201910
162.159877	57.542093	67.610449	100.647724
157.549203	59.384948	67.644708	100.097609
153.541578	58.693854	67.750735	101.655694
151.538128	60.145914	66.680522	98.582808
149.248621	61.536046	68.086862	98.178283
148.406718	55.937612	69.239049	101.516843
148.519056	56.082347	66.621656	100.916594
148.116821	57.688048	68.173494	100.419973
148.676622	54.063291	69.426852	102.635159
153.057386	56.500780	65.337268	103.725054
155.035170	58.367821	67.354986	101.067490
158.535302	56.675653	66.330791	100.544493
159.046875	57.242630	67.809068	100.885053
160.568439	56.109142	67.176341	103.541249
160.572319	60.137442	67.941598	99.420831
165.203582	58.385776	68.142775	98.923375
167.202388	60.267287	67.357842	98.604232
170.398681	59.478644	67.792982	99.485965
171.301964	58.310069	67.044418	101.408757
170.895578	56.164157	67.980243	102.032502
172.267037	53.908951	66.411257	101.579841
173.216599	55.770677	67.920379	98.532372
173.308328	59.315635	66.809097	102.592804
176.054622	59.482993	67.249296	101.699453
175.072622	60.560319	67.925332	101.570245
177.341333	59.545081	67.310123	102.074939
176.376744	61.775356	68.357706	101.199063
172.784398	64.666676	68.691477	101.214508
169.000467	67.283043	65.965547	99.788451
168.918455	66.899736	68.287935	100.916985
168.712965	65.575568	68.979099	100.244526
170.540431	66.047317	69.182808	99.828520
171.330636	62.273164	67.009221	100.864868
170.759504	57.078571	67.906165	101.532185
168.795868	57.043640	69.106898	100.702129
169.308789	58.714939	68.313719	98.558872
165.378237	56.828432	67.513346	100.849797
163.129458	60.022919	67.398188	98.660217
162.698960	61.945598	68.306448	102.366851
161.165629	65.152951	67.468782	99.768396
159.708593	65.647049	66.706091	100.999520
156.772779	64.573831	68.127827	101.525582
149.137937	62.519113	68.764774	101.734675
145.572609	55.897237	66.709936	102.097695
143.586500	57.336021	66.953420	101.354542
142.541325	57.542308	69.433633	100.528847
141.822316	56.168631	66.817432	100.851458
142.334380	60.494195	66.707809	98.766986
145.585198	59.399522	67.528982	103.089880
150.057835	59.597490	67.255077	101.282469
151.663413	63.619380	68.714226	100.732752
150.957980	67.054633	69.518121	100.011155
154.089518	71.175816	67.310128	100.057641
154.253693	72.003873	66.892394	97.469976
157.106907	69.065540	67.414545	100.909173
159.712748	70.484879	68.112419	101.596535
163.235632	71.168605	68.945982	100.832047
170.491552	74.555220	67.397114	100.873020
174.308984	69.393306	67.061147	101.859055
179.023484	69.554999	67.284539	100.948195
182.341251	64.957262	66.349965	98.460523
182.424146	58.252421	67.519938	101.668335
183.043304	57.954626	67.954724	101.028861
187.724112	62.980595	69.058558	98.586974
193.575969	63.305216	67.527748	101.792318
194.984568	67.380663	68.264634	98.858646
199.384228	64.845133	68.332579	99.795752
206.845658	68.602749	68.210713	98.751501
209.225469	66.831654	68.131686	102.639549
207.757481	64.175961	67.456349	101.394302
210.919159	62.203274	66.353831	100.597988
209.699396	60.639251	67.378020	101.914818
205.445062	61.927264	68.088208	99.681485
204.704628	62.201909	67.159959	100.335701
204.422196	62.910308	69.233385	103.055776
205.987213	65.183097	66.559107	100.925423
203.981157	66.964217	67.482373	97.097521
198.988186	62.659158	69.085502	101.687527
198.415083	61.016292	69.051606	101.353978
202.109259	58.970671	68.911742	99.278076
199.651528	57.529910	67.902015	99.945240
198.173661	57.677466	67.201751	101.369621
197.188782	61.549542	67.685230	100.999837
195.685810	63.343512	67.035605	101.186395
192.704437	65.131503	67.407943	100.900772
190.324864	64.036589	67.680536	100.059944
191.875193	59.614453	68.169150	101.437385
191.776997	59.058946	66.978372	102.199556
190.465215	58.779911	66.201054	99.897626
191.102371	56.547534	68.372222	101.064375
191.621795	58.046070	66.230304	99.706581
191.140328	56.414771	68.000413	100.404194
192.950733	59.310450	67.683673	101.033530
193.898709	65.624278	65.819385	100.984604
195.054482	66.804568	68.417719	101.091650
196.457873	66.176546	67.334314	99.775536
199.253281	67.888820	68.864227	102.490982
201.917836	63.250033	67.929272	101.425905
204.244988	59.591132	66.501689	100.602419
206.424505	61.996108	66.620303	101.470461
206.613159	59.796017	67.166216	98.596657
212.634907	62.681058	68.600990	100.672748
219.688752	62.443898	66.863851	101.363350
222.988268	65.175305	67.095093	101.824627
225.826161	67.746585	69.514488	99.905368
224.496296	71.140563	68.182080	102.192472
225.518196	79.697789	67.536405	98.771623
222.922944	81.165067	69.688128	99.219297
222.965692	81.018477	67.804361	99.149150
224.479083	84.980060	68.545712	100.909716
232.255580	88.372304	65.948816	98.694925
231.908047	81.976683	68.532828	102.081000
233.907089	84.042398	67.444795	97.915807
229.840695	79.456483	67.663533	100.817970
226.671692	80.641866	67.534045	101.233903
226.607764	81.474481	67.456512	101.077502
228.210861	78.784024	69.104840	98.930731
224.481119	75.915469	68.323031	100.207875
225.311534	75.936112	68.217816	102.299533
222.418040	78.356507	68.071846	102.170169
221.438669	78.554803	67.714561	102.253917
215.520745	79.543495	68.755631	100.439406
210.838300	76.757091	68.602265	101.243453
209.251451	73.784880	66.877777	99.761813
210.000613	63.200699	67.659919	101.887459
211.527147	56.313242	67.996793	100.765743
216.594531	48.969152	68.130255	99.463118
222.115763	55.147505	68.661947	101.059670
223.043810	60.632453	68.841650	102.221552
229.133882	69.790450	66.760091	99.296991
233.829182	77.609571	69.007318	100.729275
239.557873	77.559909	67.887193	100.938939
244.656733	76.545122	67.099963	100.811782
248.025883	77.770372	65.799977	101.512452
256.533900	76.205102	61.393800	98.935227
258.437509	65.971422	60.146307	102.266220
259.902503	59.682649	59.521208	101.283639
264.711294	56.946931	54.691650	101.292129
267.574412	55.201755	52.182785	99.863153
264.981215	50.094178	54.979861	100.471178
265.151190	47.224468	54.854423	101.306699
261.993229	48.859192	57.759081	100.695003
260.729942	54.722764	58.261634	99.772967
258.811948	55.954271	59.752731	100.222937
257.076837	54.893558	61.219068	101.004787
260.106188	55.256161	58.948508	102.569550
261.213828	54.132655	57.797073	101.981805
259.059803	54.905501	59.582326	100.205725
257.835740	50.804798	61.079418	101.726858
258.531687	49.281998	60.121693	99.857855
259.809042	48.213223	59.361657	100.478405
259.311182	50.250131	59.289527	99.221235
259.497739	49.993882	59.707685	102.424469
260.690536	50.027677	58.473666	100.370968
261.873455	49.845833	57.575631	101.107384
259.853939	52.232935	59.286330	101.158060
259.189884	52.168804	59.224505	102.103030
258.570529	49.197788	60.365877	101.263368
260.146673	48.740493	58.964731	101.782318
263.048824	52.004690	56.145855	103.140446
261.816069	55.791872	57.918194	101.300314
261.662545	58.220433	57.828741	101.411571
256.734220	57.162001	61.975363	100.995077
250.361130	58.106826	65.642877	101.276323
244.252556	61.398796	67.599255	100.801127
238.355458	58.423812	66.643427	103.840624
232.418342	60.418636	68.061101	101.113078
223.722456	59.964355	68.084985	98.644101
217.222183	57.170892	68.456042	101.832827
211.509672	54.052978	68.829619	100.263535
208.862622	52.277209	69.421447	101.966123
208.551740	56.846091	67.509949	103.162899
209.316575	62.684164	67.362834	97.850971
203.661093	62.054984	68.875751	99.169332
199.495259	67.611698	67.220453	99.683928
198.265569	66.246877	67.375590	102.333211
194.530057	70.419905	69.495080	101.601655
190.886447	68.105298	68.158659	101.602622
185.216659	61.257255	67.925171	104.021340
181.723560	59.217739	67.385629	102.689549
174.784800	60.313213	67.952873	100.598825
164.936046	52.218241	69.468517	101.135103
154.509210	47.528298	68.069327	101.496730
142.948261	48.555575	68.863242	102.632424
139.083560	48.077387	67.458039	99.738435
136.092847	46.793717	68.556036	98.921377
133.124147	46.982336	68.388989	102.928566
131.959121	49.382725	67.609270	99.417960
125.823809	42.552155	68.908841	98.616081
126.777392	41.677264	68.090906	99.051021
128.812656	47.722396	67.739873	98.180818
127.460057	51.245289	69.308556	101.235296
127.675587	49.877387	67.831431	100.726206
128.851358	52.357837	68.355043	102.220878
132.235914	52.117771	67.715869	103.210237
134.998153	54.680764	67.591357	99.984678
135.566810	51.250028	67.837264	100.966576
136.728023	51.252410	66.395436	101.375086
138.041307	53.140516	67.654263	101.288040
143.261879	52.128191	68.727678	100.217472
148.610546	54.260333	67.382768	100.849263
153.016452	59.762756	67.457422	101.598531
155.162739	59.412361	68.527262	101.378369
158.035342	58.911409	67.879474	99.651553
162.649681	54.701553	67.084413	102.174607
162.841450	52.124830	68.103421	101.398801
161.763473	46.145607	68.248882	102.378765
161.441037	46.039286	67.136570	100.178524
161.364344	43.738827	67.184672	102.189179
160.818625	39.935126	67.167794	102.347723
158.354116	40.267545	69.285586	102.253481
161.723195	44.568984	68.196146	101.112315
162.964103	55.257114	67.925974	100.942903
164.003587	66.671033	68.380521	100.342283
169.490556	75.119146	67.438774	99.928343
176.666414	81.800061	67.602186	102.228464
186.315531	87.835801	68.461222	99.858794
189.692392	91.510663	68.380889	104.094228
191.362884	98.429999	67.158242	99.126950
193.564516	94.492291	68.537590	102.859679
198.746393	95.889170	66.612162	101.305673
203.828205	95.230657	67.667931	101.120929
203.988916	96.398046	67.626686	99.084941
197.782782	95.335075	68.578294	101.817146
195.676644	92.207282	67.686056	101.453285
195.739350	82.800514	68.169329	101.783640
191.096987	76.271338	67.518349	101.165110
185.616839	70.738464	67.730225	100.086324
178.249589	65.011001	67.602455	103.236351
172.854372	63.571393	68.197367	102.300643
171.334656	64.335637	66.731787	100.878791
171.560407	62.889051	68.129392	101.681480
166.716831	62.760520	67.379983	100.915977
165.717947	65.504770	67.651113	101.472663
165.307028	71.157183	68.701340	100.415411
165.881038	74.479543	67.625470	102.295991
165.212176	73.040890	67.622048	102.756082
163.872111	74.722893	67.524790	100.777264
160.749889	72.276426	66.136313	99.274502
158.178734	62.409849	66.004101	100.772989
158.492620	61.388743	68.052407	99.169697
159.462256	57.802943	66.615815	100.407608
158.051351	57.378553	69.130747	99.383575
161.375148	54.616029	68.007544	100.528978
161.371559	51.870113	66.777162	97.376515
166.351169	48.994434	67.425165	99.553532
166.972374	53.288598	64.110851	97.839543
174.586771	59.028743	66.343639	99.405690
182.081492	64.547106	65.642186	97.228202
186.318623	70.867669	66.530149	94.912910
191.440197	66.763947	66.576626	100.112923
192.697932	73.926079	65.813882	95.540137
198.783353	72.067493	66.017433	99.259179
199.642464	73.225953	65.334054	96.430001
208.676931	71.835191	66.680294	95.890940
210.496135	65.208883	69.751495	96.570555
210.217358	60.052871	66.646090	99.861678
204.619420	58.255321	66.704272	97.939095
204.752857	57.451506	66.618514	98.336357
204.414497	58.615371	64.529307	98.228486
206.188453	51.945082	63.192070	100.255485
207.508045	57.507950	64.309084	98.749443
202.305368	58.366556	66.436210	99.146055
201.150675	62.183473	64.370338	94.717518
197.951324	68.438495	66.435217	94.415666
193.957370	64.987275	67.038081	98.221963
193.841622	64.644454	67.864669	93.845255
191.304257	66.609472	67.985615	95.715443
186.865315	61.903139	71.186152	99.073088
188.746540	62.635713	65.078007	95.297591
187.895718	58.204431	59.929450	95.758734
189.592146	57.257801	61.640272	94.803386
186.955958	54.775861	64.800530	100.493440
187.413678	56.943064	63.855079	101.187177
186.334272	61.055897	65.023857	97.210469
187.723295	66.435499	65.541719	94.578694
188.130372	70.896584	63.670210	95.252752
187.633451	65.532968	68.646623	102.549776
188.174754	64.987966	69.000548	102.634177
188.840491	67.103438	67.475463	100.761795
189.215823	64.350862	68.379257	101.698013
187.709849	60.059273	67.918375	100.909905
184.982218	54.338690	68.170805	99.981233
187.715380	49.929609	68.050609	100.506288
190.217294	53.976394	67.888066	99.371680
193.317825	53.057453	68.670340	101.552358
197.053705	53.035357	66.976481	100.705890
205.888084	61.213883	66.377704	100.266377
209.068269	69.541706	67.295065	99.196870
212.844118	67.620129	66.550778	100.955910
213.506845	69.727407	68.208638	101.649950
211.003876	73.754486	68.380679	100.694107
209.920645	73.844441	67.705811	101.679144
205.814617	73.453274	68.472041	101.622526
200.164470	73.429122	66.263765	102.319246
192.059147	71.682507	67.715064	100.978702
186.061028	66.325102	66.886472	101.809334
178.516525	62.503250	66.732557	99.570006
175.681331	60.416277	66.061540	101.608221
180.527949	62.929520	66.529369	101.398738
185.843038	64.504400	67.800948	102.122384
191.576352	70.272793	68.032939	99.962565
195.233643	71.114923	66.858344	101.755736
196.528044	76.117506	68.346054	99.898255
201.053176	78.040512	67.724943	99.583407
203.721144	77.456227	67.286008	102.117540
199.094289	72.322386	67.214806	103.654903
193.401726	77.010028	65.205668	97.504701
189.263328	69.486345	64.894586	100.147919
184.866533	63.905798	67.822428	97.492016
184.535184	62.469960	68.741443	100.112973
179.351659	63.275066	68.996956	98.204331
176.064670	63.243418	67.269465	99.990959
174.508826	68.875455	67.335610	97.019375
172.199488	66.304424	65.170036	98.013398
172.158416	64.835250	66.392548	99.490214
167.401183	62.126414	66.710371	100.267081
160.550131	61.867578	65.629106	96.966213
155.398035	57.278186	68.370718	99.787251
156.795269	56.329919	66.077612	99.300892
157.380640	52.358645	67.530754	99.059007
158.787440	48.050942	68.978006	99.460703
162.570680	50.243170	66.144471	101.712232
166.121508	50.977174	66.312006	98.020782
168.875275	52.867228	66.642289	101.677517
164.827142	55.868961	67.060555	100.549592
164.832146	54.997200	69.593405	104.500418
163.081046	57.327194	67.507993	103.296359
153.102235	58.753052	68.050693	99.142766
145.141432	54.235060	67.298323	98.957617
143.367381	47.562729	65.457543	102.341551
137.129701	44.771098	67.055707	102.616834
130.070718	40.516401	67.826517	100.379061
124.421831	33.648407	67.773612	101.293751
123.982678	31.179853	68.024770	102.882765
124.237237	28.878202	68.518914	99.444340
123.798497	27.401680	66.717151	100.062784
128.196411	32.868115	69.154772	100.689470
129.899172	37.810310	65.487732	100.711888
129.573880	42.304368	67.283515	99.468565
132.389799	39.211405	67.008295	102.571847
136.903525	38.624961	68.329847	100.883088
145.398179	44.455554	65.748353	100.647013
147.552935	38.237596	68.337948	100.055432
151.302197	36.384829	67.171905	100.612754
151.631981	32.443317	68.127938	101.173301
155.138345	30.425573	67.332612	100.756308
154.429741	29.728627	68.886354	102.267730
154.191997	32.995275	69.090276	101.767043
156.087746	38.383913	68.327704	99.632372
158.341813	38.983938	67.229249	99.068188
156.363334	37.261720	69.460184	100.265817
157.695549	37.679380	67.394659	100.637284
161.458599	37.974576	67.530083	102.870602
163.602406	43.145775	68.301530	100.396976
165.716650	38.473339	68.799732	101.471342
164.419224	32.505232	68.423971	99.567872
163.016527	28.307984	67.602058	100.948098
160.430346	24.932221	67.330322	101.415790
159.525212	25.268969	67.218923	102.286676
158.995198	31.720610	66.550620	98.917532
154.022849	34.590312	68.744513	101.375151
151.961147	36.871939	67.762885	99.600715
148.915683	35.053502	68.019933	101.951152
151.561400	32.986643	67.773068	100.964050
148.289139	31.901587	69.289995	100.777070
150.407897	28.287342	68.197859	100.922215
159.016159	27.115422	66.457130	100.856656
167.935491	25.238274	67.741466	104.354584
176.194023	28.021479	68.507855	99.523713
183.263886	34.971215	67.289713	102.037226
188.556160	48.686509	67.092483	101.720074
187.232689	53.522121	67.302249	101.703696
184.229969	49.527477	66.642630	101.518794
180.428931	50.104592	67.197254	99.459371
176.255766	46.402201	68.173558	101.732443
175.349286	48.833288	67.281797	100.047228
176.897965	44.567502	68.178003	103.529619
178.856387	43.099881	68.879182	101.612475
185.502398	42.150637	67.361489	101.239490
187.253813	42.433970	64.007047	103.971279
191.514508	46.575860	65.014199	99.643090
191.120150	48.406180	66.243225	101.992333
193.610670	53.997286	66.712775	95.902009
187.974422	60.028179	71.271431	98.205629
180.289837	65.385096	67.849799	101.971410
169.089927	68.774820	66.519670	101.019063
157.209443	65.322054	67.947116	101.297561
145.983187	63.621849	67.280528	100.310230
138.363411	53.487694	67.778891	102.255275
130.779159	47.467497	70.140468	100.073375
129.262024	39.616597	69.064298	103.113857
130.542511	38.000075	65.678320	98.931511
127.623529	40.072788	69.574940	101.603365
133.263861	47.448141	67.023313	100.183966
136.250994	52.888365	71.199093	95.067736
135.712681	59.016249	66.465351	101.234477
135.984243	63.381413	68.114683	102.072844
135.732661	67.144843	67.789924	102.911599
138.044564	65.159593	63.890002	103.128176
138.050311	63.693849	65.914215	100.674941
141.934857	56.809336	66.919402	103.841407
145.184276	55.765597	65.891076	101.736368
147.902561	55.643511	66.556991	99.956108
151.537034	54.873357	66.053213	102.156587
149.160932	56.256255	67.824835	100.271636
152.157461	59.022251	67.410581	99.348529
146.833072	61.255690	68.291587	106.159971
145.968826	66.937086	66.362186	101.835887
146.240783	71.168194	64.348061	102.604931
143.403649	75.216166	67.803953	100.363369
134.690504	71.114135	68.257912	99.211964
126.791746	68.046080	68.175241	101.546922
128.993377	65.475975	66.760410	99.482107
129.960552	58.154920	68.158739	101.467079
126.861796	51.745419	66.051907	105.188032
130.364068	50.829048	65.245624	98.443029
127.639113	46.101048	65.397411	101.840570
128.384900	45.687516	64.714249	98.987140
128.534866	48.617205	66.709397	100.392988
125.187510	51.024421	69.028052	101.544464
125.930919	57.130742	66.065894	101.511705
126.585229	62.376437	65.625491	100.617756
128.420141	65.986143	64.867096	100.703108
129.292024	64.605170	65.364492	99.060713
128.811013	66.024086	67.437616	99.137326
131.781806	64.631545	66.940107	101.080045
134.469292	61.822805	65.827255	99.938055
142.260221	59.419375	65.975759	101.185319
147.396347	54.636268	68.127976	100.020527
149.345809	53.869236	66.857499	96.758350
158.072441	49.341164	68.928245	103.548691
162.501539	51.583431	68.022356	101.075218
166.003974	57.338700	68.388988	101.546664
174.735287	61.812698	68.502623	97.584578
