125.000000	162.000000	74.000000	55.000000
125.780080	161.076784	74.746611	54.221117
126.490605	160.799429	74.664924	54.916288
123.478897	162.074973	74.302466	54.750200
126.767873	162.045681	73.584902	54.647351
126.315085	160.091084	73.019688	55.498970
125.167837	161.731753	74.010998	54.651480
124.597130	162.691347	72.656951	54.842879
123.743816	162.164488	74.937463	55.863093
121.925935	160.277493	74.149623	56.067941
125.143288	161.366435	72.855727	55.308652
124.299056	161.721845	72.935589	54.794481
123.804418	162.060679	75.833288	55.428750
123.961832	162.879468	74.103714	55.392999
123.393635	162.325662	73.288169	54.530639
122.879357	162.051078	74.431827	55.374032
123.906027	161.398148	74.276838	56.843262
124.072448	160.284049	72.297906	55.496356
122.655083	159.316791	75.271334	55.499483
122.505212	161.870478	74.246099	54.697161
123.524867	163.459354	74.607018	54.165522
124.042360	161.632958	75.135096	54.963438
125.693099	160.388068	74.172088	55.885348
125.798263	163.009317	73.795990	55.361387
125.109344	160.878275	73.138502	54.828417
125.912626	159.840323	74.445445	54.706198
124.032715	161.806553	73.475519	54.378089
123.274658	160.742338	74.423298	56.428414
123.415820	160.585132	74.108541	56.247655
123.576233	161.476286	74.822503	54.464195
123.027583	160.433773	74.225530	55.569942
123.317897	159.757105	73.133143	55.596587
124.040962	162.141237	74.856806	55.307402
124.320191	163.490800	73.478646	54.905742
124.770082	161.661382	71.888571	54.666859
126.468343	160.956025	74.037844	55.432588
125.022780	161.304311	73.717975	54.919926
123.479019	161.261657	75.586865	55.519519
123.301579	162.456731	72.536865	54.624532
125.036067	162.374336	72.806366	54.738272
125.068122	161.208528	73.903352	55.667512
124.613017	162.308269	73.897802	56.022767
125.070020	161.847366	73.854316	55.604596
126.134028	161.232670	73.549085	54.829679
124.609888	160.211228	73.356758	55.985482
124.824070	161.373054	73.813847	54.566907
127.875340	159.112474	72.043392	54.815463
125.665386	156.936592	74.006810	56.195548
125.856534	157.986795	73.692459	55.703056
123.542147	157.612327	74.727803	55.448395
122.492341	157.255681	74.489814	55.761715
122.844651	157.810082	74.418975	54.835613
122.471309	159.616950	72.051749	55.271987
121.289843	158.812469	75.449976	54.768348
124.319874	158.825021	73.282551	55.901936
122.526504	158.552037	73.382782	55.318247
123.173174	159.056355	74.763080	54.923179
125.506106	158.534374	73.907650	54.742477
124.603480	158.216633	73.713389	54.721529
124.809716	156.792347	74.320282	55.974134
124.745634	159.525879	73.503014	54.753283
124.163827	158.681098	74.084063	54.493603
123.837360	157.979802	75.110681	54.924282
123.805142	158.045021	73.591534	54.138400
126.874112	159.692833	75.621284	55.592544
127.039212	159.945825	73.521621	55.248402
126.389075	158.939580	74.488133	54.475086
125.149801	158.234988	73.565791	55.545073
123.478751	157.477091	76.116060	55.649393
125.102763	158.059751	75.935268	53.936644
126.568880	158.284104	75.119411	54.829978
128.052692	157.453790	72.185713	55.468134
127.329572	156.117709	72.029997	54.196958
128.402657	155.064489	73.693271	55.037302
126.178917	154.722431	76.057616	54.381009
127.935739	151.909281	75.726201	56.004288
127.362926	153.577543	74.172126	53.850512
128.059787	151.656314	76.190407	54.471302
131.557259	150.925891	73.118106	54.957295
129.509922	149.781413	75.394141	55.603094
130.439601	147.475579	76.006841	54.056965
132.731648	145.783693	73.121025	56.362498
135.180271	146.691271	74.169629	54.929680
132.932322	143.600124	74.057791	54.945421
131.918384	142.347083	74.597431	56.123753
135.409737	141.182733	74.172081	54.328634
135.216262	140.100149	75.464615	54.799400
136.077778	139.066298	72.831722	54.270544
134.700881	137.310196	73.516714	55.215571
134.703723	135.712599	74.755461	54.631285
134.481359	133.944889	73.650388	54.798347
131.414474	132.776899	76.423090	53.417663
134.466472	130.178073	72.552527	54.552243
134.773667	131.335700	73.085342	54.311945
135.827152	129.176049	73.198441	54.966641
138.228887	127.286178	73.047140	55.599851
135.690808	125.747464	75.560151	53.998471
135.849357	126.782157	74.500827	51.980642
136.289657	124.463797	74.007827	54.104890
134.978661	126.516361	72.698927	49.610885
136.275774	122.468464	74.016459	53.298232
136.774588	123.820973	70.758383	50.591150
138.838992	122.862309	68.245896	51.599863
138.166742	117.803852	72.862308	54.860008
136.380659	121.127117	70.552862	50.824421
134.289313	120.737694	74.217959	49.929122
137.038380	121.486999	73.229599	49.004422
141.036753	119.629142	72.674659	51.345265
137.988268	118.543928	64.525280	53.892622
135.522876	116.832033	70.883674	53.605298
135.306155	115.110078	71.025532	53.998578
136.761505	114.422401	72.031440	53.524303
134.777697	116.060162	73.665768	52.919473
133.703514	114.417100	72.783408	54.538465
136.241976	116.076038	74.138913	53.690630
138.170703	116.810771	71.829752	53.071091
136.512484	115.064086	71.222163	55.818863
134.946491	114.160975	71.708213	54.583027
136.209011	113.732759	71.651332	54.492264
135.932777	114.780905	72.757871	52.310274
139.786957	116.246508	71.898424	52.676338
134.743014	113.012508	74.105094	53.182924
138.060043	111.275499	69.083469	51.496712
138.187256	112.858087	70.494375	51.806070
137.537388	113.269341	72.890445	50.825530
139.368922	109.315028	67.430209	55.483858
141.423164	114.449399	70.224164	52.672266
135.069477	113.485072	73.875235	51.776547
137.348587	113.597065	74.616654	50.856192
139.826773	111.570104	69.790765	51.358190
140.635225	111.293612	69.962579	51.750733
139.268337	116.660496	71.769718	48.885697
139.357749	113.783314	68.862267	51.034775
140.254831	113.509236	70.606138	50.300686
139.653510	114.106730	68.856758	49.761482
138.412760	113.355110	72.819231	51.814777
138.058584	112.708426	71.544341	51.410054
137.302672	112.492329	72.099744	53.080764
139.181687	113.243879	71.707962	53.341038
141.455695	115.860517	68.248329	53.389659
138.224766	115.607044	70.460299	52.518030
136.104372	114.640301	75.779080	54.374685
138.703742	114.789443	72.586616	53.284602
134.872694	117.282006	76.122127	52.773554
134.364666	115.419151	74.945965	54.460668
137.036086	117.563974	71.948381	53.268098
136.869256	116.110852	73.657779	53.578766
138.529508	116.017080	73.296079	54.911017
137.453541	115.860321	74.043547	56.177082
137.848021	117.889647	71.237159	54.308895
137.985073	117.299696	74.016686	54.011942
137.064201	116.630787	74.680903	55.890457
138.092289	120.766532	73.712053	54.050709
135.452158	120.262041	74.674649	55.128971
137.017892	120.199940	72.156443	54.679973
135.678949	121.519187	73.123637	54.687467
136.174633	122.898108	73.943457	53.465905
137.969447	123.166177	74.215472	54.826478
135.293307	123.562912	74.493856	53.848199
134.514374	123.047578	74.116910	55.435730
133.760475	126.924153	73.616233	53.989177
132.986652	126.325336	73.647502	55.086079
133.765308	125.165584	73.184728	54.628936
129.760942	127.764713	74.538277	54.827905
135.613896	128.822980	73.963894	54.894062
136.779390	129.402931	72.992540	55.050752
136.460466	130.882028	72.825011	55.781705
131.353303	131.936396	73.191862	55.735266
131.215909	130.842479	75.924741	56.059069
133.533768	134.120017	75.196125	54.404979
137.841220	133.411316	73.327041	55.853501
138.577429	136.517861	73.995107	54.240021
138.829862	136.500243	75.033426	54.801719
133.939950	136.259548	73.897014	55.001497
135.752064	138.289562	73.523493	55.832712
136.414415	139.337187	74.512307	55.649834
136.494726	140.711961	74.601653	55.476566
139.426709	141.059715	73.513430	55.144256
140.060568	139.234600	72.841513	55.994694
137.820924	141.836002	74.599950	55.213963
139.702371	143.020186	74.776149	53.834250
143.029033	142.460891	73.400104	55.739304
140.287950	144.972411	75.002323	54.270481
140.252482	144.014049	75.053414	56.295527
140.176021	145.358867	74.559662	54.400006
137.625894	144.254068	73.318071	55.074958
140.443705	142.820964	73.309610	55.779500
142.895659	142.693141	74.365963	55.628718
144.121256	142.799837	72.273227	55.258581
145.837844	143.346975	73.523767	53.495803
144.842909	142.037585	71.250258	53.666994
145.234810	141.178058	74.258961	51.047295
147.739395	135.611360	74.293384	52.134979
148.921996	115.373957	73.931565	52.439002
137.065429	130.943116	81.076832	53.235049
148.628032	131.170364	70.768504	51.045517
146.470476	121.269656	74.885708	55.068620
145.000000	114.000000	81.000000	58.000000
143.827602	113.199392	82.170215	59.232432
144.660843	112.182779	79.550126	59.161700
145.964709	111.114736	78.813554	57.560695
145.372484	113.077434	79.411089	57.391611
144.962044	113.214950	81.484107	57.925426
143.557039	112.575133	81.185545	57.275188
145.927352	112.949824	79.476697	58.213838
145.917362	115.228303	80.405957	58.425762
145.036356	115.935763	81.127598	58.146901
144.322602	118.440189	81.006698	56.357260
143.855413	115.985077	81.054419	59.212952
144.204899	114.865372	80.780813	58.583693
145.028588	116.404987	79.021353	57.876497
146.275011	114.851799	79.634794	58.084256
144.984635	117.448056	81.389551	57.606834
146.644062	116.777470	78.819560	57.059432
146.097339	116.454587	81.440756	58.827620
148.467964	116.814066	80.060939	56.925474
147.862709	116.046726	80.839544	58.800809
148.576094	116.837182	81.459488	57.381378
149.117422	117.672933	80.826312	57.663997
146.685603	117.629740	79.050607	57.016480
145.427525	117.448758	80.234072	57.532799
145.819444	118.657021	82.382334	56.474674
146.801114	119.544333	79.735147	56.689594
143.140450	117.679479	82.128827	57.731194
143.560448	119.079511	80.130157	57.903636
146.025359	119.458702	80.806346	57.615143
147.452785	120.104830	79.614383	57.348538
145.610195	118.746947	81.665706	57.004994
147.497316	120.511338	80.137443	57.093514
145.778313	121.084334	81.654434	57.623051
148.103612	123.890302	80.845593	55.816249
151.201768	127.266449	81.570307	52.519668
145.020351	129.270234	78.008040	52.089315
145.354265	126.994848	83.637590	53.991938
146.014059	118.266665	78.703633	60.176368
141.310395	124.401217	83.758090	58.780493
141.959036	124.824040	83.080595	57.508357
141.784265	126.131147	81.360863	57.212194
143.925268	123.096747	79.953947	58.434008
141.300458	121.468197	80.955590	57.290309
140.649942	123.989201	81.193076	56.190832
142.540500	123.363645	81.487211	57.438677
142.200407	118.508440	82.158222	58.741685
139.107480	115.008595	83.642953	62.970474
144.239257	115.126378	80.642484	60.612536
143.090145	111.142580	82.885168	59.400847
144.766086	109.527443	79.623497	58.827085
141.457633	113.120690	80.648053	60.437154
144.513102	110.778714	78.496905	57.302626
143.212663	111.538010	80.802025	58.609562
144.187310	114.449792	81.269748	59.770516
145.230215	118.849388	82.192910	58.599815
147.168889	117.256382	77.885595	58.476625
147.267690	117.664252	77.258022	57.342420
144.346738	117.494206	79.118064	57.889345
141.388446	118.639305	84.196388	58.399151
142.859732	118.361736	82.030128	59.120802
142.973140	117.680357	80.600183	58.241161
144.639298	118.146313	80.404359	58.618076
144.577122	121.539228	82.324992	56.961015
143.618388	120.245589	83.670768	57.795256
143.886993	116.342944	81.353801	58.963736
144.777885	117.972005	79.413752	57.637183
142.607882	116.811542	82.047890	59.098840
142.462583	117.654337	83.692063	58.528989
141.055349	117.729879	81.770806	58.954692
143.232105	118.375586	80.285167	58.292466
140.359611	120.467416	81.337884	56.230922
142.584978	117.957469	80.413431	58.472912
143.381841	116.761601	80.071737	59.330228
143.566941	120.276869	79.218190	58.410879
141.160214	121.444889	82.367872	57.079926
144.897710	122.734121	77.799121	56.920801
142.464194	121.778518	79.391593	57.717682
140.613082	121.449092	81.428526	58.471248
141.412552	119.253849	81.137127	58.945126
144.068006	120.947797	79.082290	57.076360
142.496862	121.180695	80.626980	56.994888
140.462544	119.112139	82.834530	59.467204
140.325612	119.556566	82.157907	57.653527
144.233548	117.859954	79.653823	59.537872
140.801221	119.551139	81.813113	57.926487
141.078718	118.249336	81.782380	57.804734
144.491788	118.368692	78.308284	56.008331
140.231521	117.964870	79.841674	56.310711
139.217485	117.419279	79.765814	56.753330
143.208141	117.535911	76.986616	54.745493
140.490084	114.550423	76.319942	58.826414
143.886944	116.492703	72.794079	53.767876
140.864714	116.229023	75.762841	54.816373
141.763105	117.354064	73.892235	53.351538
139.259379	120.046497	79.329358	52.250763
143.595614	111.166037	77.207735	57.798335
146.310242	114.443419	73.186660	49.488605
136.194688	113.895449	81.591804	56.639524
138.419227	112.635221	78.391875	58.186790
135.357789	113.092551	80.278558	58.101091
134.098454	114.331066	80.876343	56.126440
132.888455	113.673628	83.414957	57.265205
136.965065	113.716015	80.038673	57.010708
133.434081	112.318763	81.740962	57.485796
134.500713	113.374128	79.657783	58.107223
135.449758	112.072131	78.451423	57.427688
133.133472	112.880241	80.990938	56.710749
132.716198	114.056595	79.145824	56.270869
131.442070	112.138184	79.963956	56.381995
134.176285	111.964295	79.254640	56.296555
133.062749	113.628112	80.585539	55.153369
131.490622	110.555289	80.045208	58.288256
133.933296	110.056311	80.332325	57.062022
134.655203	110.883006	77.282840	58.437345
134.132756	111.175692	79.939860	55.723965
131.805386	109.751889	81.238844	57.898390
137.554172	111.429854	77.041290	56.034438
135.007646	110.931235	78.668029	55.196668
134.033281	109.196848	80.984376	57.935871
132.565782	111.761932	79.258798	54.885031
134.814699	111.602813	80.788244	57.091148
135.148802	110.565990	79.993923	56.692679
141.391708	110.136700	75.634652	56.912765
137.996462	113.674464	71.178631	53.197291
137.571487	112.433295	76.689740	55.008947
138.142289	113.819151	81.012838	57.362908
140.410612	117.432635	80.323323	55.317726
136.479050	116.935407	79.407878	57.209343
134.406162	116.555071	79.918801	57.103306
138.117034	118.438712	80.461831	56.100275
133.981411	116.551807	82.317519	59.034393
136.332287	119.751980	80.902728	58.864899
133.991971	124.066263	82.898760	54.527767
131.991616	128.893002	79.367214	54.075632
128.115353	131.543608	76.305982	55.702181
127.648268	132.310467	78.691469	56.571431
124.850757	132.880508	78.794893	56.973225
121.720543	138.381429	75.560072	54.544094
124.076242	141.022487	77.572894	56.930811
126.552145	137.814146	81.851074	58.113041
121.123493	142.241878	79.366263	57.539100
119.164046	145.880921	80.649782	57.076755
121.096958	145.780524	78.546187	58.934940
120.085947	144.802199	81.822324	59.834439
116.031740	145.308455	79.228677	58.115358
113.904190	145.159351	80.064135	58.821673
109.257972	146.501640	82.515178	57.648095
107.043396	145.106018	81.207858	56.741299
106.566933	145.453222	79.097331	55.554002
105.591253	143.140681	80.636291	57.788782
102.742290	142.349772	80.371066	55.681156
98.689577	142.950646	79.190298	56.354243
97.297090	140.254806	81.893354	58.034046
99.160602	136.125381	80.307681	60.029914
95.783058	139.462594	84.639903	56.788658
96.160333	140.780119	79.644754	54.738893
89.807963	139.139627	80.550902	57.053994
87.230773	136.373461	77.566875	57.951993
87.136213	135.760819	77.690049	55.919331
80.943212	135.180655	79.789147	56.300493
79.213884	132.336275	78.363014	54.856484
78.015680	128.086735	78.412009	58.483119
74.378299	128.048542	80.370317	56.902443
71.715089	126.735281	78.838765	57.642932
72.914025	124.489456	80.675129	57.290828
70.647992	122.034828	81.158251	58.578993
68.910402	119.915810	82.183246	56.695095
68.166807	118.418460	83.616767	57.595625
70.225422	118.908160	80.706942	57.017073
70.620779	118.744749	81.594290	57.444409
69.406305	116.749498	80.117568	58.193374
69.507823	115.143413	79.534431	58.025865
70.935881	116.832296	78.298741	56.874831
69.855821	115.477834	81.868506	56.697795
70.718423	114.727140	80.313911	56.786932
71.044574	112.455280	77.778954	58.146353
69.625418	112.391820	81.426294	57.896036
71.144733	112.205510	80.521811	57.387331
70.351090	112.555854	79.784216	56.204482
69.771105	111.193534	78.936750	57.716935
69.764158	111.168045	78.916912	56.498956
71.226105	107.648198	79.656915	57.651298
70.857340	106.770458	80.355261	57.415168
72.215649	106.593044	79.612852	59.283247
74.121540	105.739215	77.209002	59.043909
71.109430	105.937259	79.381100	57.438044
74.505050	105.810705	77.685688	57.888769
74.611055	105.129254	79.228871	58.098237
75.340982	104.010037	79.233347	57.427061
79.094800	103.919545	79.534299	58.818114
77.433846	105.886111	81.373017	57.361064
78.934087	104.667036	83.338207	56.502707
82.052703	103.448020	80.834618	58.225820
82.931103	106.060736	80.145766	59.213846
83.165975	106.721009	81.617812	58.387605
88.608025	109.120988	78.678867	57.624222
85.033850	110.204490	81.320682	58.023211
83.561220	109.836121	83.401495	58.284108
87.178922	109.812167	82.479015	57.828880
90.100313	109.004572	81.307723	57.948809
90.899075	110.277798	82.639254	56.978152
91.503615	111.879096	81.624794	56.485073
93.984672	110.899899	81.744204	58.527519
96.436877	111.579226	79.997194	57.503747
93.236841	112.617754	82.925155	57.674075
96.293601	112.422468	80.867248	57.870991
97.421381	111.861612	81.501710	59.040115
96.481282	112.342652	82.007609	57.645176
99.425870	110.842743	79.973340	58.503228
105.192637	114.086142	81.911628	58.062488
106.280013	116.453812	80.060860	57.901540
104.702643	115.318235	79.397360	58.534895
101.755449	113.477200	81.091881	58.154245
101.548617	114.500262	82.322333	56.860288
103.077040	113.018196	80.022057	58.318735
104.665505	111.662848	78.532539	58.631197
104.490562	112.816359	79.496522	58.195272
103.796660	113.139942	80.981912	58.106084
103.264448	112.948048	81.322343	57.220163
101.526112	113.262211	82.589791	56.043509
106.574695	109.859203	78.748482	60.219907
106.921312	96.088658	81.437464	62.120721
107.528906	94.145880	79.821421	56.682532
108.252647	97.111078	80.787708	56.583319
110.684665	96.640747	79.961958	55.687490
109.167360	98.610027	81.509282	58.713228
109.341185	98.826984	80.400216	57.660630
108.012040	97.235869	81.107094	59.369547
112.605559	100.510490	80.670472	56.060016
106.592475	98.688421	81.689884	58.047043
111.221845	100.758111	81.599627	59.624873
109.602467	103.010013	81.230174	57.004882
108.854213	103.428038	81.766908	56.736476
111.747960	103.541322	79.678006	57.746660
113.156626	103.755058	81.476105	58.687837
114.175600	103.424903	80.897343	58.428610
112.743417	103.119360	79.402517	58.210519
111.018560	102.891678	80.713413	58.106208
102.897794	102.224252	81.589540	58.076730
104.892269	102.723451	80.072320	57.898583
104.439469	105.419062	80.938156	57.669438
109.988982	104.208670	81.460620	57.804303
110.867313	103.812637	81.395722	56.201887
110.764279	102.624607	79.517623	58.452821
109.502500	104.107836	82.907622	57.683080
109.953449	104.254142	81.446755	57.442476
113.670988	102.875790	79.271160	57.711508
117.233417	103.012187	81.085413	58.137145
120.537808	103.484014	79.137264	56.942376
121.119016	102.182407	80.624027	58.800005
119.105141	103.836074	80.268695	57.243156
111.486327	102.935728	81.784516	57.008546
107.777217	103.927429	80.363449	58.165341
103.424824	104.079376	82.832756	57.904834
104.122848	102.521274	80.174150	57.675381
105.987396	101.404365	80.423298	58.057666
105.265517	101.197383	81.471724	58.127298
106.675419	99.476582	82.829730	58.755055
109.701466	100.201293	81.900910	58.709210
110.238994	99.774726	81.618459	59.006840
107.131370	100.128604	81.550184	59.167903
107.604581	101.860999	81.162894	58.425825
106.525373	100.686682	80.698154	57.357754
106.694905	100.092908	81.449354	56.393076
106.684266	101.563826	81.776213	57.545480
109.534292	101.887151	81.553270	57.902613
107.358155	102.380953	81.663130	57.954796
105.789781	103.638541	81.577467	57.644430
108.235450	104.124721	80.437799	58.579365
110.153034	104.398307	80.634175	57.604398
109.430927	104.951937	79.727193	57.135043
110.019459	106.314288	80.476213	58.062942
112.451411	104.140838	80.912758	58.231485
109.454960	104.348967	80.810580	56.348451
109.960430	104.079842	80.168790	58.344909
