139.000000	90.000000	45.000000	59.000000
138.896057	88.807906	44.791612	58.516817
139.301423	87.211772	44.263949	58.730694
136.854374	88.016739	44.756108	58.819796
136.032481	86.574251	44.938238	57.749789
135.618348	85.323883	44.942003	59.205815
133.125724	81.294636	45.461569	58.496219
133.773076	80.324443	44.627775	58.279391
132.204765	80.857815	44.187164	58.758070
130.246513	82.900687	44.577523	58.511464
130.430216	84.595298	44.908670	59.714552
128.641854	84.883322	43.808546	58.437355
125.963890	84.005119	44.513381	60.195432
121.513689	85.833949	43.881846	57.893071
118.949543	83.674211	44.032095	57.346272
119.224149	81.402648	44.655811	57.822001
119.587695	83.492891	45.053886	58.693517
122.555391	86.683668	43.901460	58.634840
122.700525	89.323106	45.794636	58.633519
127.153638	91.751744	44.854029	59.011383
130.615670	92.852751	45.452931	59.524564
134.467706	89.944952	45.752394	59.288203
139.786963	86.843942	43.932635	58.498055
142.134007	85.180514	44.929749	58.499947
143.802996	83.031286	45.343977	58.449432
141.910700	83.735219	44.803359	58.678061
141.499785	84.089110	44.683616	58.834486
141.842052	87.434901	44.658075	57.918402
142.183293	88.765758	46.160585	59.724539
145.141812	92.698672	44.842023	57.646909
146.345702	93.270214	44.126143	58.704145
144.950345	94.168860	44.806151	60.048865
147.389508	94.007050	45.321220	59.688756
147.787516	92.473380	44.919635	59.052372
149.120563	90.464518	46.285196	61.019320
150.481409	94.546566	43.767519	61.229561
155.437041	103.079492	46.920392	60.574372
159.955713	106.258918	46.108892	60.274471
166.271594	102.646161	50.702555	68.361581
185.290213	113.597655	46.575529	61.885747
184.397026	132.759096	48.136603	54.669878
122.000000	85.000000	114.000000	128.000000
121.851933	83.693352	114.459256	127.766919
115.322648	83.170911	114.133991	127.963152
111.759047	71.783902	115.899674	130.858276
113.845114	67.751107	115.208624	128.489782
115.568992	68.172012	113.798076	127.786116
110.247600	73.126307	112.353716	128.320821
107.879479	74.575901	111.642564	123.975268
109.184241	74.064936	110.334091	119.896357
114.018222	79.253935	109.496978	117.083144
110.557277	80.986627	106.189688	115.883148
117.197473	78.031626	97.444754	112.015797
113.308599	74.500923	108.622936	123.269041
114.339978	73.908914	103.992432	114.466966
127.035681	88.743928	106.519602	111.239851
126.899446	71.937681	98.497529	117.516290
124.304131	78.469220	106.641902	114.508308
117.890553	65.883165	103.485264	114.439564
117.166499	68.628886	103.641814	111.845075
127.409694	54.851250	106.700165	114.125152
135.993815	55.569803	107.641803	120.327272
148.359404	53.656924	103.062778	117.764213
147.693778	53.109233	113.616094	127.915883
151.135910	53.596777	111.522692	125.209882
150.389774	50.130768	113.768431	129.387123
140.425040	51.778155	112.078291	125.992402
131.319338	50.040914	114.130514	126.550749
126.557676	47.083392	115.600671	127.410765
122.433476	51.480143	111.955306	127.628271
119.653536	53.406353	113.727476	127.925173
124.549166	51.310414	113.074842	128.082158
134.152837	51.206350	110.662417	127.137907
137.562152	53.231303	113.026469	126.738201
144.345150	50.185710	114.757144	126.838872
148.308757	48.410556	113.834898	127.791838
156.557719	50.446924	111.406647	123.830024
161.546961	52.365140	112.866382	127.745245
162.474275	55.323445	114.883570	127.286707
163.958383	59.959765	115.314061	126.904148
163.306727	65.154327	112.310956	127.676765
151.278743	59.490940	117.174741	130.911785
144.844229	59.289876	110.987436	127.504181
132.703120	64.281641	111.374137	128.515054
122.959096	63.493497	114.446958	128.505280
111.190467	62.241941	114.011264	127.621367
97.266040	63.811444	112.045880	126.604130
90.360928	57.440264	112.550048	129.510866
89.293394	54.426112	113.202534	128.911166
90.463757	56.933545	112.152184	123.595538
88.987083	49.301523	112.001013	129.387301
83.562304	47.167505	115.689578	128.101415
78.164554	47.714150	113.383559	123.585961
71.819788	44.314468	113.052680	126.152766
67.859331	45.493258	114.384199	127.525617
65.385008	45.336292	114.620262	129.977442
58.732002	55.223349	113.835308	124.510778
50.193386	56.074539	107.856925	127.969462
41.653491	60.459780	114.483164	126.424964
35.441762	64.036366	112.102479	123.561909
31.271741	62.887907	114.054066	130.081884
30.817811	65.521538	110.649190	128.022173
27.071068	68.089885	114.316277	129.139134
25.869938	69.994224	116.189560	129.975370
27.683259	73.240335	109.498900	130.230540
30.546432	71.803553	118.134696	131.338314
41.788618	70.115574	114.219095	130.461850
44.183210	71.105683	114.742104	138.033315
58.171377	90.870757	113.740566	129.092735
77.911270	115.829554	111.766039	119.613039
84.619951	135.428430	115.089843	103.605385
92.930406	141.551272	115.997548	97.341621
97.389683	137.171943	114.970310	101.823330
100.012529	129.200111	115.418964	109.047010
97.418273	108.509281	111.444147	126.259450
85.411561	96.847204	116.157943	128.218082
82.557654	89.839005	114.408202	127.736623
82.046234	89.136751	115.401624	124.742704
85.380394	80.713323	114.120531	127.781964
88.497103	72.525194	114.010415	128.584397
89.084288	65.058150	113.221788	128.092471
92.307879	57.990152	114.784663	128.068733
94.786954	55.654057	111.447067	128.112034
93.436321	47.793477	115.434950	125.788904
90.046998	37.126981	110.619494	126.764350
86.670916	30.849426	114.096410	128.867389
78.664717	26.169955	113.935563	127.788507
68.385282	25.286404	114.609890	130.011070
62.410723	28.054798	111.721064	126.963259
62.279808	30.143881	111.407514	124.072763
60.533987	31.939794	111.826252	125.609574
58.651943	32.780642	114.196164	125.429301
48.420436	35.070140	116.306179	127.739343
48.846036	40.945273	113.821487	131.285526
51.569502	43.821716	115.156936	127.650837
55.386052	42.494601	112.718410	129.477273
61.222951	47.937654	114.217972	127.999481
62.856321	58.798055	114.619690	125.576324
61.574335	62.047822	115.072771	127.222467
61.843226	65.127474	113.755728	124.822634
71.658466	67.673527	110.762232	127.118882
80.137785	59.454435	117.200908	127.484322
84.369407	57.882703	114.644006	125.320811
89.954678	54.808134	113.035295	125.380213
103.720084	51.776327	113.282557	126.479829
107.627353	51.301440	113.992323	128.238012
105.964812	50.019613	114.492535	128.121791
104.991403	47.666755	113.721489	130.099936
108.279596	54.364514	114.064666	127.443119
105.243255	57.313010	115.883212	127.705494
106.985222	58.406273	116.782204	128.653104
111.678714	61.661057	112.262527	129.689883
116.471390	68.533273	116.281210	126.401205
121.811264	70.719125	112.203573	126.516647
122.554778	74.446706	114.938740	129.370105
123.921606	79.709248	115.204933	128.473367
129.246016	78.775959	113.576030	127.720417
129.911744	77.813227	112.718028	126.071529
128.800552	76.431449	114.046759	126.209194
124.446730	72.881848	112.876028	129.303343
115.715880	67.897556	113.963698	127.285144
112.534404	74.252713	114.538565	124.474849
112.133626	73.710083	114.677609	128.366730
104.561781	73.688739	113.877331	129.167905
98.938468	76.522834	113.753785	128.750359
100.410045	88.412491	116.159491	126.529466
104.515514	80.932870	112.318400	126.364473
98.508946	80.499632	110.886740	124.561197
100.832962	77.446172	109.112302	122.151708
92.088218	72.147874	111.455468	125.118758
101.503500	76.985452	105.524031	113.235646
83.427121	73.886491	114.766404	120.508035
77.966605	75.229410	112.635218	122.954878
70.845183	75.968167	113.206424	124.146609
66.573443	76.906389	115.870915	126.166475
67.536338	79.090944	110.729696	126.136443
64.123984	83.117936	113.381405	124.406090
67.887192	88.276043	111.524053	129.025627
68.272966	99.309990	115.424096	126.740056
73.125095	101.226405	115.893291	125.211367
82.183201	92.114543	115.240558	131.621480
87.782401	90.441781	113.452813	129.503488
87.200446	93.832615	115.186576	125.544416
91.932977	91.044369	112.696735	125.797698
95.774034	86.706649	114.817910	127.662300
102.472987	80.910934	112.117826	126.266849
106.523967	89.182794	105.189400	112.672625
119.853503	88.122720	112.504888	120.862742
125.203005	96.475155	111.516742	108.302322
126.649709	81.069349	112.546842	123.027550
130.982466	70.562886	106.260497	127.238676
125.863516	61.861966	102.129315	123.961432
108.605786	60.456276	106.773649	113.062254
99.017545	54.963016	107.327440	119.737387
96.230814	54.982877	109.726421	120.321942
95.426618	50.028183	108.302486	123.545530
90.523923	51.929356	112.375709	120.100801
88.974382	53.624942	110.902838	122.611145
89.143945	52.717940	112.641558	125.895988
88.277437	49.789836	111.952495	127.925640
87.594852	48.267316	113.553338	127.595595
83.035735	48.804088	115.577564	127.336754
83.436826	55.679835	112.865276	123.853219
88.774302	55.053424	112.604381	127.829218
94.504497	56.267383	112.895020	127.482531
91.828653	59.846550	113.599874	126.322229
92.892278	59.134765	112.906035	126.477184
106.253840	62.966578	108.752391	130.894765
121.575424	74.139607	112.303788	130.077906
145.662779	90.587499	109.635429	122.058991
155.579512	85.129634	114.062637	127.786492
163.613939	82.595025	113.791000	127.733699
181.231259	74.180239	114.098857	124.086371
189.123690	67.155816	113.664984	127.960593
191.103475	61.641495	112.088424	124.396878
186.575311	65.586156	112.423808	125.371925
180.791517	62.211915	111.941283	126.075235
177.974735	65.117494	108.458693	125.255217
168.652587	73.306127	109.290302	122.865432
143.678705	75.604690	115.132479	132.151208
128.043941	83.231021	106.857701	120.567458
117.388912	80.531867	116.745537	126.107062
128.112050	68.659044	113.313586	123.854064
133.831573	61.334153	111.509816	127.509639
137.533833	59.170216	106.842977	120.162059
134.793578	45.573952	114.027467	128.665080
143.122808	51.083193	105.008960	122.881621
142.663798	46.528852	111.798865	128.031582
137.356936	47.045116	116.314205	126.892828
137.242364	43.677551	113.732128	128.430603
135.817029	43.275099	113.639339	131.584428
130.260963	47.530051	114.914445	129.125173
128.387009	51.520053	113.060768	127.353708
126.548537	51.896672	113.512828	127.346098
125.996606	46.451413	113.709121	128.887968
126.650301	48.162139	113.749190	129.128146
127.329921	48.546575	114.173631	129.404368
126.952947	50.981723	115.011732	127.258439
127.323821	56.125387	112.719789	126.579495
127.816950	62.074293	115.031340	128.040023
131.998599	63.342339	114.325809	129.766184
139.466160	64.493619	113.596587	126.135627
142.571071	61.224714	113.866471	127.985829
148.496632	59.607834	116.654932	127.793174
151.499131	62.287584	116.928161	128.157397
154.802915	64.806841	114.533916	127.466494
155.039643	62.984228	115.821944	129.084049
158.582969	59.056893	114.486008	127.610386
158.249738	58.219398	112.607932	127.424452
154.637244	57.390981	116.275132	128.992497
144.252602	54.763906	111.913964	131.085220
133.808818	57.238202	113.929088	127.912111
118.704690	55.053495	112.916635	129.158212
102.287020	57.657473	115.459640	127.685111
94.413547	55.486285	115.011713	124.435862
87.869978	47.416664	115.214492	125.180420
92.492405	42.221138	111.881477	123.916883
93.105135	46.639692	111.539714	124.955231
101.541399	47.075452	110.394204	125.698462
102.616288	55.373532	109.491737	119.529587
92.029662	56.320134	116.130674	121.863396
92.822443	55.567636	113.964569	121.311872
84.398513	53.533609	114.552154	124.451089
85.252993	51.347159	111.286249	125.735831
84.907869	51.919017	116.060258	125.700770
80.121376	50.230634	116.734357	130.756626
76.658740	57.517519	113.027410	126.029170
71.345021	58.250518	113.467998	129.021225
57.441762	60.696705	112.405559	130.209691
45.702497	55.329037	114.800256	129.111692
38.494654	55.463653	113.172723	128.806001
