692.000000	439.000000	24.000000	79.000000
690.222908	437.304665	24.118929	78.429471
688.195534	435.939735	24.273803	80.133744
685.915379	436.091431	24.105854	78.952623
683.136757	434.423183	24.364635	79.121589
680.105729	433.522723	24.618657	80.392256
679.038618	434.128680	24.264707	78.254226
676.488673	431.148558	23.962586	81.060428
671.428663	429.004067	24.043349	82.127947
664.887238	432.555461	24.232628	78.107145
660.541189	432.015560	24.316331	79.597492
660.921957	430.872144	23.430235	80.362185
658.270464	427.759949	24.257418	77.925103
656.698223	426.989512	23.468149	79.880430
653.111882	428.473805	23.776400	78.345859
651.295445	425.205597	24.494787	79.973622
650.756207	427.444912	24.328731	77.339152
649.442357	425.588854	23.856932	80.726060
646.989796	425.195146	24.115663	79.152010
644.701482	424.876049	24.458184	78.083153
639.414948	425.565312	24.322292	79.134498
634.440166	425.227558	23.705636	79.650511
629.224554	426.331774	23.923135	78.498786
623.464723	427.863865	23.590682	78.311607
622.173072	426.143310	23.496591	79.928009
621.466925	422.917692	23.953123	79.586903
618.914937	421.707356	24.294086	79.270231
616.864892	420.493899	23.972239	76.438948
614.547735	418.606649	24.347714	80.595506
613.641546	418.223238	23.592895	79.729657
611.586959	420.619889	23.873187	79.533737
608.751523	420.708075	23.568256	76.236038
606.008172	418.040364	23.983465	79.652493
602.508835	417.796244	23.151506	79.714116
599.030511	416.483506	23.662212	79.644530
595.045835	419.391231	23.935741	78.042037
592.523847	417.265477	23.679000	78.752981
590.363322	413.512434	23.458721	79.605051
588.329511	414.922054	24.322166	78.672332
587.046881	416.300166	23.524646	79.758910
585.505293	415.071384	24.266215	80.313191
583.990490	411.134687	23.918249	79.393966
583.898840	410.007614	23.633300	79.263423
581.846429	410.221509	24.690303	79.939620
580.079200	411.474504	24.147952	77.682620
577.284440	409.282748	24.026325	79.375493
573.960092	410.192551	24.390843	77.954001
569.822232	407.935214	23.908228	80.159628
564.730907	409.306214	23.964595	78.826644
563.730887	410.030233	23.788026	78.111087
561.550641	408.494129	23.990847	75.910560
558.943489	403.917740	24.374020	79.502587
554.621027	408.027637	24.127417	78.046885
550.665802	406.829153	24.356656	78.841274
550.172853	404.972020	24.128176	81.240032
550.216537	403.063331	24.362058	79.617895
548.524456	402.691477	24.525584	77.675918
546.250487	403.125330	23.493638	78.277818
541.718109	401.321185	24.322639	79.503019
537.686976	406.489319	23.448554	79.364919
532.666180	406.469001	24.422362	79.619721
530.155410	404.557791	24.028041	77.902360
529.252876	400.791802	23.687630	78.240823
527.752660	400.784346	24.114652	78.781190
525.960017	399.137148	23.906396	80.094313
523.892487	397.715442	24.270182	78.547011
522.904286	396.428202	23.796029	78.740699
520.551053	397.174668	24.427542	77.779664
519.128861	398.301902	24.077748	78.683179
518.311881	395.695793	24.275852	79.207085
517.768801	395.596815	24.332102	80.147629
514.035875	396.912349	24.362072	77.779698
509.718723	396.689454	23.747614	77.784195
505.696513	397.086207	24.568451	78.490957
500.985118	398.193104	23.522851	79.388029
499.787041	398.706680	22.959472	80.230925
497.437757	398.540234	24.099486	79.450338
496.593198	392.877645	23.951352	78.904006
495.295767	390.428675	23.704203	79.778177
493.320405	389.979348	24.061501	79.560927
491.391497	390.018298	23.764377	79.271869
489.286315	390.072437	23.966743	79.336270
487.151560	391.269977	24.181023	77.339865
485.961429	390.920105	23.504003	78.661290
484.210883	391.033812	24.159332	76.199323
484.889300	385.486951	23.983002	76.132958
482.656895	387.282421	23.777257	77.677285
479.384018	389.013024	24.569679	76.760562
473.821866	388.568364	23.501961	77.822325
470.896642	387.805659	24.092971	79.698913
470.243555	386.733670	23.991454	81.861664
467.861733	385.993370	23.778944	79.760519
466.255083	385.691621	23.710475	78.077994
465.601183	385.708200	24.081998	79.084717
463.513770	384.937085	24.246587	79.292803
461.939673	383.128924	24.206483	79.321235
460.570925	384.690223	23.863021	80.227754
458.614029	383.153195	24.205227	77.773388
454.183427	387.014871	24.106030	77.275836
451.813797	386.288255	23.969131	80.069223
448.957723	388.102435	24.252877	77.670679
446.623016	386.579443	23.972504	78.786750
446.168621	380.608911	24.521152	78.892214
444.281027	379.232550	24.223043	79.573105
442.476015	377.088759	24.157363	80.312559
439.546589	376.780859	23.732165	78.633966
437.044496	377.550548	24.470949	79.934297
437.263334	379.336092	23.882769	77.841493
437.256182	379.368291	24.130646	78.131667
436.712772	375.637316	23.870547	78.991636
434.100124	376.685394	23.964317	77.762869
431.799920	376.456756	23.716408	80.824825
428.988026	378.176875	23.627459	79.729890
425.523511	377.832936	24.054855	77.893874
423.352735	377.017151	23.979414	78.356826
421.820817	377.688111	24.104815	79.657354
419.222982	375.108919	24.158033	78.464121
418.836978	374.043379	23.992805	78.383691
417.755036	374.118041	24.139591	79.856176
416.478214	371.325572	23.782861	79.086595
413.807749	373.548013	24.122321	76.735895
414.222187	372.022818	23.451989	77.847360
412.976067	370.279457	24.151037	79.989961
411.166035	372.011107	24.288274	77.550337
406.640901	375.267688	24.557155	76.941322
403.253044	375.237415	23.408203	79.947434
400.132698	378.610809	24.432414	78.788259
397.758443	375.419830	24.008990	77.920074
397.248567	372.740404	23.511916	78.423919
395.563397	368.678324	23.824765	79.543856
394.061261	367.519048	24.289915	79.733717
392.942079	365.438914	23.873967	81.573175
390.936740	364.458465	24.216195	78.978024
389.777368	367.055515	24.153768	78.827435
388.893722	367.388467	23.837150	78.131857
387.501259	368.995746	23.834120	78.850992
387.237325	368.561897	24.112641	76.793578
385.437599	368.626976	23.942770	77.182482
382.988632	366.088846	24.204865	78.080449
381.278671	366.514333	23.927583	79.260008
379.243650	367.037139	23.688167	77.083532
376.399746	364.476012	23.914086	77.570030
373.451530	364.753117	24.007261	77.743840
370.709254	362.857473	24.370442	79.355674
369.018609	362.721094	24.285781	79.067639
368.139664	363.604003	23.615570	79.208489
366.982968	361.919721	24.217665	78.834395
366.325279	361.434692	24.092034	78.340479
365.867033	362.306259	24.079403	77.329511
366.132592	358.603688	23.910188	76.920394
366.030835	357.043328	23.782476	75.419764
364.124821	353.992758	24.081744	78.644594
359.233128	361.849040	23.442757	77.942984
353.253989	367.684854	23.261964	80.239722
352.426479	363.095518	23.243493	80.919172
350.987388	360.702765	24.042383	76.779753
349.567776	355.070544	24.440044	78.157528
347.324125	354.341576	23.882820	79.196524
345.457188	358.393139	24.444098	79.207101
344.286625	357.198684	23.762791	78.699119
343.927639	357.135791	23.736459	80.288984
342.222518	360.094851	24.025101	77.866936
341.703922	357.268153	23.833317	78.107879
340.922225	355.402030	23.352485	78.254328
339.406679	355.059760	24.766030	79.599954
337.210963	357.338415	23.327077	77.501413
334.890919	355.674428	23.730223	77.776908
332.644099	353.466167	24.017623	80.683746
331.552804	353.455864	23.585833	78.529905
328.567215	353.299256	24.486374	78.748986
326.585134	353.938990	24.088829	77.310732
325.655826	354.420349	23.548163	76.833664
324.368919	353.172948	24.376172	80.263699
325.645617	348.304240	23.689532	78.111592
326.848203	346.161426	23.726346	78.133247
326.796490	346.145156	23.977041	79.559486
325.069399	342.737789	24.075468	79.431591
322.928171	346.532028	23.713486	74.550293
319.008582	349.679974	24.509534	79.304896
310.981238	363.858971	23.644789	79.011204
307.885945	366.198688	22.079545	73.734320
308.855460	350.449605	23.641781	75.634819
308.322360	346.824444	23.969199	79.026257
306.803455	344.303387	24.025226	81.115588
305.258312	343.075505	23.936032	79.752160
303.497447	342.211528	24.202072	79.853092
302.527651	343.755625	24.270588	79.122602
301.785854	340.160095	23.756820	77.241433
299.932292	336.916995	24.133162	78.737028
299.700779	336.647512	23.787320	79.344908
298.254952	340.677797	24.093772	78.686039
295.449255	343.539562	24.376560	77.943374
292.878122	346.412616	24.408879	77.341921
291.022087	349.031296	24.028548	78.644954
289.637955	350.015577	23.960737	78.765613
288.500423	349.155784	22.981549	78.591221
286.794941	346.301652	23.806621	77.616140
285.882116	347.480616	23.978938	78.112263
285.386036	347.002160	24.243954	79.304153
284.932368	342.865155	23.188775	78.181191
283.086664	346.681813	24.275562	78.321931
283.786791	336.489704	23.943108	80.923424
282.250442	338.327160	22.992283	75.704866
278.255151	336.378819	23.558324	75.303451
275.193613	341.164126	23.437978	79.436161
272.551026	350.555798	23.846272	78.383202
269.541657	348.638510	24.020911	78.924926
268.593873	347.062145	24.070170	79.594832
267.835112	346.027168	24.384308	77.883365
266.259646	339.419255	23.949828	78.941427
264.053551	336.182894	24.075588	79.242239
262.541856	337.344140	23.584167	78.885947
261.641469	341.015899	24.177195	79.188670
261.387194	340.549680	23.635350	77.468108
258.691402	337.340638	23.898273	79.324312
257.367373	336.878461	23.794741	78.546091
256.518231	333.897838	23.837631	78.785196
253.827820	337.361762	23.515745	77.154574
252.271349	340.249192	23.145844	77.674402
249.031580	341.151108	23.873101	79.052261
248.208602	342.617535	23.390880	77.990297
246.127358	339.133188	23.552569	80.826649
244.738414	339.729573	23.522990	79.820501
243.161479	338.669784	24.112370	78.904512
242.235817	338.396889	24.131399	79.123367
242.071000	338.775320	23.802437	80.713759
241.461454	337.181129	23.439416	78.132224
238.897528	334.633311	24.999795	76.919305
239.280309	329.493359	23.343086	79.115324
237.261331	333.842141	23.757765	79.661969
232.866113	339.011059	23.603883	79.429708
230.556177	339.592983	23.983233	78.060042
228.966811	338.501152	23.839412	77.862623
227.068728	336.742860	24.353135	78.891672
225.996484	336.059902	23.873070	77.274646
224.687399	329.861330	23.750670	78.887469
223.402581	330.780896	23.501019	79.061089
222.271089	330.434759	23.925486	79.594467
220.183618	331.798842	24.180576	78.734510
220.579652	330.160019	23.589333	78.222152
219.276679	329.469564	23.276678	76.114093
217.414418	330.487605	23.521873	81.850809
215.532722	335.668201	23.363203	78.847578
212.365353	343.276551	24.102039	78.441437
210.137286	341.903609	23.296050	79.784600
208.488372	342.286526	23.873037	78.760754
207.890505	344.313800	24.207804	78.461320
207.083367	342.390592	23.358545	78.550651
205.403606	338.357449	24.182839	79.442699
203.923841	340.033388	23.949796	79.647147
203.249627	341.815148	23.969538	77.770815
202.111001	339.514030	24.222246	72.478249
202.103560	336.586338	23.920589	76.920342
201.950120	334.643147	22.981506	79.137187
197.742168	334.365116	24.126269	78.946077
197.481307	333.689375	22.858482	76.664563
194.526948	332.977081	23.761282	79.281761
192.768202	333.323222	24.345925	79.809772
191.510587	334.074417	24.003436	78.257249
190.017222	334.626216	24.366806	78.389191
188.494607	329.277482	24.364790	78.007419
186.697348	324.542492	23.691085	78.350096
186.763886	320.122166	23.649531	78.331782
185.186038	323.244747	23.411962	79.845089
184.710309	329.008194	22.884794	77.330076
183.351803	327.247370	24.297925	78.448551
183.932299	321.590998	23.378595	79.955536
182.718918	324.136620	24.006773	78.651193
179.810298	330.268461	24.513839	76.386381
177.758853	331.022741	24.128435	77.042424
175.254866	330.078158	24.641403	79.904081
173.618599	332.111041	23.364788	79.421445
172.820230	331.348516	23.465984	76.943711
170.838490	331.912983	23.707432	77.453536
170.638647	326.586789	23.482126	78.824457
169.034798	327.285867	23.505704	79.842232
168.387996	330.027491	23.942325	74.985792
166.539887	334.254624	25.124223	73.381325
166.158322	309.038941	22.314851	78.665490
161.902744	301.841938	22.359030	76.456371
157.339415	297.056378	24.491920	79.883331
157.700617	296.439677	24.386067	82.216594
158.252317	304.362746	23.604803	79.689483
157.117819	320.363786	23.853422	76.955097
155.698129	326.481702	24.404759	79.785950
154.153284	328.535998	24.013987	79.779166
152.883299	326.609845	24.132427	78.903822
151.347267	320.826593	24.240412	76.868752
149.529973	311.802695	23.627574	78.851899
149.117198	319.805813	23.781699	80.385091
148.246482	321.255032	23.312005	80.084441
147.610761	320.323604	23.792755	76.436319
146.008653	319.235361	23.923791	76.699930
144.274484	322.169691	23.740920	78.536492
142.079664	327.456171	24.081361	79.018491
141.070880	327.269841	23.668837	79.361572
139.352546	329.740129	24.333665	75.990360
138.785099	325.772270	23.857121	79.926405
137.682835	323.821664	23.549691	80.419544
136.588507	321.972589	23.730806	76.670820
135.639857	321.572117	24.294138	78.306527
134.537016	322.467063	23.801092	80.603238
133.244694	324.188988	24.181882	76.389615
132.853615	323.779026	24.035966	78.947010
133.096258	323.032724	21.832393	72.048811
131.899121	321.558299	23.339148	76.661032
129.778018	333.249545	25.308623	74.796171
130.534097	314.137830	21.923057	78.897908
127.333559	322.548916	24.277649	76.753546
125.635610	323.386639	24.000256	78.894727
124.309028	321.758268	24.019417	79.493363
123.349966	320.194873	23.822928	79.282675
121.208927	320.921525	24.359740	79.487367
120.197162	319.363241	24.186924	77.917298
118.847347	313.858178	24.312951	78.015479
117.571657	310.864097	24.207660	80.546160
116.230335	311.060146	24.419195	79.465975
115.667146	314.480490	24.038769	78.861568
114.856800	313.985112	23.975182	78.926624
113.782313	315.100729	23.970078	79.150700
113.587195	317.928723	23.660847	78.941070
112.762569	317.180312	23.719481	78.383838
110.742947	314.253179	24.016182	77.283617
109.899971	313.014101	23.888847	79.122783
107.420938	312.740194	24.088423	78.921238
107.269161	313.900977	23.998557	78.459357
106.328075	311.054563	24.457229	78.672364
105.242261	309.548100	23.775092	79.699194
104.396525	315.524564	24.166855	76.792933
104.037126	314.329260	23.820443	76.794426
103.058883	311.436516	23.981121	78.447411
102.585938	310.544181	23.619944	79.695403
101.640037	311.519154	24.290515	77.800793
100.293889	312.048465	24.100033	80.076134
98.591974	314.494445	24.035114	79.689674
98.280036	316.609816	23.399664	77.722445
96.940168	317.289494	23.743309	78.890908
95.726994	319.465351	23.977589	76.986638
94.542348	315.379678	24.406634	79.642889
92.631755	312.024010	23.955866	79.114853
91.756317	307.638719	23.711664	78.591733
90.956399	304.711376	24.211502	79.755454
90.024002	305.255854	24.045100	80.297111
89.190169	306.528897	23.863567	81.819935
88.303519	310.536184	23.756487	77.951666
87.663073	308.853392	23.645857	77.389607
85.885898	307.715157	23.943156	78.788846
85.407315	310.248953	23.065825	79.426017
84.529350	311.596106	24.052914	79.128925
83.688046	309.978501	23.726960	79.434186
82.215794	312.463911	23.575152	78.088894
81.381008	310.894273	23.692723	78.100633
80.354366	307.875749	23.905120	78.856304
79.383842	305.216719	23.880619	77.554050
79.142483	304.994175	23.657623	78.028315
76.887767	306.928218	24.032171	75.484610
76.928635	308.279652	24.012410	76.936520
76.915851	307.525899	23.928750	77.351294
76.037448	306.461810	23.674759	78.621311
75.615072	307.072560	23.751551	79.301175
74.487423	308.813706	23.665579	78.057170
73.253313	307.997559	24.118538	78.772165
72.819711	306.849827	23.789168	79.248432
72.953826	307.563142	23.328176	79.714320
70.364675	308.332499	23.716826	79.541285
68.290211	308.080578	24.210538	78.612385
67.183127	303.652666	23.855984	79.383521
66.769113	302.596756	24.059153	78.649420
64.861055	298.711487	24.313626	78.785495
64.438734	299.625192	23.210168	77.881694
63.452574	298.764325	23.590693	78.111617
63.210952	299.477760	24.249788	78.388980
62.597086	302.348247	23.957201	78.565253
61.502734	302.068169	23.876836	80.675154
61.031986	304.859720	24.209573	78.976571
60.469925	306.265438	23.860142	76.940984
59.444387	307.446795	23.623902	79.008700
57.634156	301.431691	23.350130	81.560475
55.986721	301.614832	23.611743	76.699007
54.870438	302.881076	23.807961	76.481371
54.561674	301.405536	23.601486	77.515422
53.850591	300.464071	23.841032	78.362825
53.702288	302.230860	23.832028	79.814036
52.058468	303.506321	24.290060	76.738366
52.448236	303.037528	24.103955	79.911655
51.680895	300.600422	24.319645	77.824964
50.025767	301.046152	23.582312	78.840596
49.582379	301.274503	23.508545	79.211051
48.256329	301.914997	24.391167	79.210737
47.654854	306.040166	24.080191	78.764206
47.482892	304.498688	24.400675	78.857826
46.607367	303.453090	23.712293	79.181755
44.429161	303.265614	24.112383	80.277933
43.481902	301.453634	23.397951	79.819638
41.275392	298.635339	23.614189	77.932366
40.651868	291.771428	23.885592	81.074055
40.485923	293.497473	23.869083	81.373997
39.822767	296.650738	24.176270	79.465382
40.202657	297.807823	23.380861	79.855963
39.842422	298.534309	23.520964	80.727381
38.070767	301.166736	24.104441	79.991180
37.841746	301.132267	23.762893	78.860262
36.993872	300.181566	23.973549	77.543249
35.460578	298.023212	23.828749	76.848611
33.962060	296.313164	24.756186	79.255388
34.151424	296.492741	24.229238	76.873528
32.923328	296.379877	24.202601	78.926064
31.708966	294.502038	23.621908	77.776137
31.392673	294.344147	23.553478	77.738276
31.478642	297.056201	23.922887	78.084935
30.352776	295.170421	23.808696	78.100849
30.068579	298.110749	24.261358	77.359752
