213.000000	121.000000	21.000000	95.000000
213.019717	118.906313	20.845025	96.138725
212.221817	119.388421	20.917065	95.267006
210.163189	114.716745	21.632829	94.399394
208.135025	113.201539	20.683448	93.697330
207.693633	115.054955	21.020109	96.624930
209.201034	112.346434	20.061473	92.025652
208.520069	111.148311	21.318034	96.538220
208.713402	110.817183	21.176425	93.416768
208.475358	109.079391	21.304694	95.396030
210.856725	109.189042	20.781418	93.829116
213.322334	109.612459	21.115548	94.189453
216.559135	108.545592	21.537218	97.534450
219.340502	107.973076	20.702468	93.292735
219.804758	108.707349	21.220269	95.066920
216.582874	111.154823	21.691117	94.851288
215.125629	108.223109	20.972001	96.092930
215.297154	106.965489	20.889183	96.505700
213.792160	107.258971	20.708674	94.498676
211.902533	104.920983	21.022077	93.711606
212.868362	103.434875	21.331637	95.953005
213.377433	103.483413	20.869241	95.443594
213.876309	103.118153	20.945002	96.959350
215.392892	102.891973	20.797616	94.997386
218.310958	102.325753	20.507643	94.901480
219.482275	101.498879	20.938774	95.575607
218.696451	99.925181	20.699394	92.562387
218.135069	100.913085	20.482158	93.113798
218.236988	99.634061	21.096373	92.991452
218.967771	97.073595	20.794350	93.700679
218.637170	97.327425	20.760464	95.999105
218.736038	96.591765	20.386844	95.548049
219.891482	97.761277	20.953170	94.272577
220.964618	99.277719	21.056404	93.311733
222.373993	97.769101	21.852273	95.107087
223.840884	98.929286	21.188457	93.270410
223.847659	98.591274	21.452344	95.236555
223.855849	96.794073	21.096286	94.170917
223.311526	94.953675	21.195122	99.186928
224.111839	96.589223	21.292238	92.587873
224.521304	97.766485	21.309325	90.023468
222.626450	98.472686	20.634327	93.648930
221.589182	101.787344	21.037016	92.450082
222.755214	104.632872	20.963277	91.313719
223.767204	105.852425	20.428473	94.947192
225.020411	108.135659	20.740762	95.306462
224.436811	110.332848	20.995398	96.071355
223.602208	109.368844	20.613897	97.587960
222.324147	109.359536	20.114558	96.076839
219.525115	111.479857	21.395823	91.211356
216.983171	109.963292	20.859658	94.686299
211.636634	108.076236	22.208764	93.849476
207.999701	106.821722	21.326925	93.372420
203.356574	104.238224	20.433622	94.793355
198.820349	104.174200	20.790506	94.391743
197.781593	102.871664	21.419307	93.628360
197.316780	102.183135	21.272298	91.663829
197.877525	103.058875	21.020904	94.784207
198.911130	105.120347	20.679092	93.117671
201.259396	104.973244	20.984593	94.692327
202.711556	106.394993	21.436238	94.921214
203.923704	106.811209	20.650993	92.239206
205.142062	111.382658	20.523990	92.444494
205.395582	111.049338	21.170950	91.342738
206.638984	107.999324	21.565884	93.845050
203.469132	109.342915	22.664057	95.434613
202.341848	112.370562	19.589845	85.809637
203.037236	111.361463	21.054041	91.754219
206.241370	109.689957	20.390600	94.627949
209.888717	108.211926	21.065422	96.413803
220.095632	114.024980	21.145371	85.479572
221.433271	109.464546	21.306540	90.349379
224.498571	102.022215	20.837692	92.363205
226.032516	100.465008	20.805056	93.503309
222.514536	104.784670	21.422029	90.947439
216.503162	99.271995	20.741586	91.985572
209.347005	100.299330	20.994627	93.091290
203.409909	100.829794	21.110160	92.578629
201.369061	105.169211	19.069311	73.669040
197.081716	100.529043	22.318193	96.540583
196.063199	94.459785	21.024907	94.488108
196.361686	85.273119	21.263191	94.671597
199.827899	78.495836	21.158276	93.422623
204.706687	73.876802	20.926659	97.131743
205.776143	73.596377	21.404166	95.505361
204.474972	69.536267	21.185256	90.591278
206.403598	69.982591	20.931037	94.025616
206.530450	71.007053	21.036558	90.007840
206.433450	70.672924	21.071001	94.955741
205.849289	79.254574	21.780057	90.131214
205.166469	84.671829	20.945381	95.463400
205.671301	93.196878	19.757664	94.580385
206.096762	95.974581	20.609647	90.781121
208.750949	99.444746	19.998320	92.313500
205.088303	108.506851	21.085885	91.030426
206.773949	105.573591	20.457287	93.956754
209.885622	109.955238	19.989930	93.148455
210.498838	114.162543	20.636974	92.617656
208.207045	119.855284	21.347634	90.862659
205.546201	123.437639	21.317638	93.339881
204.814553	126.427114	20.890953	93.334114
204.438688	129.606373	20.935613	94.756513
204.982509	130.728027	20.874978	95.534111
206.615489	129.645145	20.914573	94.178547
207.798588	128.420159	20.821694	92.575221
207.577270	127.927250	21.165224	94.631281
207.284876	126.149736	20.724695	96.641835
207.006032	124.445802	21.063609	96.515938
206.719381	124.086115	20.863125	94.398360
207.640826	121.389078	21.105598	96.372036
208.652742	117.081898	21.009785	95.473199
208.223674	119.940862	21.177396	91.439496
208.413294	113.425849	21.034838	96.622690
207.735408	112.880655	20.674894	93.944271
206.947605	108.620337	20.717788	98.329505
207.531056	110.939692	20.725501	95.025477
209.726616	112.504234	20.697262	94.406198
210.638318	108.823627	20.702534	96.086015
212.155159	113.554699	20.320417	89.702674
212.891900	116.381534	19.548137	85.064276
212.166515	117.436350	20.635272	93.770156
211.463594	119.281858	20.988997	98.255500
210.681831	117.903128	21.648276	93.797698
212.714114	117.295343	20.758439	92.135358
213.999344	118.128680	21.224644	94.312001
216.058655	118.630694	20.984809	95.176207
217.768001	119.489959	21.314716	94.416438
219.398588	116.317436	20.153137	97.401396
221.232939	116.391633	21.226240	96.600006
220.733852	117.626898	21.330779	93.994917
222.785346	119.078823	21.111493	94.900788
224.747740	118.531498	21.234640	94.815122
226.097622	122.182957	21.116506	96.577776
226.773837	123.036834	21.044542	94.921890
229.576300	121.747815	21.533195	96.020039
230.511150	121.836257	21.235775	92.916932
230.586805	124.084303	20.543758	90.848980
230.793071	125.472418	20.998643	95.809329
232.435893	124.269355	20.883143	95.997155
233.524461	122.723047	21.571973	92.798428
233.215746	120.852624	21.867779	93.190832
232.713076	119.717223	21.396504	95.335797
234.116438	118.692731	21.000809	93.475724
234.869708	119.768050	20.451876	94.364162
236.941190	117.759570	21.357328	95.849263
238.525258	117.110626	21.038167	93.961362
238.312077	116.011756	20.571805	94.759622
236.771135	117.419947	20.874762	94.008624
235.848236	116.235945	20.896048	96.300480
235.353940	114.696666	20.978149	93.923245
234.595518	114.660439	20.913081	94.430768
234.142530	108.763936	20.598575	95.519584
234.488689	104.141693	21.224230	95.463558
234.671534	104.215610	20.992886	95.399325
234.894148	103.655983	20.545837	95.567459
234.617226	105.016219	21.227587	94.217001
234.020370	106.364350	21.122089	93.471777
233.909640	104.514426	21.034791	95.508620
233.501792	108.056554	20.898009	94.023300
232.786082	107.520472	21.796918	94.987804
234.010308	104.945748	21.094185	95.286688
235.770161	104.865925	21.062803	94.108146
238.250022	101.305004	20.992576	97.013040
239.428752	102.795098	20.837917	94.408479
239.662207	104.353025	21.084514	95.770535
239.559501	101.658841	21.070780	93.213658
239.250461	100.442448	21.211015	93.904444
239.584108	103.089330	20.841675	94.362264
239.023382	105.967594	20.674152	92.803586
238.410861	103.586784	21.184681	93.813676
237.160146	104.876230	21.205420	95.724772
234.349561	104.410935	21.650565	92.945393
231.992748	104.997576	21.136274	92.850636
229.690780	101.765104	20.800372	94.664496
228.142870	100.999591	21.465396	97.838648
227.461877	101.066233	21.157518	94.186765
227.840400	99.967367	20.836092	93.807600
225.527035	98.695754	21.382212	94.301535
223.294976	99.156162	20.719157	94.480599
221.472571	100.956015	20.741364	95.134619
222.163661	99.733601	20.911614	95.558756
222.221743	99.153634	21.012517	95.085067
219.654561	97.160413	20.595859	95.131652
217.149078	97.682005	20.860354	95.135982
215.678298	98.641230	21.021387	95.940911
216.692266	99.567362	20.769056	94.324299
218.669072	98.746599	20.820802	93.945238
220.186541	96.115369	20.895495	92.472648
220.195950	95.872129	20.706392	93.748592
218.354150	98.148174	20.756228	96.594322
219.174858	102.629109	20.914883	94.642131
217.548924	101.209421	21.043516	95.751999
216.710513	102.853831	21.352748	94.971335
216.532334	104.022725	21.028199	98.196011
217.003495	105.050465	21.208114	95.557091
217.954016	107.036356	20.759932	92.094205
217.601191	103.419017	20.939930	93.780412
217.016826	102.193712	21.513721	92.051467
218.294896	102.421414	21.456632	91.055474
218.659578	98.144307	20.838279	94.699457
218.885880	102.544430	21.229347	96.036135
217.143060	103.366264	20.780352	91.965332
215.687276	103.956401	20.559487	95.875618
213.720200	103.272605	20.910259	97.765115
212.771637	103.649186	20.539964	96.658610
210.677692	105.643921	21.236199	96.424774
209.898949	107.295438	20.962652	93.856370
209.394079	108.008320	21.326711	94.487951
210.014932	105.725127	21.106947	95.729461
209.883460	104.873779	21.025624	95.051479
208.667227	108.446482	20.865234	94.034587
208.925326	111.489719	21.348877	95.400723
210.073606	117.556376	19.966031	94.513655
209.843829	119.913276	21.479291	97.407700
210.464402	125.174494	21.055293	93.701172
210.266827	129.583781	20.758795	90.416502
210.501222	130.771722	20.551152	94.591525
209.146918	131.220583	20.982845	95.267480
208.611777	133.625272	21.127919	96.059836
208.857529	133.883640	21.121406	96.490049
208.536110	134.542661	20.834449	96.025122
209.703339	132.855217	20.887138	93.399933
210.227453	132.446584	20.785474	95.782402
210.031416	131.669992	21.095730	96.055623
209.818433	135.254556	20.624003	93.941714
208.012169	136.160485	20.929875	95.959131
209.180846	135.615585	20.776776	95.433740
209.633750	131.921530	21.196362	93.599289
209.913976	131.351049	20.646795	95.792461
208.724305	132.629972	21.734306	94.530059
208.786494	134.423613	20.956890	93.861406
207.332576	136.100586	21.042180	94.531085
205.955079	131.751627	20.931259	94.592113
203.907573	130.002334	20.817848	93.535161
201.953737	129.746664	21.131122	96.436959
200.425396	128.389366	21.200883	94.421252
197.786908	128.024622	20.734827	93.720599
196.416340	131.225089	21.156287	92.650015
194.903939	132.142906	20.922432	97.183068
194.938565	132.451293	21.049543	95.304690
194.775609	134.870272	20.938385	92.929600
193.959258	130.272263	21.413529	94.654833
195.218766	129.219473	21.187368	95.779588
196.874027	131.848876	20.830475	94.816622
198.790957	132.535571	21.273312	94.350822
202.199319	129.619908	21.296531	97.446634
206.404356	126.919477	21.057712	93.840706
209.138310	129.471969	20.546893	92.968417
210.450707	128.170937	20.879428	96.143267
212.306596	129.795154	20.908492	95.415420
215.362464	126.460373	20.884824	94.749820
216.761065	126.523042	20.914659	96.157847
217.050606	126.867559	20.945890	93.665711
216.370169	126.136279	20.724599	93.337750
215.193684	123.470902	20.669167	96.153506
215.474511	120.208014	21.178176	96.070123
216.412536	117.646693	21.247113	94.983529
217.535636	114.267319	20.786120	95.921861
218.282201	113.979278	21.048646	95.091921
217.470152	113.299035	21.891873	97.000341
216.144559	116.011743	21.367079	94.166633
213.983251	118.083373	21.090063	93.813068
212.630019	116.149544	21.203768	94.148745
211.391151	115.441162	21.264349	96.427997
210.798836	114.898195	21.067751	94.200532
209.343677	116.339232	20.867997	91.555514
207.579973	117.794620	20.925830	92.384486
206.635276	120.268690	21.062125	95.157997
205.963375	120.144100	21.067185	94.074917
206.075592	115.862767	20.776072	96.295409
205.665152	115.378913	20.820708	94.540558
205.825688	116.308048	21.453112	94.771833
204.886247	116.853229	20.641574	93.216082
204.397579	117.289942	20.668275	96.087098
203.295126	119.105844	21.079927	92.343788
200.178326	116.606929	20.983850	93.643110
198.106525	115.505817	20.997197	94.636403
195.051171	113.602703	21.567093	96.124037
194.531279	111.851814	20.549950	92.916312
192.277081	111.581469	20.778954	94.073645
190.431902	111.443620	21.110916	94.481003
189.025950	111.302029	21.177969	95.465829
189.166852	107.114356	20.847601	93.697975
188.069491	107.137750	20.719449	93.801181
185.531536	105.655295	20.893672	93.220665
183.059474	102.456425	21.280928	94.293336
182.061739	103.667072	20.737365	92.499246
181.220670	102.310574	20.658154	96.298761
179.985066	99.890174	20.084204	97.046596
176.491938	103.737004	21.349547	93.272689
173.766615	103.703425	20.732332	91.700251
172.004758	100.632007	21.832476	97.228360
172.728118	99.753673	20.672709	95.413271
172.048715	92.385375	21.011932	94.515871
172.356858	89.270139	20.944934	94.427045
172.426058	87.511750	20.793640	92.248703
171.940709	86.877434	20.670188	95.068855
171.425507	87.588248	20.365121	93.735907
169.861514	84.699431	20.601948	92.969631
167.471187	87.910449	21.049728	93.609673
165.128818	87.419764	21.276132	94.731676
161.912571	88.221212	21.265523	93.856846
160.305620	83.741675	21.311817	94.973588
159.426381	84.611961	21.174182	94.875994
159.035853	81.722893	20.611211	93.053681
158.613015	80.257317	21.126169	93.778212
157.723872	77.502980	21.349735	95.678558
157.383451	83.234085	20.960777	93.924055
155.351540	84.590926	20.526457	94.688114
152.756512	84.518197	21.089000	93.190701
151.242090	84.918166	20.906863	94.856618
148.545011	88.140472	20.952165	94.769192
146.822486	88.643220	21.444525	94.810495
146.709491	90.363563	20.685440	93.801880
146.369745	87.028574	21.355678	95.444986
145.801321	86.285361	21.086759	94.968688
145.094053	86.454174	21.015282	93.914894
144.295598	85.911704	20.989131	93.217104
144.137735	84.986856	20.965229	94.844828
143.454222	84.985125	21.054479	94.355351
142.547371	84.995305	21.470786	96.179144
143.480825	88.657874	21.085044	92.761664
143.828333	85.363861	20.073452	94.077920
140.907269	88.073333	20.968354	94.726653
139.534836	85.242860	21.298938	94.154910
138.646706	85.603255	20.879656	94.179992
138.934222	86.243650	21.448017	93.109495
139.824908	86.394494	21.119947	92.971096
139.829786	85.802453	20.703572	92.532114
140.258288	84.849689	20.961938	94.844445
140.515967	82.718960	21.106557	95.422814
141.093876	86.508218	21.000693	92.701258
140.072003	89.250144	21.116408	93.740832
140.757346	91.588821	21.059867	92.799932
141.732163	95.041969	21.244811	94.854615
143.049268	101.960970	20.974399	91.729068
143.964532	103.575439	21.302482	96.010477
145.244724	105.899978	21.171617	94.361927
149.950013	107.376819	20.921284	96.037178
158.505648	109.314275	20.808000	91.209602
169.599012	105.268230	20.986230	91.734059
173.895110	100.797740	21.615395	95.706987
175.015448	99.059122	21.115651	93.584185
174.896068	99.102597	21.350986	97.798331
173.642663	100.052891	21.287613	97.112640
170.918776	98.680002	20.634841	96.514553
166.988166	99.632672	20.943520	95.462578
161.926664	102.894083	21.232109	94.633567
158.416219	105.011670	20.731456	93.564038
156.658172	101.961837	20.782565	93.910397
154.238697	100.225879	21.407598	97.012260
153.804434	101.901014	20.928509	94.048778
153.366746	102.340117	20.998444	92.489389
152.922760	101.863799	20.726586	95.458116
151.975107	101.422560	21.012607	94.464991
150.584584	99.247324	21.035264	92.712780
147.728804	101.377500	21.157503	92.949105
145.507795	102.321482	21.070110	94.834769
143.816208	102.048494	20.503257	95.733712
143.614148	102.127679	21.007931	93.224663
142.450647	101.486066	21.109012	92.726709
140.695969	99.749285	20.810903	95.264715
140.529092	97.476225	20.767851	93.755410
143.417310	93.605215	21.392414	95.015548
145.013824	90.247036	21.068257	94.814090
144.697887	89.611521	20.746517	95.375351
146.380555	91.503847	20.378232	91.967164
151.393676	91.005792	20.458232	94.375557
158.986134	91.674210	20.941446	93.921450
161.935492	95.070978	21.467582	92.760373
162.047181	97.433474	22.336964	92.402363
164.692748	100.298934	22.614786	89.501354
165.974806	102.920924	21.292222	91.287604
166.482916	105.815643	20.661356	92.139698
165.897525	109.102253	21.234213	92.037225
165.863113	112.812580	21.021445	93.379966
165.962010	111.361820	21.762508	94.478791
168.161370	114.129356	21.457030	93.386452
169.174085	115.270670	21.128242	89.841907
168.173828	114.419486	21.311854	87.654815
166.025150	119.119448	21.976676	90.135931
163.254832	116.972492	20.612863	93.169177
160.046221	120.175978	20.576096	93.557988
157.466221	122.841377	21.582582	88.959822
155.614012	121.444730	21.330834	94.909775
156.065060	116.968569	21.111734	92.991944
157.106397	114.393176	20.553912	96.708616
157.406375	104.989759	21.277444	93.898520
157.311936	101.923241	21.251059	93.234444
158.302987	98.518550	21.515939	93.680980
161.446139	91.811823	21.069620	92.092522
163.310787	86.186044	21.045076	97.658627
166.594630	82.819338	22.218246	95.901043
171.675813	83.446592	20.299754	94.562978
172.268528	81.079213	21.916036	93.598856
172.889687	80.652796	21.081258	91.808653
173.774578	83.328583	20.864608	94.423792
173.859107	84.543875	21.321326	93.791464
172.920404	84.462337	20.913112	96.433012
170.561720	89.734672	20.990487	96.891813
166.914869	92.508218	20.933163	94.492125
162.507857	96.447163	20.426546	94.285848
159.251530	98.680155	21.199261	96.189046
155.008136	102.661274	21.175647	94.531518
150.736832	107.806459	20.968329	96.474891
146.722711	111.265553	21.384212	93.295814
143.212432	115.877108	21.100904	95.137726
140.759764	119.948402	21.003736	93.699084
139.589170	121.158248	20.776516	95.794164
139.709911	122.223009	20.737306	95.652763
141.867583	120.844352	20.930311	96.170653
146.137134	116.836241	21.029267	95.872021
150.872420	114.843162	21.058137	93.913891
152.265426	112.417102	21.348618	94.002132
152.938915	111.007217	20.932815	95.836878
153.368649	110.770496	21.603647	93.987084
156.508280	105.379929	21.039169	95.545881
158.857792	100.829177	21.083345	94.828025
160.293974	99.792872	20.828111	94.803351
160.913579	98.717705	21.054618	94.646447
160.538464	97.930411	20.864739	95.529650
162.325969	94.428974	20.901050	96.706171
163.230991	93.632825	20.369900	94.393797
163.847409	90.206072	20.952143	94.387310
164.818598	86.485340	20.787265	96.514454
164.371332	88.002160	21.002740	95.651301
162.289357	88.370404	20.801384	93.486503
160.540733	87.903212	20.999868	94.021552
158.415852	88.920131	21.224096	95.147741
156.863104	90.370839	20.986232	93.543948
155.730077	90.687404	20.840986	94.999580
153.713460	89.725123	21.207111	94.016174
152.082305	87.661335	20.936776	96.872060
149.712509	91.324707	21.321981	93.572240
147.175643	89.065299	21.530491	95.489946
146.292515	88.965350	20.912563	94.385442
145.111897	89.210140	20.855377	94.879682
145.664206	85.641067	21.306704	94.266945
147.748490	85.623091	20.536692	93.424188
146.333955	84.798339	20.954282	95.949483
146.074559	80.608191	20.834150	94.429652
147.393007	76.502987	20.572213	94.369219
147.912840	74.293214	20.840518	94.601086
149.063133	74.470454	20.990293	94.616062
149.334745	72.926429	21.065999	97.764167
150.902511	71.945432	21.136601	95.300770
152.777244	72.726607	21.285435	95.742231
154.741382	73.144242	21.336551	95.415305
158.606562	72.387396	20.871635	92.735219
164.083228	73.696668	20.892355	93.796341
166.784806	74.825118	21.352464	97.122874
166.953779	85.204919	21.103467	94.042853
166.981323	88.739667	21.129268	93.648611
167.839659	92.469056	21.195219	94.234154
167.368660	96.862355	20.989183	94.560387
167.069380	98.313982	20.823510	94.261805
166.552947	101.904001	21.357889	93.148164
165.051265	102.138116	21.668202	92.335657
166.603558	100.947756	20.447555	94.544598
166.919638	102.953593	21.014123	95.407383
166.860929	102.130488	20.912412	95.210867
167.890698	101.741700	21.274431	95.640444
167.232431	102.238873	21.407885	93.914101
166.830540	105.685247	20.833256	96.402486
165.569671	109.353713	20.893907	94.517605
162.092309	110.158161	20.250088	93.599961
158.462363	111.271820	20.655293	95.936093
156.499556	113.398898	20.934549	96.513652
154.750958	113.974112	21.119431	95.976175
155.695073	112.873970	20.927951	94.777012
156.845452	113.495311	21.033703	94.633652
155.554403	114.035427	21.197699	93.027082
154.797996	114.613511	20.771655	94.738352
153.375280	116.207975	20.730128	92.359807
153.803868	112.343250	21.102662	94.493523
154.000422	111.145983	20.995396	96.736760
154.579221	115.088458	20.668631	94.699145
156.218852	116.265433	21.131522	91.950388
157.110214	115.760803	20.801834	95.544753
155.650274	114.878973	21.314219	93.322921
155.185815	110.895312	20.742131	94.208035
155.253006	109.826370	21.152076	95.701134
155.266793	107.242839	20.831069	92.944856
155.727119	105.781937	21.232887	94.061084
156.614911	103.166013	21.517407	94.265267
157.178957	100.114985	20.812802	95.628411
157.067784	99.787557	20.844248	94.920173
156.952226	95.239736	20.638935	97.008778
160.155311	93.386093	21.228964	95.469545
164.908298	91.697607	20.896283	95.190355
167.510513	88.783985	21.119659	96.687883
166.532520	89.691645	20.667575	93.178858
165.887748	87.506806	20.942468	95.121479
167.134472	85.532089	20.745364	95.505802
167.940781	85.305621	20.779553	94.202954
168.979109	81.820189	20.930434	96.867851
169.188704	87.727304	21.069460	91.780347
168.720196	84.228910	20.899768	96.211593
169.336565	85.066255	20.850830	94.318968
169.672486	84.279529	21.068509	95.476446
167.177390	85.853781	20.870110	94.333277
164.542150	85.206144	20.819083	94.899166
164.756892	83.584689	21.541963	94.871266
168.235137	81.234189	20.691663	95.422312
168.315572	83.372068	21.221069	94.564845
168.541675	82.058081	20.638502	92.588288
168.596531	82.722969	20.999200	95.890473
169.060055	83.726925	20.847107	93.734921
168.800871	80.671094	20.978208	95.320751
168.126110	77.156345	20.973930	95.900464
167.423590	79.432518	20.926782	94.247854
165.984808	80.541931	21.067297	97.231280
164.189199	83.121405	20.628534	92.827762
161.572166	82.008752	21.042183	93.154737
157.944177	82.226714	20.807194	94.719958
153.920351	81.021970	21.160990	94.175761
151.396546	82.508954	20.765714	93.296149
148.250274	80.102412	20.630400	95.092802
144.832567	79.799200	21.456257	96.371801
143.609564	80.507969	20.923837	93.189574
141.996378	78.223447	21.054719	94.783709
140.391737	78.444233	21.058666	95.498080
138.672892	79.761691	21.084242	94.172124
136.971555	76.638146	21.243437	96.363073
136.767728	78.442516	20.709246	94.525520
135.972840	80.318497	20.521753	94.248522
133.199418	78.413604	21.149553	94.783735
132.251241	75.637816	20.595894	94.793971
131.781046	73.555460	21.156815	95.385091
131.714461	75.634418	20.997614	95.139068
131.653197	77.890054	21.260874	94.006109
132.857779	79.064367	20.507790	92.551891
133.536119	80.905028	21.229292	94.682462
135.878053	84.362601	20.709895	94.776473
138.295606	91.886517	20.855276	96.260996
141.794102	96.217085	20.660232	96.457864
144.174848	99.882880	20.747120	95.804363
147.277310	108.006598	20.687129	93.620304
151.746082	111.264374	20.947768	93.101380
155.981115	108.928498	20.758582	95.606910
156.791369	112.709908	20.938232	93.861642
157.836543	112.468090	20.549935	95.331184
156.747158	108.770656	21.263728	96.154307
154.503820	104.475522	20.998821	94.460515
153.467535	101.273105	20.634508	94.822094
154.448713	97.643003	20.770254	93.776116
154.358163	90.281654	21.272679	95.547121
153.564027	87.279956	20.961720	94.949172
152.243253	84.978458	21.031440	94.210488
151.215424	81.137160	20.628245	95.270550
150.315950	81.144031	20.920244	93.219020
149.591570	80.648089	21.308035	94.590774
148.956606	80.643490	20.565958	94.021758
144.435765	81.693510	21.731225	90.901869
139.116296	79.241226	20.908862	95.961019
134.204556	77.670624	20.576802	94.330165
131.400741	74.347090	21.077619	95.119208
129.149831	71.475915	20.656478	94.302128
127.108152	68.840750	21.876375	94.488152
131.436874	63.290892	20.571640	86.926096
134.596371	50.344401	21.851425	90.524859
130.996668	37.118600	21.091591	93.938307
118.847256	0.004112	19.693061	82.071643
142.256415	4.405074	19.494996	90.401427
245.000000	13.000000	32.000000	150.000000
235.118139	8.151445	32.987113	145.930936
228.291187	14.388932	31.025576	148.335625
235.511877	0.000000	29.580792	140.886335
249.500633	17.921433	32.001050	147.918613
258.036590	15.130796	32.386566	145.021745
259.211954	20.179564	32.640899	149.702014
258.374502	22.821901	31.446427	151.471228
250.551926	27.718173	32.545988	145.379686
248.566674	36.091395	30.624340	147.356301
253.763332	42.419914	31.843812	151.804084
254.155203	43.541548	31.829151	150.187000
246.753595	52.811635	30.218680	152.414600
234.451669	72.983273	30.763764	148.545625
216.816149	83.791991	32.086302	155.268070
200.460092	95.920237	31.520245	149.878498
191.466750	93.229860	32.335512	150.927237
187.963070	89.699037	32.901335	151.693621
185.623274	95.378654	32.257950	147.576548
181.598928	91.172022	31.474146	149.551755
182.701390	90.816122	32.077321	150.053815
186.001128	91.601785	32.218858	149.130951
188.583011	81.890984	32.469987	152.158335
191.670287	66.856328	31.603192	151.261884
195.602852	64.826181	32.242712	153.839423
200.693963	72.157208	31.874308	153.688637
201.031105	72.432536	32.503833	148.962434
201.359605	70.945355	31.159100	148.139788
199.317827	74.122501	31.180135	150.236250
195.276714	81.832946	32.042115	148.424528
192.195293	85.699383	31.849927	146.340358
193.262527	88.787178	32.421980	146.365155
193.684233	86.751190	32.249751	154.374215
